x,y,index
-1.2013295438700693,1.7745159036490463,33
-1.2989609524904489,1.8127904925516947,33
-1.258262047783421,1.8293991444119224,33
-1.258316060700153,1.9393302488086577,33
-1.1713193627577048,1.744154249136297,33
-1.1822547313037475,1.7189817849058595,33
-1.1282374480695354,1.6338760785981885,33
-1.2156187038979238,1.6555496769458016,33
-1.2216520952764,1.7117278790076083,33
-1.0760098209132274,1.5166796838820484,33
-2.977856029045784,0.5668697827856742,80
-2.9778568839848294,0.5668657806404214,80
-3.065505725606244,0.6749577864734451,80
-3.065495563363965,0.6749862054456692,80
-0.9909133313019454,1.3495219274717383,33
-0.8550911408259547,1.2557531909702069,33
-0.9909133313019449,1.349521927471738,33
-0.8550911408259492,1.2557531909702047,33
0.256865044790287,2.291821493121248,15
0.06508650677345437,2.066560093427166,15
0.20337031955417048,2.353381842526555,15
0.2652809342354472,2.3711464763633336,15
0.2344964871585819,2.0999494675459776,15
0.25238595879364767,2.108824216302345,15
0.13892406772102278,1.84732734717561,15
0.04412700147951871,1.877558503946543,15
0.07052918221018607,1.9124231917233234,15
-0.18414486154915047,1.4717616202454424,15
-2.5141112389086095,-0.4563980325787912,80
-2.5141112298977055,-0.45639805868012273,80
-1.7672196154004969,2.5446128753944066,25
-1.7607077210181055,2.4988590990595863,25
-1.7981059100117351,2.5809933841325656,25
-1.790174056361292,2.64144991657252,25
-1.7605927471525102,2.5030916806137284,25
-1.7366883576108814,2.628896502396992,25
-1.758318736674737,2.542060527112568,25
-1.8192606555439768,2.5788396460277005,25
-1.7783421263017543,2.5812753380055313,25
-1.7704288638723282,2.4446187109154143,25
-3.1935575546196775,1.2847124497585192,84
-3.1935575546196877,1.2847124497584934,84
-3.205028745505581,1.3762164143523803,84
-3.20502874550444,1.3762164143547155,84
-1.7229927589605152,2.2524381670294766,25
-1.6822031924073966,2.2104499069742256,25
-1.722992758960512,2.252438167029475,25
-1.6822031924073957,2.210449906974227,25
-0.7842736092575014,2.729848159034615,18
-0.9038635708761827,2.6861492563813436,18
-0.9204861570458611,2.8203836576124854,18
-0.7633856691351999,2.764357845159527,18
-0.8697924635069724,2.602830115979131,18
-0.8861579830182934,2.7566835679143282,18
-0.7907938594645548,2.7722637842196223,18
-0.9726843185106404,2.8456872195278518,18
-0.8632255691356355,2.745073238954155,18
-0.9917138454016876,2.6270036275795876,18
-2.799462351162116,0.6332525407072653,83
-2.7994623511621177,0.6332525407072516,83
-0.658725203973084,2.398780048826571,31
-0.7229914243213189,2.336774126263398,31
-0.6680965468097387,2.4954840794230235,31
-0.5232506833677995,2.544874544013278,31
-0.78441330441297,2.2750615125539944,31
-0.6842302229392582,2.099849385472214,31
-0.7241140919395888,2.1044156616159797,31
-0.8849132469505454,2.0056496907720547,31
-0.750855194860679,2.130489507725484,31
-0.8691403445194912,1.8341013468816367,31
-2.9636544170601455,0.7193813767581542,78
-2.9636544238994564,0.7193813502142007,78
-2.934074042190652,0.8124196164553926,78
-2.9340740423439136,0.8124196158592084,78
-0.6419602515353193,1.529921898184758,31
-0.49174466225331254,1.439686947880201,31
-0.6419602515353188,1.5299218981847558,31
-0.49174466225330404,1.4396869478801981,31
0.7550454233709285,2.5309737496106632,17
0.6086277876052152,2.4525421931462814,17
0.7103817443551125,2.5543660328537285,17
0.7270268713467896,2.4753084140708093,17
0.590261047079708,2.3435397946618663,17
0.6562773518332093,2.2034598276568484,17
0.6163983144367344,2.2566512934371916,17
0.6225815492387582,2.347531427407807,17
0.5960607457942056,2.199189363228592,17
0.3862347946602932,2.1281465530718693,17
-2.6972942940147457,-0.2965726005672581,77
-2.697294291486134,-0.29657260777264405,77
-1.22814670523148,2.7310475535364667,24
-1.2331026589362872,2.6538221025416138,24
-1.2640195620570698,2.7778173581663546,24
-1.1823429023703338,2.745100094862154,24
-1.2953551180576852,2.548134529630549,24
-1.2496800476686465,2.6484426317199574,24
-1.229418717087379,2.5799721875146755,24
-1.3168479099570554,2.630359935650105,24
-1.2469103503400358,2.567355246977996,24
-1.3711558109666706,2.4291793650074887,24
-3.3532445756934512,1.2405564174047714,88
-3.3532445758182137,1.2405564171368424,88
-3.284778765498537,1.3338013098814645,88
-3.2847787654584355,1.333801309962273,88
-1.1721293732160563,2.136446996331006,24
-1.0910947475368016,2.044158349461463,24
-1.172129373216058,2.136446996331004,24
-1.0910947475368016,2.044158349461463,24
-0.02120322617380287,2.8426067703997147,17
-0.10512306435079243,2.8355241714393395,17
-0.03435832453392007,2.932897458055137,17
0.007959559890809254,2.8838358559792914,17
-0.1584193298086773,2.65249307319506,17
-0.14950358132251576,2.8141994145637237,17
-0.10266530063947997,2.8114086317872404,17
-0.18080270940000442,2.8888871257754625,17
-0.14120501486978868,2.800544035027471,17
-0.3370724591019471,2.632807285037335,17
-2.988096933186397,0.6433007240933242,87
-2.988096926892105,0.6433007489129848,87
0.7845810004830941,-1.4729701607614276,47
0.7513942936185427,-1.4972565431418912,47
0.765610769318224,-1.4754534125550012,47
0.9481168589058451,-1.4902176800940226,47
0.6621349188652076,-1.9128030563056002,47
0.788386969658503,-1.526502065498511,47
0.6422448509392895,-1.7105207307380552,47
0.708867997677582,-1.6448474889553582,47
0.7440918461955071,-1.6107970187722334,47
0.5727687195529123,-1.9977767623960474,47
3.905180584315899,-0.6271822155185722,38
3.9051805843169496,-0.6271822155126195,38
3.905698462187996,-0.6770471561128059,38
3.90569824151452,-0.6770484121553996,38
0.7141170410262982,-1.6600760570283557,47
0.7306893271844992,-1.8266324759707868,47
0.7141152186798394,-1.6600777100705482,47
0.7306893270070226,-1.826632476150521,47
-1.5218452408261745,-2.6481530021702615,70
-1.5477364453667242,-2.6531586663565006,70
-1.5647971117349548,-2.700498799463379,70
-1.5128818781208975,-2.622228812216564,70
-1.5218452408261978,-2.648153002170256,70
-1.5477364453666052,-2.6531586663565614,70
-1.564797111732563,-2.7004987994647474,70
-1.512881878120911,-2.622228812216556,70
1.165356840430053,0.3493669885137585,37
1.155324050159044,0.31641099721344035,37
1.160708123936195,0.30064314406277204,37
1.1841540600577993,0.38354021013759665,37
1.1544566116104336,0.2869167038210356,37
1.1634154282535243,0.3411219283288768,37
1.108061848951562,0.35569565100748657,37
1.0811198458428246,0.27399299531037713,37
1.0719527934846667,0.401720872909847,37
1.0599187382823132,0.22997062479415006,37
-1.2411332386930067,-2.5401335838247188,70
-1.4785419144161929,-2.694384415023619,70
-1.4897199626687518,-2.7054104230127467,70
-1.530948265420861,-2.6883426896814644,70
-1.4429826291014038,-2.7299665840534266,70
-1.2411332386930063,-2.540133583824719,70
-1.4785419144161989,-2.694384415023616,70
-1.4897199626688287,-2.705410423012701,70
-1.5309482654208968,-2.6883426896814484,70
-1.4429826291013723,-2.7299665840534426,70
-1.2847397435587675,-2.8365985327753633,70
-1.5528541221017964,-2.8189786243076322,70
-1.4246149469255525,-2.7884190011375947,70
-1.4266394556231652,-2.7852947970732447,70
-1.4156782547399822,-2.837428653839802,70
-1.2847397435587666,-2.8365985327753633,70
-1.5528541276472412,-2.8189786210330734,70
-1.4246149469255565,-2.788419001137593,70
-1.4266394556231645,-2.7852947970732425,70
-1.4156782547399844,-2.837428653839803,70
0.9905296393142675,0.20661083749847403,37
1.0170056436091288,0.21371061833568858,37
1.0044019171347813,0.18088711712807376,37
1.0050352614261084,0.1698553375712102,37
0.9835221996880814,0.17376503332353427,37
1.0835976477746085,0.09189000052117634,37
1.091696026527056,0.1725083750598317,37
1.1156428630109712,0.21864696372184994,37
1.0839682383871747,0.10987986096816046,37
1.0689850934217036,0.09747258256411168,37
0.9905296393142682,0.20661083749847392,37
1.0170056436091297,0.2137106183356884,37
1.0044019171347813,0.18088711712807357,37
1.0050352614261078,0.16985533757121035,37
0.9835221996880824,0.17376503332353357,37
1.0835976477746072,0.09189000052117605,37
1.0916960265270559,0.17250837505983208,37
1.1156428630109712,0.21864696372184994,37
1.0839682383871743,0.10987986096816046,37
1.068985093421704,0.09747258256411173,37
-1.2487538525030208,-2.992078120501747,69
-1.2775267604151757,-2.954306201504177,69
-1.3152241590208722,-2.996463715620716,69
-1.251644288563286,-2.9595208548419096,69
-1.2487538525030215,-2.9920781205017453,69
-1.277526760415177,-2.9543062015041754,69
-1.3152241590208722,-2.996463715620716,69
-1.2516442885632864,-2.9595208548419096,69
1.9357142872432294,0.17684144021214576,19
1.8462119240582457,0.1362516196853854,19
1.8954183747253015,0.08983769936327855,19
1.9311211888505526,0.2174140900865569,19
1.8049340979352846,0.10174553824079349,19
1.9340277288101124,0.09515120387808365,19
1.9196130957934887,0.07124424533921574,19
1.8385631328192928,0.02413731753463665,19
1.867457846776658,0.08105656737406929,19
1.791584006233688,-0.03474280419710925,19
-1.1088707306942611,-2.7813188734456045,69
-1.2659820353209228,-3.0190366648622473,69
-1.2640877101739476,-2.947374139187287,69
-1.2985352235178325,-2.99558029976862,69
-1.209463050977373,-2.92534738457112,69
-1.1088707306942602,-2.7813188734456054,69
-1.2659820353209228,-3.0190366648622473,69
-1.2640877101739472,-2.9473741391872856,69
-1.2985352235178336,-2.995580299768622,69
-1.2094630509773752,-2.925347384571122,69
-2.322361274104903,-1.9387858335399109,76
-2.4342272904724713,-1.990209490955568,76
-2.371310665442674,-1.9560962771866282,76
-2.4097249739971596,-1.9417594894362913,76
-2.3223626368172816,-1.9387843209964803,76
-2.4342273214249,-1.9902094591868713,76
-2.3713108151184543,-1.95609610693253,76
-2.4097235692082952,-1.9417610871690234,76
-0.027632873472405024,1.9131499807536176,29
-0.10099754390580368,1.9527135355536478,29
-0.11739931820048828,1.9201417171815043,29
-0.16084144862804814,2.075541189623757,29
-0.1807524095289289,1.7870439038437513,29
0.1284028554050924,2.1134305296213443,29
0.005162627663187487,2.120528559279641,29
0.012216067846498533,1.9053882087087164,29
-0.06896693470662993,2.204309489094475,29
-0.1026195347020434,1.9136936003912257,29
-1.8596297197769245,-1.8656392526894092,76
-2.2580777367804568,-2.0292689478102988,76
-2.494389084109126,-1.9838958277083523,76
-2.2857110393096467,-1.9246562925394148,76
-2.386591928524386,-2.0433790255232114,76
-1.8596297197089315,-1.8656392527359078,76
-2.2580777364442106,-2.029268948145491,76
-2.4943890762240546,-1.983895835793306,76
-2.2857110406498244,-1.9246562910866325,76
-2.3865918685882592,-2.0433790824270908,76
-2.0578359716133647,-1.9541511599800447,76
-2.4859861711932516,-2.0522128923806617,76
-2.578460033587907,-2.0609458007281756,76
-2.32150727765013,-2.0176986963846377,76
-2.4211632176248363,-2.0813447597528523,76
-2.0578359723835695,-1.9541511594014145,76
-2.485986162989865,-2.0522128999108005,76
-2.5784381613262575,-2.0609642605096603,76
-2.321507293652603,-2.0176986806829817,76
-2.4211632706965474,-2.081344710132111,76
-0.15301663795721304,1.6548356000993378,29
-0.043582980305550294,1.6072290280358514,29
-0.14018217233346614,1.653793903748935,29
-0.1038226999838481,1.5944867731912677,29
-0.11474389442853108,1.5347187529421795,29
-0.059097072519825114,1.624974515396247,29
-0.1662427658210318,1.8259835213749747,29
-0.00012181013018827039,1.7534297373547267,29
-0.051389719939606046,1.478837577898919,29
-0.06512637844480232,1.3936738076624848,29
-0.15301663789518458,1.654835600116778,29
-0.04358298030426845,1.607229028036131,29
-0.1401821723311673,1.6537939037495153,29
-0.1038226997599049,1.5944867732346704,29
-0.11474389442857011,1.5347187529421704,29
-0.05909707328659965,1.6249745151694677,29
-0.16624277243560273,1.8259835208963664,29
-0.00012180931834074183,1.753429737508745,29
-0.05138971993994253,1.4788375778989626,29
-0.06512637844586648,1.3936738076629718,29
-1.6504472192035065,-2.654218805677876,75
-2.095638048728283,-2.5158757780574534,75
-2.079174660660121,-2.521778761529633,75
-1.9696630400113366,-2.5836595312591997,75
-1.6504601279757454,-2.654211884882481,75
-2.095638034914531,-2.515875788662286,75
-2.0791746679557574,-2.521778756092245,75
-1.9696596566859024,-2.5836619764399553,75
1.2245777567441627,2.110603763852172,23
1.1951316764205373,2.2851090834423116,23
1.2028777876256453,2.215985416733653,23
1.202597972436545,2.2620138561919934,23
1.1283080543662185,2.0467148140392917,23
1.3357669235016352,2.3636773517655936,23
1.2395531548734444,2.396868535597572,23
1.2754977714629048,2.4000944884771513,23
1.2406780854384043,2.375340738226286,23
1.1726081363793472,2.3036426559615935,23
-1.4721533268164013,-2.467793160964023,75
-1.5654429363102473,-2.812378971871829,75
-2.07277153065798,-2.5177877695867195,75
-1.7086674799203145,-2.6774567991508937,75
-1.581322296204119,-2.6895714654574703,75
-1.472149836549711,-2.467795494333798,75
-1.555036335949806,-2.818406227787068,75
-2.072771416616012,-2.517787854494937,75
-1.713641002845309,-2.67465846445793,75
-1.5767448225087928,-2.6922361482965984,75
-1.291837751275321,-2.2296111974644153,72
-1.322321064212782,-2.328960218316483,72
-1.3424459058327578,-2.3242781682426656,72
-1.3013201938214924,-2.2945627367586785,72
-1.29183775127532,-2.2296111974644175,72
-1.3223210642127805,-2.328960218316484,72
-1.3424459058327574,-2.324278168242664,72
-1.3013201938214924,-2.294562736758677,72
1.659800925519231,1.1577929534985345,35
1.6625416312544852,0.9505269769806326,35
1.6828805432255645,1.098865341359468,35
1.7516129049484153,1.2409188813037682,35
1.5208352023060978,0.7472574247005267,35
1.571663673681084,0.8814933992620108,35
1.576478667522614,0.8718465207035212,35
1.5309982533008635,0.7704970050281876,35
1.5935601698305306,0.9191291717454378,35
1.3649636207929379,0.6083838356968472,35
-1.0968302277688282,-2.268334601635035,72
-1.3015159478502547,-2.358217877909394,72
-1.3045384066916295,-2.3508112547655275,72
-1.349352963037915,-2.351963835983296,72
-1.272334660121106,-2.4104779810679506,72
-1.0968302277688273,-2.268334601635035,72
-1.301515947850255,-2.3582178779093943,72
-1.3045384066916297,-2.350811254765528,72
-1.349352963037915,-2.3519638359832973,72
-1.2723346601211045,-2.4104779810679506,72
-1.1318974578046175,-2.3087668629950233,72
-1.353727824403001,-2.333665886452677,72
-1.2740410215516782,-2.3363314802200024,72
-1.2764598928730986,-2.3851536419441994,72
-1.253422387642022,-2.391022775093081,72
-1.1318974578046177,-2.308766862995023,72
-1.353727824403001,-2.3336658864526756,72
-1.2740410215516789,-2.3363314802200015,72
-1.276459892873098,-2.385153641944201,72
-1.2534223876420212,-2.391022775093082,72
1.4082284918223953,0.6374941410551409,35
1.4884797502312253,0.5753159473049818,35
1.3595274587196424,0.5269633205303919,35
1.2822854531119292,0.43165568773932594,35
1.386661576729095,0.537615928195921,35
1.4465165954637726,0.3228316239308116,35
1.630412974433761,0.6948078843832547,35
1.6685032100663928,0.6850755487197284,35
1.3780970349473693,0.4732594231267063,35
1.341653317778356,0.2909159578896862,35
1.4082284918223955,0.6374941410551423,35
1.488479750231227,0.5753159473049764,35
1.359527458719646,0.5269633205303907,35
1.2822854531119299,0.43165568773932583,35
1.386661576729095,0.537615928195921,35
1.446516595463789,0.32283162393076287,35
1.6304129744333238,0.6948078843856971,35
1.6685032100657884,0.6850755487222342,35
1.3780970349473678,0.4732594231267112,35
1.3416533177783576,0.2909159578896847,35
-1.1115793746755496,-2.683753802192297,71
-1.1224669648962509,-2.7231920858925256,71
-1.1405645960538857,-2.778056260513898,71
-1.1155558246824417,-2.7241610887882084,71
-1.1115793746755496,-2.6837538021922955,71
-1.1224669648962509,-2.7231920858925256,71
-1.1405645960538855,-2.778056260513898,71
-1.1155558246824404,-2.7241610887882066,71
2.545611287038952,0.8521862954904563,20
2.3437801099115516,0.7524817951996119,20
2.4751848167345636,0.726773334062472,20
2.5424553454284493,1.030764412801498,20
2.2072238443156187,0.6127147907107385,20
2.5642270152233246,0.7052161130394177,20
2.3204053384124723,0.6485571995229255,20
2.379853151974653,0.5482928303605786,20
2.352883892866182,0.6512481757486972,20
2.1244390471364905,0.4436336840133224,20
-0.9497471053419981,-2.6434460200799315,71
-1.1284542022324568,-2.7789952008961967,71
-1.1177833883177837,-2.6829220840990784,71
-1.1262120047666349,-2.7734704406097013,71
-1.077391149336844,-2.7837359861216417,71
-0.9497471053419988,-2.6434460200799297,71
-1.1284542022324575,-2.7789952008961976,71
-1.1177833883177832,-2.6829220840990793,71
-1.1262120047666346,-2.7734704406097035,71
-1.077391149336844,-2.7837359861216413,71
-1.9100105648929107,-1.886278138240326,74
-1.977921680049568,-1.9218762173132378,74
-1.9927747769395612,-1.897448621831958,74
-1.94426827646641,-1.8959445514106636,74
-1.9100105648896095,-1.8862781382424767,74
-1.9779216800484556,-1.9218762173139767,74
-1.992774776933571,-1.8974486218361524,74
-1.9442682764774872,-1.895944551403288,74
0.7806843616222819,2.4206802570788417,27
0.7193892582742388,2.2294225646325194,27
0.7424626698750351,2.308798299126854,27
0.8123737227022846,2.339758680094427,27
0.4529318187280638,1.8464495647032295,27
0.7767639618164451,2.3311273695186454,27
0.6700869319139924,2.191291915127627,27
0.6262263586454926,2.23909516628739,27
0.6396716254563637,2.1799004919082656,27
0.39716946098138545,1.8899446620159424,27
-1.5607465342068434,-2.0188709164950907,74
-1.9437619671929454,-2.0066975253021204,74
-2.00314039994974,-1.9647390205534385,74
-1.9588450287640438,-1.9296461585685116,74
-1.9838690247633939,-2.0475376496048305,74
-1.5607465003595526,-2.0188709435891283,74
-1.9437619672110293,-2.0066975252918926,74
-2.0031403999483035,-1.9647390205543567,74
-1.9588450287611998,-1.9296461585703286,74
-1.9838690247303243,-2.047537649623857,74
-1.688709284931007,-1.9682262966450799,74
-2.1910892792568437,-2.0679201911917082,74
-2.1445902572549307,-2.047679141120643,74
-2.1381427998923477,-2.053150717448125,74
-2.097867460272102,-2.0708212905786327,74
-1.6887092848521579,-1.968226296705998,74
-2.1910892792584296,-2.0679201911902902,74
-2.14459025727313,-2.047679141105671,74
-2.138142799890876,-2.0531507174493417,74
-2.097867460270238,-2.070821290580092,74
0.3982090355593224,1.7637847569166012,27
0.4581819178069559,1.620078214604899,27
0.3728477290264115,1.7003077921645326,27
0.3401594756528276,1.4133183652737664,27
0.34394390938386926,1.6251446594242576,27
0.42783536650632115,1.506511356529441,27
0.5108245149879935,2.0457422330814086,27
0.5106963197353318,1.7908704647750644,27
0.3700307714748216,1.6010910314511875,27
0.28705271259673976,1.215018839476729,27
0.3982090355592965,1.7637847569165923,27
0.4581819178069556,1.6200782146049,27
0.37284772902641833,1.700307792164532,27
0.34015947565282784,1.413318365273768,27
0.34394390938386865,1.625144659424258,27
0.4278353665063215,1.506511356529439,27
0.5108245173928554,2.0457422338082996,27
0.5106963197341458,1.7908704647746252,27
0.37003077147482094,1.6010910314511861,27
0.28705271259673976,1.2150188394767292,27
-1.3941160869489322,-2.6303778290880437,73
-1.4307292529990219,-2.6428985287973408,73
-1.4422807666624482,-2.748929436902463,73
-1.4287481914025477,-2.6669472165455526,73
-1.3941160031527313,-2.6303778869360293,73
-1.4307284335007928,-2.642899096085683,73
-1.4422776600777927,-2.748931171973017,73
-1.4287465789450515,-2.6669483523488693,73
1.5336159582332043,2.6006425152404984,23
1.4909077216010016,2.688674766766934,23
1.5200102862232314,2.650816618738193,23
1.5638267746139645,2.674705124812268,23
1.407615788848179,2.479872738232616,23
1.5822427557166432,2.624252580955619,23
1.5179108001281405,2.653069305944731,23
1.5050833027189572,2.6610613376293877,23
1.5196244972052138,2.617283694801513,23
1.368918722186092,2.5551673442795906,23
-1.2306343473305632,-2.647879288731633,73
-1.3740658795796257,-2.7460169769043796,73
-1.4243165835870546,-2.5834614918785404,73
-1.414191895773251,-2.6927559308127833,73
-1.3625510181869127,-2.718468775018898,73
-1.230634347330186,-2.6478792887318656,73
-1.3740658792682285,-2.746016977105308,73
-1.424316747242864,-2.5834613822823176,73
-1.414191745775633,-2.6927560354539057,73
-1.3625510181516987,-2.718468775043135,73
3.4988226252444976,-0.9525929754589003,39
3.5897278952165035,-1.0799796747408434,39
3.571075656161357,-1.042900802074852,39
3.5368983719964247,-1.0325363097899138,39
3.4988226252445007,-0.9525929754588988,39
3.5897278952159817,-1.0799796747427626,39
3.5710756560789547,-1.0429008023926516,39
3.5368983719969656,-1.0325363097879734,39
1.431747886108041,-1.864290446035813,48
1.4175370762691148,-1.6920176642596898,48
1.4709802731288164,-1.7348781596867298,48
1.5596145608750789,-1.7077264931168472,48
1.4154542952856688,-2.094520386081436,48
1.4087257854980162,-1.8396310732654138,48
1.3416947045106569,-1.8113813260115632,48
1.4104679537893283,-1.775103922965565,48
1.459299801889081,-1.790859880205286,48
1.2069394478750277,-2.1718472909299207,48
3.6427838700845205,-0.9463262812784463,39
3.5825515345862957,-0.8834784607963159,39
3.634516995937999,-1.045651554400284,39
3.6058003264882235,-0.9719060640481926,39
3.599441944348054,-0.9889407703829293,39
3.6427838700853266,-0.9463262812749359,39
3.5825515345862837,-0.8834784607963871,39
3.634516995937506,-1.045651554402208,39
3.605800326487597,-0.9719060640509081,39
3.599441944348082,-0.9889407703828986,39
3.6487881781023437,-1.0371917291966182,39
3.5943288971806853,-1.0797014557986249,39
3.712777901933261,-1.0251080741595051,39
3.7750375302279617,-1.0325916741428725,39
3.679660646101997,-1.0065977343967467,39
3.6487881781015035,-1.0371917292000021,39
3.594328967052068,-1.0797011924878706,39
3.7127779019318727,-1.0251080741654799,39
3.775037530227986,-1.0325916741427759,39
3.679660646103419,-1.0065977343908057,39
1.291831659207808,-1.8680587800825028,48
1.2548630959461287,-2.072284519968916,48
1.265628141207971,-1.685543745716179,48
1.2663302387381725,-1.9265902284014778,48
1.3632496282733926,-1.7107461666518264,48
1.277715804258361,-1.9601006707372188,48
1.292100513696928,-1.6627904717079054,48
1.4250542815036127,-1.7757109871985386,48
1.363738382585666,-1.748530057410575,48
1.2946709826571854,-1.9498118054353453,48
1.291831659207805,-1.8680587800825066,48
1.254863095902546,-2.0722845200055304,48
1.2656281412079728,-1.6855437457161784,48
1.2663302387358635,-1.926590228403517,48
1.3632496282733935,-1.7107461666518256,48
1.277715804258594,-1.9601006707370099,48
1.2921005136969286,-1.6627904717079056,48
1.4250542815036116,-1.7757109871985384,48
1.3637383825856644,-1.748530057410576,48
1.2946709826591292,-1.9498118054336624,48
-1.619503376876177,-2.6677340817413584,70
-1.6650378918194653,-2.638710149850371,70
-1.684086437689314,-2.7014475599488454,70
-1.6084643116540256,-2.604849693836164,70
-1.619503376865057,-2.6677340817474944,70
-1.6650378918184567,-2.6387101498508843,70
-1.684086437728382,-2.70144755992797,70
-1.6084643116540671,-2.6048496938361456,70
0.8916932873160974,0.42263976783414164,37
0.8692602209155874,0.40985706509639663,37
0.9053288347198067,0.39794158013715103,37
0.9107699521339581,0.48099608240875097,37
0.8254827373225274,0.3824605576329905,37
0.8712858032630775,0.46162141733758844,37
0.8721779946381685,0.44157847587185944,37
0.7869607413987065,0.40626713215165644,37
0.8533925749254786,0.5054993239513154,37
0.7526655869319454,0.3840077639970056,37
-1.322490495615738,-2.5140230417131866,70
-1.5547973104128723,-2.708456294300879,70
-1.5959538660685457,-2.6955018868611176,70
-1.6174372364364715,-2.7166649132280445,70
-1.537089381645832,-2.693752454563453,70
-1.3224904956157375,-2.5140230417131897,70
-1.554797310410358,-2.7084562943022927,70
-1.595953866069638,-2.695501886860507,70
-1.617437236447383,-2.71666491322208,70
-1.5370893816489395,-2.6937524545616447,70
-1.3491426191849873,-2.7918986613607384,70
-1.6630092527030464,-2.733694250533965,70
-1.5173458639719597,-2.7561824912041204,70
-1.5093014792550001,-2.7469292737332003,70
-1.4937897242428195,-2.7747910134228833,70
-1.349142619184988,-2.7918986613607384,70
-1.6630092520213542,-2.733694250916616,70
-1.5173458639520985,-2.756182491216175,70
-1.5093014792505857,-2.746929273735863,70
-1.4937897242437546,-2.7747910134223015,70
0.7498596609747854,0.2983295535570791,37
0.7225748600709493,0.30701302803567715,37
0.7087024970121834,0.3104555179926027,37
0.6920040312741883,0.2998498059388319,37
0.7731012653224001,0.2803789466478952,37
0.7308291116374162,0.2391793915162046,37
0.8484146810176098,0.32773035370992715,37
0.8266618957594112,0.39740326753011823,37
0.7573350436313646,0.24908160314791347,37
0.7341302395649045,0.23746156002634797,37
0.7498596609747854,0.2983295535570791,37
0.7225748600709492,0.30701302803567776,37
0.7087024970121836,0.31045551799260285,37
0.6920040312741886,0.29984980593883226,37
0.7731012653223999,0.2803789466478952,37
0.7308291116374159,0.23917939151620488,37
0.8484146810176095,0.3277303537099272,37
0.8266618957594124,0.39740326753011734,37
0.7573350436313651,0.24908160314791347,37
0.7341302395649038,0.23746156002634794,37
-1.3676497629130457,-2.949085335892977,69
-1.3813296298516422,-2.918163209976975,69
-1.433998337089611,-2.961862368272519,69
-1.351555967393329,-2.918205306963716,69
-1.3676497629130444,-2.9490853358929816,69
-1.3813296298516422,-2.918163209976975,69
-1.4339983370896108,-2.961862368272521,69
-1.3515559673933288,-2.9182053069637135,69
1.5617912730515986,0.30127168348889627,19
1.5304404690527933,0.2382513337863817,19
1.5336714973996495,0.2164970913705558,19
1.5850507521535804,0.29935046532235254,19
1.4514425901233654,0.20827850317393617,19
1.6186400526059133,0.28983025390469985,19
1.5933145539293967,0.24924614936282324,19
1.5248366054543971,0.20740153178840917,19
1.5585247548593626,0.28256663075397187,19
1.4536052502474293,0.13306711220644798,19
-1.198767673939707,-2.8160347642364667,69
-1.3613270209364479,-2.9489633596873834,69
-1.3615216210986139,-2.903279820895844,69
-1.3773877835531985,-2.950275554614657,69
-1.2969027011292131,-2.8490859460448577,69
-1.198767673939707,-2.8160347642364667,69
-1.3613270209364494,-2.9489633596873834,69
-1.361521621098615,-2.9032798208958446,69
-1.3773877835531978,-2.9502755546146573,69
-1.2969027011292147,-2.8490859460448568,69
-2.4683770779154797,-1.755747595830794,76
-2.6745559849114837,-1.750810090237096,76
-2.5599484569380926,-1.752499409720993,76
-2.64155793325791,-1.714702926530866,76
-2.4683789613059495,-1.755745544537336,76
-2.674555984903476,-1.750810090246691,76
-2.559948133711327,-1.752499735299734,76
-2.6415579329007617,-1.7147029269279626,76
-0.35597349094299535,1.7934001451974142,29
-0.45740193163931414,1.785427145258653,29
-0.4272819334081844,1.7944707086893517,29
-0.49207636734595545,1.8992507294431664,29
-0.4406662993962201,1.6529966120500401,29
-0.3670468623757357,1.9345133739491014,29
-0.39312504273706167,1.8849799242584764,29
-0.4038720543643343,1.7471727951880127,29
-0.49025634948451474,1.9623847718288314,29
-0.42017367290298896,1.673624211794582,29
-2.022924253563334,-1.7166521492318663,76
-2.395844076702524,-1.8891200387674878,76
-2.7181569435184554,-1.7671855603416968,76
-2.4335256403746937,-1.7890557820270472,76
-2.5226642220013824,-1.8867296061198529,76
-2.022924253683524,-1.7166521491269287,76
-2.395844081799362,-1.8891200330595175,76
-2.7181569339314913,-1.7671855735762045,76
-2.433526152079429,-1.7890552258567372,76
-2.52266422216295,-1.886729605926182,76
-2.1579053347501693,-1.8108944502693571,76
-2.658122063249893,-1.872895722664588,76
-2.730282971428016,-1.8716912789748301,76
-2.4630401410140736,-1.9031946401708921,76
-2.497590257576399,-1.9389010484965725,76
-2.1579053361421967,-1.8108944488947682,76
-2.658122913463277,-1.8728946372882598,76
-2.7302826295593827,-1.8716917225121976,76
-2.4630401987763264,-1.9031945679494167,76
-2.4975904807655316,-1.938900784005979,76
-0.43486421977405587,1.6296156796788952,29
-0.3590918135786431,1.5548542981796134,29
-0.4332833282291779,1.5865722196008838,29
-0.4087890224049327,1.489865042263454,29
-0.3393222270215463,1.4941199560861607,29
-0.31964978730281585,1.4216855610569734,29
-0.4922951764052077,1.7142702422947143,29
-0.4405546074596152,1.7392821656745427,29
-0.35398427492452167,1.4594298098964589,29
-0.31407399596905433,1.3405546180632313,29
-0.43486421977406164,1.6296156796788983,29
-0.3590918135785129,1.554854298179578,29
-0.43328332822923193,1.58657221960091,29
-0.40878902240153503,1.4898650422623436,29
-0.33932222702155573,1.494119956086161,29
-0.31964978730354177,1.4216855610573458,29
-0.4922951764052095,1.714270242294715,29
-0.4405546074596862,1.7392821656745607,29
-0.3539842749245147,1.4594298098964575,29
-0.31407399596902,1.340554618063218,29
-2.1738274965994657,-2.3102176748545853,75
-2.24398153422836,-2.347016660423212,75
-2.223581653532918,-2.3645381825797847,75
-2.2295003855988003,-2.362064992217623,75
-2.173827496588858,-2.3102176748655454,75
-2.243981534055005,-2.347016660607056,75
-2.2235816535088806,-2.364538182605131,75
-2.2295003856976505,-2.3620649921125842,75
0.8470010015121546,2.1098607332151604,23
0.7556057551905756,2.1323579752274475,23
0.7849064930632134,2.110997211139589,23
0.7458172969865908,2.0958890599720723,23
0.6262818996393926,1.8665273011743253,23
0.949402606520145,2.3751800817541886,23
0.8938659110760011,2.3316426517465683,23
0.9229588685121056,2.342533919047449,23
0.8529358234443964,2.3204855436365244,23
0.7581456139497093,2.1697905403807045,23
-1.9536460813709369,-2.163092912111438,75
-2.129676082551172,-2.376420310269464,75
-2.23267335763271,-2.2893365683509135,75
-2.169673408394588,-2.303119132325834,75
-2.1319636409814664,-2.277748840352562,75
-1.9536460813640648,-2.1630929121157054,75
-2.129676082681154,-2.3764203101485317,75
-2.232673357627552,-2.2893365683562736,75
-2.1696734083935425,-2.303119132326911,75
-2.1319636409798526,-2.277748840354197,75
-1.3796523751353997,-2.162335753551098,72
-1.4207054838655497,-2.2230315222096406,72
-1.4354368294492041,-2.2562671276147013,72
-1.3862985573402906,-2.2183804251275836,72
-1.3796523751354015,-2.1623357535510968,72
-1.4207054838655484,-2.223031522209638,72
-1.4354368294492053,-2.256267127614699,72
-1.3862985573402906,-2.218380425127585,72
1.3511712413333423,1.117066767296069,35
1.3146587118714914,1.0597457678043192,35
1.4150069839481192,1.1594771658770373,35
1.4542862684766897,1.2454186385117318,35
1.208589083970966,0.9230556090173802,35
1.2674085925805558,0.9940584056774492,35
1.2985129171928256,0.9965899153261736,35
1.189740696731038,0.9136243128779905,35
1.3062514968267036,1.0857382500776103,35
1.0179796167609745,0.7608954886122469,35
-1.1735018556754655,-2.1720206524707275,72
-1.3798374048369102,-2.2777184351219506,72
-1.398419061543871,-2.2526427718424844,72
-1.4305946536981469,-2.2817404546196416,72
-1.369639193425495,-2.2967928153344817,72
-1.173501855675465,-2.1720206524707293,72
-1.3798374048369104,-2.2777184351219506,72
-1.3984190615438703,-2.252642771842484,72
-1.4305946536981473,-2.2817404546196416,72
-1.3696391934254948,-2.296792815334486,72
-1.1962609911948674,-2.184176359476438,72
-1.417331284890622,-2.2547743876394413,72
-1.3489575732193926,-2.2201658135786424,72
-1.3424338773320184,-2.2899761933371034,72
-1.3460495203331464,-2.2707128585122236,72
-1.1962609911948665,-2.1841763594764365,72
-1.4173312848906219,-2.2547743876394413,72
-1.3489575732193924,-2.2201658135786415,72
-1.3424338773320201,-2.2899761933371012,72
-1.3460495203331477,-2.2707128585122227,72
0.9982428015710587,0.7274299331056322,35
1.1086425530259738,0.6488300228902353,35
0.9554551719840477,0.7182630570931618,35
0.9551288282563807,0.5169949283241035,35
1.016752368105548,0.6535440634973277,35
0.9922579458411523,0.4767204782663036,35
1.21714064339905,0.8183436921920701,35
1.2682224390038637,0.8703712273965537,35
0.9621608411319224,0.6185352775651406,35
0.991261635842496,0.441276288966242,35
0.998242801571057,0.7274299331056318,35
1.1086425530259723,0.6488300228902351,35
0.9554551719840476,0.7182630570931611,35
0.955128828256381,0.5169949283241033,35
1.016752368105547,0.6535440634973284,35
0.9922579458411522,0.47672047826630404,35
1.2171406433990797,0.8183436921920132,35
1.2682224390042371,0.8703712273957716,35
0.9621608411319237,0.61853527756514,35
0.991261635842499,0.44127628896624266,35
-1.21760427528236,-2.6737415053281013,71
-1.211754070093756,-2.6699578990056314,71
-1.2335081596678055,-2.7359002198343063,71
-1.1949930138339642,-2.722425213905689,71
-1.217604275282357,-2.673741505328101,71
-1.2117540700937561,-2.6699578990056327,71
-1.2335081596678041,-2.7359002198343045,71
-1.194993013833964,-2.7224252139056904,71
1.9632320480316265,1.280660730697362,20
1.853634042349625,1.1025117755623033,20
1.9252503507831622,1.1558093268169634,20
1.9373752575276373,1.3514870340019152,20
1.7572557091730021,0.8390197922842506,20
1.9783953155165876,1.0619555099693767,20
1.9132385812788877,1.0436290078376034,20
1.921180175700704,0.8229536803228457,20
1.9083681572170847,1.1414659985154794,20
1.725297924075544,0.7042763808048406,20
-1.0680508456297364,-2.574525470988381,71
-1.2059077852733298,-2.757956018773299,71
-1.1957086957051994,-2.630919245692489,71
-1.211847928738233,-2.7349943601625015,71
-1.1515535244318855,-2.731984383967221,71
-1.0680508456297364,-2.57452547098838,71
-1.20590778527333,-2.757956018773298,71
-1.1957086957051994,-2.6309192456924895,71
-1.2118479287382335,-2.734994360162503,71
-1.1515535244318864,-2.731984383967221,71
-2.005495694791091,-1.781096568859219,74
-2.079914513094914,-1.8064220680116383,74
-2.0932033836307298,-1.8163812680158187,74
-2.0626549181221834,-1.792328051261349,74
-2.005495694781017,-1.781096568867606,74
-2.0799145130947445,-1.806422068011788,74
-2.093203383629972,-1.816381268016507,74
-2.0626549181212175,-1.7923280512622128,74
0.2656588023408729,1.9556556213138194,27
0.22434191627125316,1.8625074418959717,27
0.24484391752234388,1.9140843380548749,27
0.2598374994719555,1.9493896642908257,27
0.14624159805384918,1.6501514985709824,27
0.278601129137107,1.940678511268603,27
0.24161023104516227,1.9136128116252764,27
0.18399627437927712,1.8701958904214524,27
0.20183023970157482,1.9396809081442365,27
0.10479922232187319,1.6492237910161374,27
-1.688848922687568,-1.8147851846736391,74
-2.0048992344475494,-1.8924721389459451,74
-2.0914249031060916,-1.8482177351341837,74
-2.032100337938511,-1.812174828025754,74
-2.0775705273635277,-1.922191083260994,74
-1.6888489226876324,-1.8147851846735816,74
-2.0048992344475938,-1.8924721389459118,74
-2.091424903105943,-1.8482177351343043,74
-2.0321003379383797,-1.8121748280258654,74
-2.0775705273634175,-1.922191083261079,74
-1.774974071073281,-1.8038810356802157,74
-2.2490943343687344,-1.966271103639257,74
-2.1953993166388917,-1.9280023503555919,74
-2.1557482694873453,-1.9287449005951798,74
-2.1405751731651113,-1.9440994643404899,74
-1.7749740710740625,-1.8038810356795685,74
-2.2490943343574314,-1.9662711036502176,74
-2.1953993166196795,-1.9280023503728285,74
-2.155748269467019,-1.9287449006127648,74
-2.1405751731658538,-1.9440994643398475,74
0.14087457833907452,1.5670533646513698,27
0.2258771084586734,1.4146773264927328,27
0.10597842296740848,1.5111107951706786,27
0.16532089920578727,1.2519059204782332,27
0.1330369213591104,1.4546721161884333,27
0.16368580434583724,1.2669067313680205,27
0.15376325256097162,1.7637529588232166,27
0.1823868823192417,1.6151244073038775,27
0.08939102508745682,1.3888535776179651,27
0.11604010719566374,1.1283672556034152,27
0.1408745783390741,1.5670533646513722,27
0.22587710845867323,1.4146773264927315,27
0.10597842296740993,1.5111107951706793,27
0.16532089920578727,1.2519059204782332,27
0.13303692135911027,1.454672116188436,27
0.16368580434583715,1.2669067313680205,27
0.15376325256096568,1.763752958823211,27
0.18238688231924136,1.6151244073038773,27
0.0893910250874566,1.3888535776179654,27
0.11604010719566377,1.128367255603414,27
-1.6569454403042212,-2.459665662913716,73
-1.685652736459283,-2.4708013904963844,73
-1.8958502863601197,-2.477547856633228,73
-1.716127887280261,-2.500594473824338,73
-1.6569458866472955,-2.4596654273873875,73
-1.685652876864101,-2.470801319338452,73
-1.8958502983006729,-2.4775478491400342,73
-1.7161278628068644,-2.5005944863793657,73
1.2428832615574295,2.43332134492087,23
1.1525877004191307,2.4416681309070363,23
1.1946440192474717,2.4181597061860436,23
1.2005946312179354,2.423502785983716,23
1.0488684748518848,2.169599458676862,23
1.2470645866932226,2.4385626498692616,23
1.1687495156277765,2.395689886601478,23
1.1401633467394174,2.4165900740833575,23
1.1527217855023186,2.338515169598868,23
1.0153039278821552,2.2260789122482127,23
-1.4042063358479442,-2.485083731721579,73
-1.6237360730409516,-2.55724455894345,73
-1.6937578077696567,-2.404507288631008,73
-1.7020003405322972,-2.50792013210097,73
-1.5652234150143922,-2.5414934065873176,73
-1.404206326530798,-2.4850837381232296,73
-1.6237357634738452,-2.5572447378507794,73
-1.6937579606025464,-2.4045071893367984,73
-1.70200052696933,-2.5079200380373923,73
-1.5651868387913581,-2.541513743844814,73
3.466244822577812,-0.9836547769256939,39
3.5460375274314004,-1.0618717387934007,39
3.5514603646244876,-1.0584398247544167,39
3.466172465392716,-0.9711184358600332,39
3.4662448225778117,-0.9836547769256943,39
3.5460375274315115,-1.0618717387929633,39
3.551460364625341,-1.0584398247509659,39
3.4661724653927166,-0.9711184358600318,39
1.2172976436511607,-1.9324813911246719,48
1.3463457107677428,-1.6872037361898586,48
1.3466658308331714,-1.7657573933808788,48
1.4395374830451504,-1.6679797679969526,48
1.2415170396086592,-2.0372440277612163,48
1.2316874018139419,-1.853838251121513,48
1.250041588674634,-1.7927375974442727,48
1.302018256801007,-1.7444709653490171,48
1.3454533021219275,-1.7625878075237806,48
1.143528977426387,-2.0852185693816674,48
3.656870591474447,-0.9536256198404789,39
3.5242373733898185,-0.9269499221893505,39
3.556790140284099,-1.0305157675627423,39
3.6197726271916846,-1.0090575821955174,39
3.555625821628334,-0.9620782605023664,39
3.6568705914745556,-0.953625619839957,39
3.5242373733899335,-0.9269499221889639,39
3.556790140284097,-1.0305157675627428,39
3.6197726272503603,-1.009057581952208,39
3.5556258216282606,-0.9620782605026305,39
3.651468351228386,-1.0837164110073572,39
3.5284449376620066,-1.0739706372306894,39
3.6241478729848526,-1.075629115533707,39
3.7375573748461566,-1.0794611589210004,39
3.6405377252115145,-0.9974965961780876,39
3.651468351227128,-1.0837164110123119,39
3.5284449376756637,-1.0739706371754212,39
3.6241478729868963,-1.0756291155256115,39
3.737557374834715,-1.079461158965174,39
3.6405377252119666,-0.9974965961760931,39
1.137647025592089,-1.8809738375976348,48
1.1696308756083238,-2.093783741724955,48
1.1394848659004835,-1.6751985832779621,48
1.1863116175893484,-1.842985733971518,48
1.2548714158788599,-1.7257935128889763,48
1.2152736476059676,-1.9450465914238413,48
1.162121306288029,-1.6626111148077836,48
1.3608730054791072,-1.7148029375634242,48
1.1980231191032602,-1.733106183480266,48
1.2082866946332524,-1.8403821268479212,48
1.1376470255921263,-1.8809738375976015,48
1.1696308755947176,-2.093783741737167,48
1.1394848659004853,-1.6751985832779606,48
1.1863116175893662,-1.8429857339715021,48
1.254871415878859,-1.7257935128889756,48
1.21527364760804,-1.945046591422002,48
1.1621213062880291,-1.6626111148077827,48
1.360873005479106,-1.7148029375634255,48
1.198023119103261,-1.7331061834802655,48
1.2082866946332538,-1.8403821268479184,48
-0.06765788462758165,0.8726211686656279,32
-0.12549289178316445,0.8904317256386162,32
-0.1046263800713887,0.8719485623777629,32
-0.10099415543021428,0.9895831041547977,32
-0.11685997622113063,0.8446625916056979,32
-0.09088074683708139,0.9251748882842212,32
-0.10963458958614737,0.9110364714704035,32
-0.12935670755953924,0.8537632481121764,32
-0.19316601541575018,0.9980217286450485,32
-0.10498937956659284,0.7761596891052275,32
-2.1222611120777404,-1.009915507868187,80
-2.1222611120834984,-1.009915507858744,80
-2.325235228919968,-0.9482765988385207,80
-2.3252352288755875,-0.9482765988980044,80
-0.11079072427579453,0.7402447842918257,32
-0.09137120970106194,0.6884504752662838,32
-0.11079072427579471,0.7402447842918256,32
-0.09137120970106194,0.6884504752662838,32
0.7047881647612441,0.815151204100237,15
0.623120333110406,0.7846553645797498,15
0.6749091857733732,0.7933670748455378,15
0.7282922192870908,0.9173383110652155,15
0.6113707987797705,0.7573363656591102,15
0.7155478356518443,0.8145319665000337,15
0.7248785276070314,0.7646937893967102,15
0.689730918236133,0.7191968403128273,15
0.6355189239200051,0.8628156346934792,15
0.653884312489586,0.6198299324091289,15
-1.9771191549602913,-1.6169023686355728,80
-1.9771191555857182,-1.6169023679246504,80
-1.0459569435283367,2.0164496515569685,25
-1.0400857391296847,1.9989633222652556,25
-1.0933792963412106,2.055962903807174,25
-1.1040495809771167,2.1447296391990136,25
-0.9887898909154924,1.9068729997191405,25
-1.056482625110036,2.160186798274105,25
-1.0423007735649739,2.054817045601226,25
-1.078845704607991,2.0754070112878864,25
-1.135713935585918,2.156902631683974,25
-0.9821618533706453,1.9443281053266397,25
-2.6361871160803663,0.17227150163899213,84
-2.6361871160803627,0.17227150163899166,84
-2.6853909419074924,0.2711482201040205,84
-2.6853909419074915,0.2711482201040209,84
-1.088100009206688,1.8255111746997803,25
-0.9872456689264307,1.7473970000164947,25
-1.0881000092066884,1.8255111746997819,25
-0.9872456689264307,1.747397000016494,25
-0.05920384730095522,2.078028310969591,21
-0.13584701039216213,2.1177791354689828,21
-0.06515925717708104,2.195679959933457,21
-0.050124210281560444,2.2375617663077074,21
-0.025302536802398228,1.9706839111222967,21
-0.07033869442414903,2.322352884268591,21
-0.07402265044924966,2.1976363703012463,21
-0.08784463716424754,2.279257329364646,21
-0.09462843653300716,2.2874067786777976,21
-0.08875309848055334,2.095707581875554,21
-2.62944865795416,-0.48097192889993406,83
-2.6294486579541165,-0.48097192890018786,83
0.17722128166294146,1.315557612346775,30
0.12470233121222629,1.4103343006804057,30
0.18208294207628412,1.4071935619278921,30
0.25456996964647693,1.4826817785543336,30
0.07703851022449233,1.2207575710730216,30
0.13478824088260788,1.2725027007901712,30
0.09079036297656072,1.3329314627616786,30
0.04614716894968139,1.2162368765321911,30
0.06839266591294775,1.3842791716840783,30
0.02074232781757628,1.1305708804229224,30
-1.9916026194756944,-1.1196814103426556,78
-1.9916025776940225,-1.1196814718398589,78
-1.9368614300784153,-0.9413246000337263,78
-1.9368614288128323,-0.9413246024839348,78
0.03446648866617035,1.0193225521203626,30
0.09647459507286402,1.0043182538105166,30
0.03446648866617034,1.0193225521203628,30
0.09647459507286382,1.004318253810517,30
1.0646402446465097,1.6669855290586855,20
0.9858295889379632,1.6484429328419306,20
1.0555852125450318,1.6975759248433602,20
1.1316900904532123,1.7238816371188947,20
1.0020034759086127,1.361698183713399,20
1.0332863343274448,1.6113334988205004,20
1.026116574169446,1.5594629979919308,20
1.0153124908130355,1.5554066443242143,20
1.0016764496370494,1.5771289270853026,20
0.9485177992151149,1.300997843786477,20
-1.6297505968941304,-1.8914552095946968,77
-1.6297505969575912,-1.891455209531743,77
-0.5250776949662151,2.1957939276636504,24
-0.5306000875370649,2.1396694944268084,24
-0.5524750693329941,2.22872535003571,24
-0.4572293157545523,2.1809331550287463,24
-0.5147551942230532,2.0248348976758668,24
-0.5055817785010418,2.2449787648493245,24
-0.5247739982144872,2.1385903064822385,24
-0.5793768735696131,2.1485458919078146,24
-0.5492989042611176,2.1508027928982445,24
-0.6015148797322855,2.0385297892645333,24
-2.715753966960072,-0.019079412272341167,88
-2.715753967460526,-0.01907942805632754,88
-2.7041245945884382,0.19828508975801198,88
-2.7041245945867742,0.19828508973643952,88
-0.651389843356282,1.8730851095894587,24
-0.47299789735849795,1.6634362542492314,24
-0.6513898433562827,1.8730851095894547,24
-0.47299789735849795,1.6634362542492342,24
0.49387894452134506,2.442890020304707,22
0.46258524053501915,2.5567759023135608,22
0.5169686543682152,2.5461235556955257,22
0.5445623586677775,2.551309961029522,22
0.48186534009341725,2.372245052110154,22
0.4528128944898691,2.515484882640701,22
0.43245274012822177,2.460982622857255,22
0.425708497286052,2.51713660701934,22
0.41847159394886735,2.480269808855909,22
0.3418995675511128,2.3526604616885756,22
-2.6524225110333717,-0.880106975474415,87
-2.652422430223618,-0.8801072947058062,87
1.0660541229602534,-1.5701627031793506,50
0.9896677412699508,-1.62042923233925,50
1.0990332726487066,-1.580100058740326,50
1.0836121762409894,-1.6346968632085144,50
0.9639074822864402,-2.0003736641631096,50
0.8990148073663089,-1.6976523273218367,50
0.8426738101478592,-1.853743390488781,50
0.9666554783391483,-1.8107547566578277,50
0.8958676996657315,-1.852893235026212,50
0.8428499853124503,-2.090754083764725,50
3.604980031845778,-0.8477527375114667,38
2.452561598326767,2.94087634397217,38
-2.254009779436743,2.7908538210002867,38
3.535077264284087,-0.8905653104506659,38
0.9899773134655322,-1.6244199246264643,50
0.9930675821086096,-1.8633007830840205,50
0.9899773134655324,-1.624419924626466,50
0.9930675821082053,-1.8633007830843922,50
-0.20199558405818496,0.9667311613911445,32
-0.29285796331736574,0.9481888922255896,32
-0.24332450302385716,0.9695890674554649,32
-0.24694305203576863,1.0297765933957366,32
-0.22581197379606807,0.9211313233901535,32
-0.25713909427530807,1.0014662691084328,32
-0.2785931411195089,0.9850369210809073,32
-0.304408588792884,0.9674902774636588,32
-0.3556715006104363,1.0525112105234362,32
-0.29716041757577427,0.8959783172275161,32
-2.420774216502601,-0.6317386646455438,80
-2.4207741928178867,-0.6317387568088599,80
-2.6899926697440666,-0.6683130286290303,80
-2.6899926735634883,-0.668313000712691,80
-0.2043559674030065,0.813971960827634,32
-0.18620803759500462,0.7847759903568656,32
-0.20435596740300657,0.8139719608276343,32
-0.18620803759500462,0.7847759903568656,32
0.6638920153555817,0.9513962784606438,15
0.4330179984678116,0.9085164861776575,15
0.5932890919024687,0.9165856510255037,15
0.561266596587488,1.036379808392472,15
0.562091422107946,0.8818361532597857,15
0.5898032652844136,0.9577144571114224,15
0.4153193748983654,0.9246578542856578,15
0.43801777329528196,0.8942735054927782,15
0.32674282109380315,1.0417755264529862,15
0.37810330191199343,0.8480305644784036,15
-2.140518452650359,-1.284956727678841,80
-2.140518452767742,-1.2849567275185083,80
-1.260781694967805,2.1714181952287177,25
-1.286999689561848,2.120867060410754,25
-1.3272252932322237,2.2113340513334143,25
-1.2989224022107768,2.206476975259124,25
-1.1892465889815778,1.9908861685180566,25
-1.301419594156137,2.328337576845945,25
-1.2509721338694635,2.1581676330929738,25
-1.3243065612207587,2.2268937680715615,25
-1.3411351168045371,2.2504799439487577,25
-1.217939120680496,2.0817204348295233,25
-2.8342326334030035,0.5262458707814531,84
-2.834232633403004,0.5262458707814553,84
-2.9685135112675347,0.6497698107591104,84
-2.968513511267534,0.6497698107591094,84
-1.2077003214375635,1.9579209675763851,25
-1.1136248597634724,1.8624320388370998,25
-1.2077003214375628,1.9579209675763813,25
-1.1136248597634735,1.8624320388370985,25
-0.30806437978213635,2.4173746274827943,21
-0.3978622013247118,2.3692918144846895,21
-0.35694112270921347,2.5132630227845363,21
-0.3174482025646164,2.493466832068254,21
-0.3096272583904287,2.270946635283653,21
-0.35008905048524785,2.5961390376215006,21
-0.32605681490893235,2.447390092203848,21
-0.37159672872687444,2.5960204385665144,21
-0.3519378782774491,2.5510318190259618,21
-0.3678641070453855,2.394050729499047,21
-2.7874338980727225,-0.24374889843509961,83
-2.7874338980727207,-0.24374889843512368,83
0.009932431036158644,1.524676729198021,30
-0.09078095115538924,1.4345160263409327,30
-0.013374347923893961,1.577210452396808,30
0.07562271876634762,1.535560969837592,30
-0.05466981248407304,1.3036733534596898,30
-0.05989716500278229,1.4236467182859922,30
-0.11939060774276482,1.4251073293003627,30
-0.15181328422313717,1.3698035705308698,30
-0.12907735655145944,1.4617239474148858,30
-0.1613800261380422,1.2448226367792314,30
-2.458750329334919,-0.4930320039624328,78
-2.4587503346026764,-0.49303199068437925,78
-2.4170845356602277,-0.4220401411443991,78
-2.4170845600473236,-0.4220400849243213,78
-0.09924295345517234,1.1347287806109692,30
-0.036555998403242244,1.0938127659916574,30
-0.0992429534551721,1.1347287806109692,30
-0.036555998403242224,1.0938127659916572,30
0.9652707488962339,1.8881318966098934,20
0.8382988027272124,1.814186327091639,20
0.9536012293551037,1.9494456962467561,20
0.9583202487284647,1.8879456971606998,20
0.8189177185490567,1.660212380277601,20
0.8492031965247152,1.7919363600911293,20
0.7916423536290973,1.7695181370722957,20
0.8147059325975853,1.84267351777415,20
0.8016162973077837,1.7948799307797794,20
0.703311965474143,1.6958564319550455,20
-2.1167666848017834,-1.5359246983988806,77
-2.1167711033665695,-1.5359190196418395,77
-0.6712757062250515,2.333117209286818,24
-0.7822434487520351,2.1723311246645065,24
-0.7568982892486362,2.3245926537046135,24
-0.6534556389953677,2.2268093144983605,24
-0.6897226660247955,2.040329464206937,24
-0.7342743699021006,2.370565463102901,24
-0.7849090497504131,2.213845733822415,24
-0.8560581780658763,2.3033006187166305,24
-0.7881919496185723,2.1895349774200494,24
-0.8304391162950651,2.1221719839376654,24
-3.056311433396009,0.4137522470494296,88
-3.0563114334782893,0.41375224673575384,88
-3.00080424396292,0.5661714950703928,88
-3.000804243480586,0.5661714973415952,88
-0.720255174459392,1.9640610644360343,24
-0.5866724361930568,1.7554499782365356,24
-0.7202551744593915,1.9640610644360312,24
-0.5866724361930568,1.755449978236537,24
0.34731463084729763,2.723889666649583,22
0.18501220444181807,2.664735022284479,22
0.2615888181352101,2.7262516760250173,22
0.3106027100289145,2.663570606483224,22
0.22131418782377152,2.5073196477187354,22
0.23031106374539972,2.7403830169031362,22
0.20749064839516407,2.627486793017973,22
0.18466613168069804,2.7624753566079727,22
0.20339060699202036,2.645798245651177,22
0.10807634764435077,2.5898148897727977,22
-2.9536782518361413,-0.41070523691209987,87
-2.953678251836248,-0.41070523688185784,87
0.9129754247032771,-1.7359423844067439,50
0.8290252880703812,-1.689222806816763,50
0.928095823320277,-1.6960171001240514,50
0.9691110200172657,-1.705587831012228,50
0.8708007391100149,-2.0694701813383025,50
0.829543993508991,-1.822959251729345,50
0.7530175390379334,-1.8507512921742293,50
0.8231457356294679,-1.851272586431114,50
0.8542101946720032,-1.841775150433618,50
0.7811327014054503,-2.09474924386583,50
-2.4877007723239433,2.6073784001334728,38
3.5040901612866984,-0.8774012270776831,38
3.3584524771477713,-0.9567203810179469,38
3.358452477150407,-0.9567203810101066,38
0.8363756131122844,-1.8412467497990175,50
0.9185333303150748,-1.9477331132317386,50
0.8363756131122912,-1.8412467497990106,50
0.9185333303148397,-1.9477331132319533,50
-1.2057944647459615,1.7886489296635315,33
-1.2989226861789942,1.7523795919580507,33
-1.2873768071172578,1.8262760422643525,33
-1.2813349740507545,1.8796414344123937,33
-1.2299239815222842,1.756663983844812,33
-1.1172671608023115,1.6631622657262009,33
-1.119612271127082,1.5909184153848848,33
-1.1482294877015247,1.5767558164499773,33
-1.1986536610486072,1.6753145390388406,33
-1.0647436699638813,1.4584239062692703,33
-3.092383993568465,0.705155963895015,80
-3.092383991650666,0.705155968467743,80
-3.209340246802459,0.7172631207298159,80
-3.209336180788678,0.7172757555949486,80
-1.0233272722821256,1.3442607363536596,33
-0.9395308659722831,1.2833403041850078,33
-1.0233272722821272,1.3442607363536603,33
-0.9395308659722813,1.2833403041850069,33
0.23258437048674063,2.373940740805926,15
-0.030854091537173927,2.0715300032816786,15
0.13395838170489494,2.3717559858331847,15
0.15024927970091406,2.3497047522909913,15
-0.017276856892514868,2.1559205585703225,15
0.2521679627898417,2.0970915536043315,15
0.08734328727625232,1.7737019559872171,15
0.07031098102807408,1.8720614417590342,15
0.07881099270051012,1.9241767120664885,15
-0.19836020737210985,1.4159576591822638,15
-2.6797112138479164,-0.298989598053695,80
-2.67971121391584,-0.2989895978165051,80
-1.8080100795373293,2.466854391381392,25
-1.7683687092070777,2.4118211592147136,25
-1.841546713045128,2.496179452947415,25
-1.8147919825336372,2.528386819533379,25
-1.8073828081821635,2.4302697687283654,25
-1.790266474655605,2.54522453087195,25
-1.7751908503637754,2.4429942317008364,25
-1.8301906067659681,2.470542700227678,25
-1.803732893305145,2.484840915676861,25
-1.8038904895499148,2.3826418428191083,25
-3.3335536254651137,1.4610307976987824,84
-3.333553610257132,1.4610308274837516,84
-3.3642349713330466,1.5282710933932386,84
-3.3642349713690693,1.5282710933191799,84
-1.8011426830278188,2.2232976243822242,25
-1.7813830036413876,2.1883584929797877,25
-1.801142683027819,2.223297624382224,25
-1.7813830036413878,2.188358492979789,25
-0.9940405059221525,2.5918593898325852,18
-1.120538735985471,2.4881684416068235,18
-1.1081127433521822,2.661333500385113,18
-0.9972286831003275,2.6017531317136235,18
-1.091812452619368,2.4378186848382435,18
-1.087191883658663,2.5861019845411843,18
-1.0417392664387224,2.622694462387855,18
-1.1651323986293873,2.6771175812503913,18
-1.0700261059453986,2.588588199059112,18
-1.1608556199186975,2.47112319862308,18
-2.986989580911689,0.7899471514745339,83
-2.9869895809116844,0.7899471514745471,83
-0.6364034957821126,2.329332093598121,31
-0.7626852130240818,2.209253701663733,31
-0.655299193856924,2.4152846437085778,31
-0.5277130767732336,2.44038837637889,31
-0.9070428775266285,2.151582883600005,31
-0.710389288522696,1.9587037701430317,31
-0.7955596631023422,1.990213212971465,31
-0.8716584162122794,1.8837488805719678,31
-0.7845201675637724,2.025822133350696,31
-0.898532965250002,1.7815004614782697,31
-3.099114837877573,0.867360175225604,78
-3.099114889235795,0.8673600598091178,78
-3.0612038679680573,0.9287965795919098,78
-3.061203880234311,0.928796548880896,78
-0.6856006695930469,1.517599140554906,31
-0.6159771256412755,1.4237393359957302,31
-0.6856006695930467,1.5175991405549056,31
-0.6159771256412759,1.4237393359957284,31
0.7178113657587669,2.489393369659597,17
0.45755632688858067,2.2993600941263637,17
0.6387749404177375,2.4654003325929144,17
0.6285818371552049,2.3640819836291502,17
0.42533457912064526,2.246435112069812,17
0.5707220021207917,2.0965423954893705,17
0.4969144295875104,2.1500945188992815,17
0.4941031439636463,2.180696719207076,17
0.4536813502399854,2.0926135303324487,17
0.29643016113481774,2.0178537893158706,17
-2.9429088662193923,-0.13486983005787861,77
-2.9429088671376475,-0.13486979017833883,77
-1.2920296055376022,2.643727975254439,24
-1.2430817124168227,2.5345181477526735,24
-1.2853562514651744,2.6861668172538575,24
-1.2211811064092455,2.6532621911374155,24
-1.3561680562046754,2.4637725133061883,24
-1.292563219948984,2.5743007749775737,24
-1.2915963324914252,2.5215069119472093,24
-1.361318790478631,2.5533296071770777,24
-1.3007361829846364,2.489668890106909,24
-1.4227350832518066,2.386721649061374,24
-3.5319911703600164,1.3636664372096836,88
-3.531991170365928,1.363666437195758,88
-3.4667798483369405,1.4553475209051854,88
-3.4667798300244335,1.4553475592840597,88
-1.2710309917034892,2.135086693743372,24
-1.1775002386993254,1.9998418633178663,24
-1.2710309917034888,2.135086693743374,24
-1.177500238699326,1.999841863317868,24
-0.12393093230623053,2.8266426161045786,17
-0.22309161040382955,2.8098678084583932,17
-0.1582717241419577,2.8969327708105697,17
-0.14443205955018368,2.86069088915593,17
-0.28588134478586247,2.632102085863377,17
-0.2861330554718545,2.7548842698820777,17
-0.23720575996673068,2.775773371901345,17
-0.32066933301302475,2.8387282457976246,17
-0.28441570954850554,2.754565442950787,17
-0.42681396142361944,2.604673897099798,17
-3.1662501796285754,0.7541716429898108,87
-3.1662501792351443,0.7541716440989151,87
0.6511095566683659,-1.5274801685161021,47
0.8309219647276772,-1.455146864687158,47
0.7374704305476272,-1.5619614323308846,47
0.948178978945353,-1.4940385795453537,47
0.6026972246135226,-2.006469130000595,47
0.7782542969061296,-1.5784318467389993,47
0.701374108444992,-1.7193755185483182,47
0.7079220301246102,-1.702084394610078,47
0.7773517694713392,-1.6096685622586662,47
-0.15739518042915845,-2.2727720794243123,47
3.737480044558055,-0.6276119110370237,38
3.7374800445535485,-0.6276119110584787,38
3.744874209410422,-0.6998417203280708,38
3.7448742094104164,-0.6998417203281023,38
0.7018535766555022,-1.7077583616140857,47
0.7110921999334437,-1.849213192711758,47
0.701487342235139,-1.7081147152951466,47
0.7110922175961052,-1.8492131746532225,47
-1.5680493346950726,-2.567726362323046,70
-1.6014418786048874,-2.6220257565851535,70
-1.6415092110472915,-2.661723727580566,70
-1.552222685918257,-2.568856570242162,70
-1.5680493346950692,-2.567726362323049,70
-1.6014418786053155,-2.622025756584918,70
-1.6415092110503302,-2.661723727578928,70
-1.5522226859182655,-2.5688565702421555,70
1.1606468346031344,0.3274726735632886,37
1.0953594287738146,0.3148728660898167,37
1.1373364179747332,0.2890609714502918,37
1.1622335623603446,0.3701618706580265,37
1.1091908987163037,0.2708294322937452,37
1.0809860731410201,0.3524878198773958,37
1.0401514953898412,0.32563824819454495,37
1.0139741759040364,0.2677868120340069,37
1.0081023293897353,0.3909059793130873,37
1.0272008630608847,0.2138697523038837,37
-1.2957864039548515,-2.464142616408041,70
-1.5280116881205745,-2.6460906622493092,70
-1.5194693361934004,-2.6904365080997157,70
-1.6012412952749784,-2.643170667886639,70
-1.4597059073330032,-2.6576464943279867,70
-1.295786403954853,-2.464142616408041,70
-1.5280116881205748,-2.6460906622493083,70
-1.5194693361918423,-2.690436508100703,70
-1.6012412952746802,-2.6431706678868028,70
-1.4597059073329774,-2.6576464943280005,70
-1.3531251180407458,-2.7565083139214366,70
-1.650630443223127,-2.744982368933767,70
-1.4654381553138403,-2.770027954674911,70
-1.4932676494672168,-2.778916836480552,70
-1.4387422943523227,-2.778186976755638,70
-1.3531251180407458,-2.756508313921436,70
-1.6506304432973162,-2.7449823688923254,70
-1.4654381553137592,-2.770027954674961,70
-1.4932676494334967,-2.7789168365017844,70
-1.438742294352326,-2.778186976755636,70
0.94013141392064,0.22911280490560096,37
0.9652758377253815,0.19771139931538148,37
0.9417625137397436,0.22238009369943512,37
0.9638906780687289,0.18626680723104994,37
0.9157994093557086,0.1962520071386618,37
1.0521113643258289,0.10391551455683781,37
1.0660134698790709,0.19590910310917214,37
1.0653609419244117,0.22227987779321584,37
1.0427310227698694,0.13447902384191543,37
1.065065851060942,0.08776134710787038,37
0.9401314139206411,0.229112804905601,37
0.9652758377253804,0.19771139931538198,37
0.9417625137397427,0.2223800936994351,37
0.9638906780687294,0.18626680723104996,37
0.915799409355708,0.19625200713866195,37
1.0521113643258289,0.10391551455683783,37
1.06601346987907,0.19590910310917228,37
1.065360941924412,0.2222798777932158,37
1.0427310227698696,0.13447902384191537,37
1.0650658510609443,0.0877613471078699,37
-1.266579982026256,-2.8908410220460317,69
-1.2725131547535333,-2.889064682276253,69
-1.3261320722675474,-2.9448696466327045,69
-1.251678194790779,-2.864665226661218,69
-1.266579982026255,-2.890841022046031,69
-1.272513154753533,-2.8890646822762545,69
-1.3261320722675471,-2.9448696466327036,69
-1.2516781947907791,-2.864665226661217,69
1.8885451141551957,0.16545636936403685,19
1.7726768599798832,0.15136984434817868,19
1.8244995565144928,0.10073562418393459,19
1.8822879608874714,0.22545044865461925,19
1.7687297846536603,0.08381125012198964,19
1.8729479475296626,0.101959008821305,19
1.821809140366207,0.0743534163384405,19
1.7342654413142355,0.04122109459116796,19
1.79406021005069,0.084538105381445,19
1.6958060166514664,-0.01970254162730338,19
-1.0901335592974888,-2.6696776074697413,69
-1.2826389889077443,-2.9584087027069503,69
-1.2659299806034392,-2.882102939842672,69
-1.2849481650851011,-2.929005712424392,69
-1.2079853714990565,-2.866031012648264,69
-1.09013355929749,-2.6696776074697395,69
-1.2826389889077452,-2.9584087027069486,69
-1.2659299806034405,-2.8821029398426723,69
-1.2849481650851007,-2.929005712424388,69
-1.2079853714990583,-2.866031012648264,69
-2.500278326327588,-1.8559104457125408,76
-2.7324843114705684,-1.8542004599237794,76
-2.6244430139075483,-1.8535105231926225,76
-2.6783436573831687,-1.7921614701856405,76
-2.500288213992577,-1.8558986701783906,76
-2.732483888598752,-1.854201043345587,76
-2.624443051630667,-1.8535104814235035,76
-2.67834295589358,-1.7921623710877557,76
-0.16253446517693315,1.7110976387296917,29
-0.25817968160344906,1.6977110116926355,29
-0.2597653910297368,1.6901538477211926,29
-0.2789384704253266,1.7532979391089212,29
-0.2774549622480128,1.5941233793235075,29
-0.09634696094662809,1.8611585470211487,29
-0.19455345102956983,1.8956710247851114,29
-0.1780207203889868,1.7048377204326348,29
-0.2718508828519078,1.9572937773862162,29
-0.2858646742097808,1.7464974578610244,29
-2.06095938161419,-1.810915352218098,76
-2.431763398141563,-2.0025794483960495,76
-2.7596073390663034,-1.8663367719603239,76
-2.4666642640488297,-1.8838989218069888,76
-2.5693171520992006,-1.9929312547827607,76
-2.0609593815337672,-1.8109153522866732,76
-2.431764597212635,-2.0025782493525837,76
-2.7596076981496647,-1.8663362706929398,76
-2.4666632674554796,-1.8839000668816133,76
-2.569317427922346,-1.9929310155824613,76
-2.2095729264556327,-1.882099267952743,76
-2.7540146761297875,-1.9509143328981562,76
-2.7360756661127223,-1.9826836011932905,76
-2.5056287035638323,-1.9800572964531629,76
-2.574211374025961,-2.018281505727581,76
-2.209572917630043,-1.882099276848588,76
-2.7540144887431293,-1.950914561193988,76
-2.736075464260058,-1.9826838246088778,76
-2.50563243414193,-1.9800535026060595,76
-2.57421791482807,-2.018275934921292,76
-0.24192725845464727,1.5086245097365478,29
-0.16972974268846527,1.4208147144777867,29
-0.25989614933639227,1.511589681335743,29
-0.2879116692110584,1.5086031066850054,29
-0.16570672940866102,1.3865937845494938,29
-0.16188067450763616,1.4822583115315149,29
-0.2268714260951285,1.6141678561086534,29
-0.11993563614338408,1.5353861155142965,29
-0.14699318483607496,1.3437464245071766,29
-0.16135033303567622,1.3042564638195504,29
-0.2419272584554298,1.5086245097366582,29
-0.16972974268854882,1.4208147144778198,29
-0.2598961493387811,1.511589681336198,29
-0.28791166968177656,1.508603106804722,29
-0.1657067294086584,1.3865937845494922,29
-0.16188067452242363,1.4822583115340648,29
-0.22687142604618474,1.6141678561053614,29
-0.11993563614322326,1.535386115514303,29
-0.14699318483611357,1.343746424507201,29
-0.1613503330342713,1.3042564638187664,29
-2.110784350809582,-2.3857883493479917,75
-2.1888142887731408,-2.444266246091543,75
-2.164759661705419,-2.45738017453674,75
-2.1652496078932626,-2.442340840291136,75
-2.1107843410263616,-2.3857883580758217,75
-2.1888142879517574,-2.4442662468932452,75
-2.1647596620910474,-2.4573801741830317,75
-2.1652496076066923,-2.442340840556038,75
1.0745691571599287,1.9554528570178311,23
1.0315780017676035,2.1326333370630226,23
1.03146661995724,2.0028792531326145,23
1.0269684316787653,2.0638123982832983,23
0.9443446540787905,1.8655742131366528,23
1.223475521648828,2.223560601553971,23
1.1139809664815714,2.2669398320236565,23
1.1751785170086237,2.300742355811307,23
1.1077137927369085,2.248590939120347,23
1.0867135251247635,2.1946601969949304,23
-1.5165168106891393,-2.3591624248176695,75
-2.031169583201784,-2.5347697457414866,75
-2.1582496731972602,-2.405731310414448,75
-2.0885609383419546,-2.4178560668796174,75
-1.9275286035895356,-2.462555387483703,75
-1.5165132449807877,-2.3591654849527033,75
-2.0311662331127516,-2.534772026508921,75
-2.158249672866325,-2.405731310725159,75
-2.0885609338057933,-2.4178560704335093,75
-1.9275253641041707,-2.4625573696334357,75
-1.3423811788779345,-2.212984216527576,72
-1.3769884456242656,-2.293648533754261,72
-1.3880522867180303,-2.3066025051054795,72
-1.3666705404553436,-2.2407534866290275,72
-1.342381178877934,-2.2129842165275764,72
-1.3769884456242663,-2.2936485337542605,72
-1.38805228671803,-2.3066025051054804,72
-1.3666705404553439,-2.240753486629027,72
1.653755518900391,1.1567419661230607,35
1.656125820074114,0.8775519372827415,35
1.6987715266509935,1.0765651723399223,35
1.743713088573439,1.2167945518070065,35
1.5439180473155547,0.7278583418000706,35
1.5064005491298116,0.8918587596705203,35
1.4968736922431347,0.8185447142443533,35
1.4294784708233257,0.7213288249133285,35
1.537272750645266,0.8860906253001366,35
1.277190662296459,0.5805886388266497,35
-1.1584648482048387,-2.215551545771549,72
-1.356176665089684,-2.3510763152439313,72
-1.349169465666276,-2.3408304789896235,72
-1.3927601673384464,-2.3283572914472135,72
-1.3021611618077868,-2.371304226204247,72
-1.1584648482048372,-2.2155515457715493,72
-1.3561766650896836,-2.351076315243931,72
-1.3491694656662765,-2.3408304789896235,72
-1.3927601673384467,-2.3283572914472135,72
-1.3021611618077864,-2.371304226204249,72
-1.1863438133120305,-2.24934873336752,72
-1.4141055150638273,-2.308831068139511,72
-1.3141781801500607,-2.323101710332301,72
-1.3272970212498205,-2.376967471651075,72
-1.2847163476664054,-2.3466175900418347,72
-1.1863438133120296,-2.2493487333675217,72
-1.4141055150638275,-2.3088310681395114,72
-1.3141781801500614,-2.3231017103323,72
-1.327297021249822,-2.3769674716510756,72
-1.2847163476664059,-2.3466175900418356,72
1.3576072429847008,0.6245166073821922,35
1.4080842247636443,0.5332709883615888,35
1.2843123075254375,0.49140504595426165,35
1.1792628370514973,0.39015348697320756,35
1.2840329254187566,0.5238175502410906,35
1.4021969637300713,0.2559178678481463,35
1.5550833437206502,0.6829189556753028,35
1.5953612438862,0.650032838283483,35
1.3555555553713317,0.4403448747978337,35
1.2733544684666778,0.2580794612181866,35
1.3576072429846993,0.6245166073821956,35
1.4080842247636438,0.5332709883615866,35
1.2843123075254363,0.4914050459542505,35
1.1792628370514968,0.3901534869732079,35
1.2840329254187566,0.5238175502410902,35
1.4021969637300724,0.2559178678481456,35
1.55508334372073,0.682918955674785,35
1.5953612438856655,0.6500328382864051,35
1.3555555553712944,0.4403448747979164,35
1.2733544684666798,0.2580794612181862,35
-1.15293525304457,-2.5955995444121553,71
-1.140578873856354,-2.686656005853446,71
-1.1693036416693783,-2.7451451390611923,71
-1.1452131211998289,-2.6530614531415893,71
-1.152935253044571,-2.5955995444121553,71
-1.1405788738563531,-2.686656005853445,71
-1.1693036416693758,-2.7451451390611923,71
-1.1452131211998282,-2.6530614531415884,71
2.4653971684156644,0.8537579422648419,20
2.1421160253901705,0.8262799680366738,20
2.33344183431117,0.7142711526810323,20
2.3528054419583837,1.1695978050714781,20
2.111364684793956,0.6544831136402768,20
2.5064020497824795,0.7466862601206643,20
2.1897828098406444,0.6940411230661888,20
2.2325707291977555,0.5845664302056734,20
2.2286590718458315,0.7152462118625501,20
1.9963302908236824,0.5009783146470259,20
-0.987547032417941,-2.546733186153077,71
-1.1679544588993354,-2.717111989384302,71
-1.1437383879476974,-2.6510575844305344,71
-1.163429294087895,-2.7488016205455783,71
-1.1019559593017592,-2.715054705926253,71
-0.987547032417941,-2.5467331861530735,71
-1.1679544588993354,-2.7171119893843008,71
-1.143738387947697,-2.651057584430535,71
-1.1634292940878947,-2.7488016205455796,71
-1.1019559593017598,-2.715054705926252,71
-2.116417501509399,-1.9176420467070507,74
-2.205353149938844,-1.968406519440753,74
-2.2362136378059847,-1.9529033659837614,74
-2.1573557534042673,-1.9230050934989071,74
-2.1164175014356705,-1.917642046767715,74
-2.2053531499320864,-1.96840651944696,74
-2.236213637848672,-1.9529033659429187,74
-2.1573557533756538,-1.9230050935238638,74
0.6518814667187015,2.2934675840249885,27
0.5879144128827312,2.1096706147417374,27
0.6131419657006859,2.165846000838093,27
0.6813109909835832,2.185493981097029,27
0.3609397137064084,1.77479331180304,27
0.6491194441920056,2.250499266171506,27
0.5107952036556527,2.0807980179409027,27
0.4393047629248706,2.0812181681210142,27
0.4692775824686952,2.0570427379464142,27
0.28658292257308904,1.784956855582024,27
-1.8492029918847073,-1.961325238941315,74
-2.1701733932813254,-2.04938053636015,74
-2.2406454473289488,-2.0226915726739065,74
-2.184816418252044,-1.9634156342457507,74
-2.170763201163772,-2.0616717708402086,74
-1.8492029878632417,-1.9613252412955176,74
-2.170173393276732,-2.0493805363641435,74
-2.2406454473071054,-2.0226915726944186,74
-2.184816418246331,-1.9634156342508642,74
-2.1707632011741818,-2.0616717708311616,74
-1.999968155756389,-1.950550455253013,74
-2.469616153356613,-2.1228414736464765,74
-2.3808852868949524,-2.1078036041296135,74
-2.3644720090569478,-2.105286655245827,74
-2.2821612494666077,-2.1062455754087046,74
-1.9999681556839668,-1.9505504552990787,74
-2.4696161881841823,-2.1228414408859706,74
-2.380885288131659,-2.1078036029901104,74
-2.364472007762155,-2.105286656445162,74
-2.2821612493904238,-2.106245575479215,74
0.30318009453988104,1.704813381261221,27
0.3746184358061914,1.5728682982794617,27
0.28562430569779834,1.6563596057319874,27
0.2531451016563751,1.383923661057579,27
0.26890964718345106,1.57013218622877,27
0.3413900253669246,1.4625391668989798,27
0.4138931696754774,1.9666693698390452,27
0.4442319863607747,1.7179956594175485,27
0.29638468916402355,1.5534882912960128,27
0.22295286873579345,1.1772799679334394,27
0.30318009453988165,1.7048133812612232,27
0.3746184358061915,1.5728682982794615,27
0.2856243056978771,1.6563596057319996,27
0.2531451016563755,1.3839236610575774,27
0.2689096471834513,1.5701321862287683,27
0.34139002536691765,1.462539166898967,27
0.4138931696076897,1.966669369825062,27
0.4442319863607044,1.7179956594175294,27
0.2963846891640206,1.5534882912960122,27
0.22295286873579348,1.1772799679334396,27
-1.5487355598814492,-2.6504762071695427,73
-1.5962803923949087,-2.670986167390278,73
-1.6396483002017972,-2.753677569449849,73
-1.6489876839887165,-2.674177030266561,73
-1.5482795851261484,-2.6507267191086767,73
-1.5931247533260187,-2.6727365976651996,73
-1.640191745503311,-2.7533772821332008,73
-1.6489865678486262,-2.6741776814816896,73
1.4715042193907182,2.5677114444202305,23
1.410366407037216,2.6448968529927352,23
1.4292238349080522,2.6000399679978217,23
1.4751279343744195,2.612681842369756,23
1.334223485570609,2.4391304982409925,23
1.4756707158748317,2.582885732679524,23
1.4424807245020772,2.6270684674996687,23
1.4203914621063565,2.643337736175133,23
1.4476088606001218,2.5857284887242775,23
1.318949618153921,2.538326473812649,23
-1.318550056127764,-2.6235638646840065,73
-1.4851780178093148,-2.786373961940985,73
-1.5589229922441625,-2.591548530317572,73
-1.545808374372756,-2.681581171560459,73
-1.440243468401501,-2.691404463724937,73
-1.3185500581731908,-2.62356386327659,73
-1.4855624055681795,-2.786149052169499,73
-1.559945509171464,-2.5910008904292403,73
-1.5473174032205446,-2.680637442056568,73
-1.4402433165407797,-2.6914045687427506,73
3.4582811278006345,-0.9469197577862316,39
3.494870940191322,-1.0315154010107188,39
3.5367471199825666,-1.0068735218596763,39
3.446328624208457,-1.0180008719930962,39
3.4582811278006353,-0.9469197577862319,39
3.4948709401912663,-1.0315154010109389,39
3.5367471190631132,-1.0068735254119803,39
3.4463286243204414,-1.0180008715933595,39
1.4910836793778164,-1.8509888997399326,48
1.4923172383052306,-1.675013470052842,48
1.541333435924255,-1.74994837554886,48
1.6004078332413447,-1.7093052763110754,48
1.5065689288325488,-2.120250383769822,48
1.474595477659773,-1.8014445205951253,48
1.3980713184196265,-1.82125614719709,48
1.4694129079850518,-1.7719829047958893,48
1.5189917547500484,-1.7880381880740899,48
1.3118567991761096,-2.199637509651588,48
3.5755931575793674,-0.9465715379623885,39
3.5973089339995465,-0.8640558512881252,39
3.5366251558851514,-1.0272694951384902,39
3.594950201058423,-0.9504814975452278,39
3.550495629060277,-0.9956169996404327,39
3.5755931575785462,-0.9465715379656783,39
3.5973089339978936,-0.86405585129454,39
3.5366251558841357,-1.0272694951421413,39
3.594950201058446,-0.9504814975451146,39
3.5504956290604746,-0.9956169996395685,39
3.5813416127198767,-1.0603851478114834,39
3.5915052669437393,-1.0643756771159172,39
3.6398041481903056,-1.0228254216830936,39
3.7931752176664193,-1.0465085865905848,39
3.6647961422220043,-1.0180947631835895,39
3.5813416127306654,-1.0603851477704176,39
3.5915052669429883,-1.0643756771189012,39
3.639804148182637,-1.022825421714358,39
3.7931752176944245,-1.0465085864734398,39
3.664796142167739,-1.0180947634118445,39
1.356297303273928,-1.8346667588105487,48
1.3474447147823108,-2.1082253859814495,48
1.3539938837769803,-1.6170615778029016,48
1.3841810665671666,-1.860679415797059,48
1.4511475766861144,-1.7113668663900272,48
1.368028715485937,-1.8774948012164154,48
1.3646234567567024,-1.653382845520285,48
1.50410856619446,-1.73741690830184,48
1.433343452151976,-1.67626630243688,48
1.399049417680631,-1.8950629842201747,48
1.3562973032739332,-1.8346667588105432,48
1.3474447152639333,-2.10822538562145,48
1.3539938837769803,-1.6170615778029016,48
1.3841810665676135,-1.8606794157966582,48
1.4511475766861155,-1.7113668663900286,48
1.368028715486462,-1.8774948012159491,48
1.3646234567567026,-1.6533828455202848,48
1.5041085661944613,-1.7374169083018407,48
1.4333434521519746,-1.6762663024368807,48
1.3990494176806896,-1.8950629842201234,48
-1.6631760588097702,-2.5950443087252704,70
-1.6969753054874,-2.6070321609724916,70
-1.7370298597117264,-2.6712807454414573,70
-1.6223911567097131,-2.5545939490532685,70
-1.6631760588087903,-2.595044308725791,70
-1.6969753054866425,-2.6070321609728917,70
-1.7370298597059493,-2.671280745444412,70
-1.6223911567096363,-2.554593949053319,70
0.913802127880707,0.41865181214380587,37
0.8832551693145226,0.38880353140071333,37
0.9271925825563535,0.36830500335947014,37
0.9397892087263635,0.4478442422259822,37
0.8225360532553946,0.37694388583766125,37
0.8657072924121639,0.4485483925017659,37
0.8523265184984335,0.4266919296131311,37
0.7694139886076009,0.3827585542863462,37
0.8447627107324498,0.48548164347614753,37
0.7283146055135843,0.37286238355076534,37
-1.3376626038874346,-2.446736913390236,70
-1.5941648356106595,-2.679401677349908,70
-1.5859764021140694,-2.703265125811947,70
-1.6623074044411184,-2.7070673679891057,70
-1.54436510167447,-2.6610394362741263,70
-1.3376626038874344,-2.4467369133902364,70
-1.5941648356068288,-2.679401677351971,70
-1.5859764021094531,-2.703265125814486,70
-1.662307404435864,-2.7070673679919413,70
-1.5443651016742368,-2.66103943627425,70
-1.3908719474462397,-2.7126107175103735,70
-1.71399907930618,-2.7096849038293738,70
-1.5525163642937327,-2.735374266637491,70
-1.5973412816254018,-2.729390053429646,70
-1.526523938382212,-2.7263495633856136,70
-1.3908719474462388,-2.7126107175103757,70
-1.7139990802767642,-2.7096849033252477,70
-1.5525163640507031,-2.735374266771308,70
-1.5973412821604502,-2.729390053146054,70
-1.52652393838212,-2.726349563385666,70
0.704323335877445,0.3056272729313008,37
0.7126407301301385,0.30540256609167704,37
0.6823328518184455,0.3237746675779874,37
0.6732662449849267,0.2916199094683762,37
0.7344603361423044,0.30026685706171385,37
0.7081796187435541,0.23694807548066696,37
0.86904191847569,0.34057318796590724,37
0.832197128528265,0.3790891415445119,37
0.7129526350879678,0.2589568993242301,37
0.7117077870223167,0.2539199468931112,37
0.7043233358774444,0.3056272729313008,37
0.7126407301301385,0.3054025660916774,37
0.6823328518184457,0.3237746675779874,37
0.673266244984927,0.29161990946837624,37
0.7344603361423043,0.3002668570617138,37
0.7081796187435541,0.2369480754806667,37
0.8690419184756895,0.3405731879659073,37
0.8321971285282652,0.3790891415445119,37
0.7129526350879675,0.25895689932423055,37
0.711707787022317,0.2539199468931112,37
-1.373940008696407,-2.8661078261357975,69
-1.37902474225754,-2.868295673496982,69
-1.417668773388998,-2.916679407175927,69
-1.3473399026648336,-2.855336569461197,69
-1.373940008696408,-2.8661078261357984,69
-1.3790247422575392,-2.868295673496983,69
-1.4176687733889968,-2.9166794071759243,69
-1.3473399026648318,-2.855336569461196,69
1.599625133929526,0.2920272821319425,19
1.4959579737715307,0.22872600418920372,19
1.553383076414321,0.20640677987514042,19
1.5550008771618788,0.29302179238042897,19
1.4491749483125291,0.18271283983726327,19
1.60978021229029,0.28538448611129175,19
1.5728323914247355,0.21748373789510317,19
1.4957900163944715,0.18080360602999831,19
1.5372969585851048,0.2514555127061113,19
1.4426024567148252,0.12181798347063262,19
-1.16701454484818,-2.691052625504974,69
-1.3598283212278328,-2.8979291843609634,69
-1.3462541593279094,-2.8532115451847546,69
-1.3622333491902416,-2.888344993469716,69
-1.2832549984913262,-2.793498800940123,69
-1.1670145448481843,-2.6910526255049705,69
-1.3598283212278328,-2.8979291843609634,69
-1.3462541593279111,-2.853211545184756,69
-1.3622333491902403,-2.888344993469718,69
-1.2832549984913266,-2.7934988009401245,69
-2.671072658371883,-1.6459375657255166,76
-2.842851749525862,-1.7130694523271408,76
-2.7488428293384493,-1.6842289239625388,76
-2.8035210537806625,-1.6329997904588298,76
-2.671072658622498,-1.645937565420391,76
-2.8428521523430947,-1.713068797906228,76
-2.748842827177144,-1.6842289271904176,76
-2.8035210421494345,-1.632999808622792,76
-0.4212539483205684,1.6385464536621763,29
-0.5170380788013346,1.6533358498428032,29
-0.4850243000016835,1.636404730633007,29
-0.5378151901436092,1.7155540734775856,29
-0.47550701639714954,1.532529338543964,29
-0.44636546374737796,1.771753796898511,29
-0.4921854369127227,1.7858800472731051,29
-0.49021817426820097,1.6385821350374465,29
-0.5725728812133192,1.853839883570211,29
-0.4974840811937426,1.5872229798173991,29
-2.110459603111789,-1.662369423370011,76
-2.634363863500707,-1.7593039531233137,76
-2.8636813067925018,-1.7538133249640282,76
-2.6568465847712472,-1.683927799322587,76
-2.7312899555225743,-1.754139173081409,76
-2.110459603111468,-1.662369423370374,76
-2.634363861787519,-1.7593039550055072,76
-2.863681298251942,-1.7538133377977119,76
-2.656846584839064,-1.683927799244146,76
-2.731289911583989,-1.7541392362277712,76
-2.29429183512745,-1.7505215388247588,76
-2.8673749248512137,-1.822689004019096,76
-2.8957010972451362,-1.8170086334243865,76
-2.778341111293715,-1.7771997312682424,76
-2.762715708684245,-1.7879797666093045,76
-2.2942918091498523,-1.750521566397446,76
-2.8673749192264606,-1.8226890122805035,76
-2.895701308257375,-1.8170083242322121,76
-2.7783407706069303,-1.7772002679930679,76
-2.7627157088725167,-1.7879797663209152,76
-0.44897485087107314,1.4955561789463563,29
-0.4053835860126298,1.4435850017535938,29
-0.47848870593072773,1.4772097579628216,29
-0.5129786220936504,1.4354163584364712,29
-0.35008308647088626,1.3692094770998182,29
-0.36791406845778396,1.3421791070258067,29
-0.45137667634172396,1.5407331201904992,29
-0.39379043902998523,1.5160318476012922,29
-0.38805279982259094,1.3470699532113057,29
-0.3900413288295763,1.2791425532719969,29
-0.4489748508711037,1.495556178946366,29
-0.4053835860126246,1.4435850017535925,29
-0.47848870593071496,1.4772097579628174,29
-0.5129786220943456,1.4354163584367683,29
-0.3500830864708877,1.3692094770998182,29
-0.3679140684577573,1.3421791070257967,29
-0.4513766763416942,1.5407331201904793,29
-0.3937904390299627,1.5160318476012784,29
-0.38805279982259755,1.3470699532113075,29
-0.39004132882959064,1.279142553272006,29
-2.2868246087492605,-2.258016362934368,75
-2.346521673581112,-2.301410512780293,75
-2.3163019832657694,-2.2976868808465127,75
-2.328578155738545,-2.309852154840545,75
-2.286824608830369,-2.258016362851259,75
-2.3465216711560712,-2.3014105152362747,75
-2.316301983103299,-2.2976868810135223,75
-2.3285781474328537,-2.3098521633809392,75
0.721439075166707,1.9691786615892066,23
0.5878103647044028,1.9320191690491397,23
0.5978678333676958,1.8817175400814683,23
0.5554648760992243,1.8430197940439113,23
0.4648737538062562,1.6885204183844549,23
0.7878713782302889,2.1929213384279755,23
0.7318691161363552,2.147699086130015,23
0.7536758185943806,2.109097968551365,23
0.6966878188676283,2.133873173861746,23
0.6249378286269864,2.032371951567143,23
-1.9775959044197984,-2.0883581996866964,75
-2.2229711334471665,-2.3345534739825333,75
-2.297123407811053,-2.2524036187316683,75
-2.2534118769322564,-2.2388043296196054,75
-2.209283367492152,-2.2338169050776155,75
-1.9775959044202156,-2.0883581996864593,75
-2.222971133521134,-2.33455347390534,75
-2.2971234079169585,-2.2524036186238194,75
-2.253411876933279,-2.2388043296185582,75
-2.2092833674917247,-2.2338169050780445,75
-1.4513744343330444,-2.1281655607943684,72
-1.476288013492988,-2.1675891603061412,72
-1.5079426485688618,-2.2303790897726827,72
-1.437794811121614,-2.1494136365168766,72
-1.451374434333046,-2.1281655607943666,72
-1.476288013492989,-2.167589160306141,72
-1.507942648568861,-2.230379089772684,72
-1.437794811121617,-2.1494136365168766,72
1.3474043707322692,1.1153119687748774,35
1.292396790809296,1.0314469136620528,35
1.3957084064001128,1.1301343176871779,35
1.437276902093503,1.2143497481012397,35
1.1887596958516624,0.9104749632738527,35
1.2164620711187062,0.987921827289988,35
1.2460782743472207,0.9757505770794138,35
1.1425089550780205,0.8823143989221425,35
1.2522164783373346,1.0592491093000629,35
0.9727600159133858,0.7500663280043668,35
-1.2187787476591228,-2.085485085124752,72
-1.4418292808399817,-2.2685899357317267,72
-1.4522453107090905,-2.246124027342188,72
-1.4966478512354908,-2.256513932741552,72
-1.4004812718121704,-2.257491411950068,72
-1.2187787476591208,-2.0854850851247515,72
-1.4418292808399817,-2.268589935731726,72
-1.4522453107090905,-2.2461240273421876,72
-1.4966478512354915,-2.2565139327415498,72
-1.4004812718121704,-2.257491411950068,72
-1.2527220434891135,-2.1331316930021638,72
-1.4777569302792517,-2.2508946009874373,72
-1.4055529865217262,-2.2183121936735066,72
-1.396699229495656,-2.287874998631995,72
-1.3924453634653733,-2.2338729041763665,72
-1.2527220434891129,-2.133131693002164,72
-1.4777569302792606,-2.25089460098743,72
-1.4055529865217253,-2.218312193673507,72
-1.3966992294956562,-2.2878749986319926,72
-1.3924453634653733,-2.2338729041763674,72
0.9892366262568125,0.7150755524190703,35
1.0896519553773911,0.6367168285222509,35
0.96799777183144,0.6889118094293729,35
0.9229806994703486,0.5049418682751978,35
1.0238099289690956,0.6414079775930608,35
0.9846794616327786,0.44282060624331004,35
1.2095053078776914,0.830168345328975,35
1.212659882760757,0.8526440766012795,35
0.968364230469971,0.6059734186024519,35
0.9665799929265059,0.4259436297854383,35
0.9892366262568126,0.7150755524190693,35
1.089651955377393,0.6367168285222532,35
0.9679977718314403,0.688911809429373,35
0.922980699470349,0.504941868275198,35
1.0238099289690958,0.6414079775930611,35
0.9846794616327783,0.4428206062433097,35
1.2095053078780809,0.8301683453282988,35
1.2126598827601565,0.8526440766023364,35
0.9683642304699708,0.6059734186024524,35
0.9665799929265052,0.4259436297854387,35
-1.2483046830891802,-2.605697623169159,71
-1.2385288104733885,-2.647712274345673,71
-1.2623869673334853,-2.7413722821240087,71
-1.2255284002278763,-2.6239061530213754,71
-1.2483046830891804,-2.6056976231691586,71
-1.238528810473389,-2.6477122743456736,71
-1.2623869673334862,-2.7413722821240087,71
-1.2255284002278717,-2.6239061530213714,71
1.9456301684086326,1.2517326800982993,20
1.768641780095596,1.0564636019521183,20
1.8888427960260321,1.0909503763276522,20
1.8653377677160732,1.2814074666172364,20
1.7112119017022154,0.8260721340269833,20
1.9253303847343897,1.025169625695671,20
1.8257848594733226,1.007001242430667,20
1.8332558142966624,0.8292297509838601,20
1.8355258628694167,1.1020391965429694,20
1.6731074113454014,0.6926379691696042,20
-1.0672955097570616,-2.48251772177161,71
-1.243534510157407,-2.7288695389967614,71
-1.2253281344792153,-2.623045635049423,71
-1.2472986422036643,-2.7353046722881573,71
-1.169809009638133,-2.688507087191499,71
-1.0672955097570618,-2.482517721771612,71
-1.2435345101574078,-2.72886953899676,71
-1.2253281344792135,-2.6230456350494142,71
-1.2472986422036632,-2.735304672288156,71
-1.1698090096381277,-2.6885070871915024,71
-2.187074717253756,-1.7913601913218358,74
-2.2918220587612725,-1.8428335987088351,74
-2.2978737000012868,-1.842734377061608,74
-2.2213717959757204,-1.8024608277186187,74
-2.187074717286483,-1.7913601912892612,74
-2.2918220587701437,-1.8428335986995188,74
-2.2978737000601166,-1.8427343769993838,74
-2.2213717959647132,-1.8024608277301915,74
0.18877148705788835,1.8898012435073728,27
0.14937627703687878,1.7689144772182268,27
0.1699729680187913,1.8107394994181625,27
0.18890038063692385,1.855951427444411,27
0.07825809328956579,1.5681236579089992,27
0.19482901809560438,1.901803369152183,27
0.157385450990644,1.8323712809676262,27
0.10547190183303427,1.8015318831231328,27
0.11491436828808836,1.8573573432711992,27
0.032360930475852694,1.5870079588009998,27
-1.8959086144302169,-1.8202068832903364,74
-2.1971446284057063,-1.9181176422625474,74
-2.3179250175790047,-1.8906906879031762,74
-2.242558021763998,-1.8425743146090863,74
-2.231335480535399,-1.921848312152988,74
-1.895908614434064,-1.8202068832876406,74
-2.1971446284189664,-1.91811764225043,74
-2.3179250177190793,-1.8906906877594687,74
-2.2425580217684686,-1.8425743146045839,74
-2.2313354805345,-1.921848312153853,74
-1.9308823801851838,-1.7988113981494112,74
-2.4868000794875424,-2.012890296062693,74
-2.4331446226839097,-1.9738819633675013,74
-2.3791916681639345,-1.9801558455046173,74
-2.3205589296663427,-1.9617301784829206,74
-1.9308823801923918,-1.798811398144139,74
-2.4868000610344576,-2.012890313851043,74
-2.433144660237209,-1.9738819267078258,74
-2.379191663242616,-1.980155850530992,74
-2.3205589303046446,-1.9617301778520535,74
0.08606050955698388,1.490649881480461,27
0.1381231799470881,1.3360661919310222,27
0.040777848503765396,1.4537710330398486,27
0.08460593944846448,1.217380840772321,27
0.1132697071778483,1.4007973605929303,27
0.13207850474144173,1.2163673028100457,27
0.10838198310528784,1.71781705587725,27
0.1478782108205497,1.5627876464343418,27
0.04855585151791171,1.3291806448377264,27
0.07667387347162999,1.0990926991339898,27
0.08606050955698387,1.4906498814804627,27
0.1381231799470882,1.3360661919310204,27
0.04077784850376538,1.4537710330398472,27
0.08460593944846444,1.2173808407723192,27
0.11326970717784829,1.4007973605929311,27
0.13207850474144153,1.2163673028100466,27
0.10838198310523225,1.717817055877235,27
0.14787821082054783,1.562787646434344,27
0.04855585151791176,1.3291806448377248,27
0.07667387347162988,1.099092699133991,27
-2.0569718549478497,-2.2799148206695206,73
-2.0974587980964823,-2.303646601779984,73
-2.154720708516534,-2.3844567097701597,73
-2.1195135527574562,-2.3380018967808724,73
-2.0569718549520024,-2.2799148206658844,73
-2.0974587981018606,-2.303646601774906,73
-2.1547207085119395,-2.3844567097742297,73
-2.119513552746822,-2.3380018967905976,73
1.1820513572682785,2.397303306052069,23
1.0857698289895257,2.384526412483553,23
1.1344939840505674,2.3972523809663295,23
1.13383487707051,2.3697219167027592,23
0.9993933595809974,2.178885306598585,23
1.187777674741358,2.406577403401348,23
1.123002637243276,2.3670072864758365,23
1.0955647282596253,2.364951810305464,23
1.0907186152522335,2.299319121881354,23
0.9720793948277621,2.206934969262162,23
-1.469877145103015,-2.4364498064858093,73
-2.0390474145583437,-2.4220684087928634,73
-2.0560090584188813,-2.274171681236159,73
-2.0752492043258757,-2.3396827722110274,73
-1.8284151071431376,-2.46036667445913,73
-1.4698771761322027,-2.4364497843109376,73
-2.039047414780017,-2.422068408647632,73
-2.0560090584183,-2.274171681236664,73
-2.0752492042095194,-2.3396827723154443,73
-1.828415066852618,-2.4603666985132273,73
3.398250164269985,-0.9813976567874498,39
3.4542580793401245,-1.0617004920079418,39
3.472550640578256,-1.048602309650212,39
3.377739620435249,-0.9930596102386288,39
3.398250164269987,-0.9813976567874467,39
3.4542580793401276,-1.0617004920078958,39
3.4725506405782602,-1.0486023096502006,39
3.3777396204352472,-0.9930596102386301,39
1.2398605793170587,-1.911407274611034,48
1.3749016720176568,-1.6797736564937567,48
1.363064288937992,-1.7636227033657235,48
1.4797482872203127,-1.6457690352889698,48
1.294171598564992,-2.047925126351252,48
1.2530791734384217,-1.8241055948100364,48
1.3033451773140285,-1.7981758201942013,48
1.332998126343905,-1.7608581826129193,48
1.4068652099809962,-1.7365736365351885,48
1.1830571266381362,-2.0648450132864924,48
3.6254942273585806,-0.9539475735171289,39
3.5162472193602086,-0.9102348719333682,39
3.5041166850642007,-1.0427457587672617,39
3.5946994849402376,-0.9996213430982435,39
3.528515785838994,-0.9916636274092617,39
3.6254942273588715,-0.9539475735158686,39
3.516247219360219,-0.9102348719333517,39
3.504116685063708,-1.0427457587691984,39
3.5946994849420184,-0.9996213430910433,39
3.5285157858381604,-0.9916636274127301,39
3.608829208923198,-1.0869879070719652,39
3.5075002045042765,-1.0887342325501839,39
3.581707147006007,-1.0546344918778248,39
3.7393464106462027,-1.090619807403675,39
3.6097876829087046,-1.013447731559365,39
3.608829208918337,-1.0869879070914477,39
3.5075002045048365,-1.088734232548011,39
3.58170714700653,-1.0546344918757742,39
3.7393464106157346,-1.090619807519973,39
3.6097876869881693,-1.013447715042645,39
1.1754926032123463,-1.8477546666111464,48
1.183536153655323,-2.1035704957856294,48
1.1821068227743492,-1.6509251620519654,48
1.2724318085058042,-1.805676732640806,48
1.2953768344872378,-1.7215583584846563,48
1.279246623265277,-1.876163735294399,48
1.195517033903738,-1.6791275385742155,48
1.3957796385137557,-1.6969119753080084,48
1.246828729927647,-1.6912634468358365,48
1.2703279733328217,-1.8183057066452277,48
1.1754926032121265,-1.847754666611353,48
1.1835361538015774,-2.103570495655636,48
1.1821068227743496,-1.6509251620519647,48
1.2724318085054502,-1.8056767326411352,48
1.2953768344872383,-1.7215583584846565,48
1.2792466232644346,-1.8761637352951426,48
1.1955170339037366,-1.6791275385742168,48
1.3957796385137569,-1.6969119753080075,48
1.246828729927646,-1.6912634468358365,48
1.2703279733328927,-1.8183057066451618,48
-0.03519261996064758,0.8703078396484625,32
-0.08191776927311213,0.8684739514352718,32
-0.04987173561692238,0.8597279743467566,32
-0.07123209655150152,0.9559111727008456,32
-0.08119897110646886,0.8448588172037609,32
-0.04659211451269991,0.8774307212990996,32
-0.06740857423804662,0.8692093222783439,32
-0.07988635804489311,0.8051843758869045,32
-0.12789273890795433,0.9471104733047141,32
-0.05584212662314337,0.7391841284851837,32
-2.293326534482703,-0.6673059119358556,80
-2.2933265192432635,-0.6673059471059719,80
-2.476578580601815,-0.6722892462257778,80
-2.47657857226362,-0.6722893150843435,80
-0.08092041110318293,0.7040755070450225,32
-0.06865386522779854,0.6583804497688115,32
-0.08092041110318293,0.7040755070450225,32
-0.06865386522779854,0.6583804497688114,32
0.7314184293168731,0.8171626853436872,15
0.6794060598341156,0.7607160617807908,15
0.7201849155647602,0.7712451732029716,15
0.7937724306022611,0.877597929602429,15
0.6472911993768441,0.7394209600448876,15
0.755165996939878,0.8282885734836594,15
0.736169937632596,0.7518181253521157,15
0.7350128037313319,0.7098125305291044,15
0.7044346432222435,0.8277993208028278,15
0.6709503171930683,0.6239612953782454,15
-2.08164822840067,-1.3365074425901626,80
-2.0816482284716185,-1.3365074424982557,80
-1.0429861289651352,1.9238780677489657,25
-1.0414259327127149,1.9019883101490473,25
-1.0665864070365172,1.9215304791322174,25
-1.0807895372537966,2.013019570832363,25
-0.9852356850102841,1.8132921259872026,25
-1.0877145405211683,2.057658265554648,25
-1.0713190846692695,1.9710375629887769,25
-1.1040535654259889,1.9839052294078885,25
-1.1521006161254224,2.070915009124821,25
-0.9822963151317342,1.8393704757151148,25
-2.8210143411432114,0.3601136822310743,84
-2.8210143411432127,0.36011368223107487,84
-2.9375635514703786,0.42273268890685234,84
-2.9375635514703613,0.4227326889069338,84
-1.1189072742362955,1.7825146937259295,25
-1.0414065989453714,1.6971960256883536,25
-1.1189072742362944,1.7825146937259289,25
-1.041406598945371,1.6971960256883536,25
-0.15131101962400306,1.8859466879179163,21
-0.23102917036921758,1.9248913814340152,21
-0.18354054848492607,1.9816791587282454,21
-0.15707401378180588,2.0622435790233573,21
-0.13684353857132736,1.8169200357599298,21
-0.13573264113852734,2.2127006741970234,21
-0.14881563195009395,2.113249041984094,21
-0.17352857373557626,2.21106099170475,21
-0.19615219072683804,2.177821298602838,21
-0.16617059637319548,2.0333338052649985,21
-2.7931031653557983,-0.26325262654331105,83
-2.7931031653557996,-0.26325262654333953,83
0.1934836998635985,1.3470271248504524,30
0.15278193696823902,1.3215137955231988,30
0.2088392494813475,1.3918253744351947,30
0.24626187837116217,1.4084777590479227,30
0.1410208325150858,1.2061849435445116,30
0.120633332497782,1.215946765483998,30
0.07678942131769194,1.2544733727611428,30
0.046677823564913665,1.1514112074021632,30
0.06490663578171252,1.2863506828732976,30
0.05351295693600356,1.0744142433149995,30
-2.281678241062683,-0.8118025045867979,78
-2.2816783834710574,-0.8118022076235305,78
-2.0752514948509244,-0.7442432992382884,78
-2.075251494803202,-0.7442432993539541,78
0.01768826901687346,1.0386413265303365,30
0.09260284850310667,0.9632736440437901,30
0.017688269016873384,1.0386413265303382,30
0.09260284850310664,0.96327364404379,30
1.1144386616311863,1.7438130487839896,20
1.0247287114899295,1.6052870940257982,20
1.085840720575721,1.6724911216431784,20
1.1466565584274024,1.6734423714622604,20
1.0086864922172767,1.3769667957962712,20
1.046126187512572,1.6165557112221247,20
1.0706861224656399,1.5463216428142093,20
1.051592471741305,1.5215633834430182,20
1.053715460653973,1.551444763561546,20
0.9854004797420447,1.2233973435745686,20
-1.7981523541149527,-1.6356098820591733,77
-1.798152354109097,-1.6356098820657983,77
-0.5629810566111069,2.047130322554725,24
-0.5593812584387332,2.029775006409932,24
-0.5870469644080412,2.08363509638734,24
-0.47763774040378726,2.0548297229995884,24
-0.5410949428134226,1.8926647644259074,24
-0.5638804624362974,2.1339917437468143,24
-0.5974774871125236,2.062052698217677,24
-0.6570175110651929,2.0444144210382063,24
-0.6045001739148279,2.0642667157104047,24
-0.6285202882538534,1.9239685446415862,24
-3.0204523645068093,0.235140435548763,88
-3.0204523645068835,0.23514043554846342,88
-2.9244697545010028,0.336559867398617,88
-2.9244697545009966,0.33655986739863636,88
-0.6838685828350939,1.800392322584287,24
-0.5435992321345238,1.5904210178685705,24
-0.6838685828350939,1.8003923225842866,24
-0.5435992321345241,1.5904210178685696,24
0.45160278007978816,2.3845251488784704,22
0.37691087278399377,2.4789315955045095,22
0.4373833495778425,2.470827112439593,22
0.4652459873831603,2.4661649116631494,22
0.412475586039093,2.3069623827437673,22
0.4285447798950953,2.474263217412075,22
0.36252233099038467,2.409361975389915,22
0.3349757383966717,2.4636957937656256,22
0.32746915950440203,2.3965172771201853,22
0.29293171982899324,2.3034454643500824,22
-2.915036561983211,-0.4849564365877175,87
-2.9150365642526945,-0.48495632869359784,87
1.1481009446959811,-1.5082313782470302,50
1.130367931923076,-1.5645104019847005,50
1.203066122486443,-1.5170243409412967,50
1.2066993082050652,-1.5564733523239926,50
1.0503605125044622,-1.933883400414163,50
0.9560527144374746,-1.6357073934343314,50
0.8869627152346485,-1.8266213332222487,50
0.9832929225465813,-1.7565102923159073,50
0.9300429809363445,-1.841020370959797,50
0.8909434076309016,-2.0823499248998085,50
3.395640439746166,-0.8566009236011562,38
3.395640439746169,-0.8566009236011566,38
3.3513543463712656,-0.9016962084513743,38
3.3513543463712643,-0.9016962084513751,38
1.0787570916522415,-1.5621892573140366,50
1.1221622412251253,-1.8195255368838932,50
1.0787570916522422,-1.5621892573140364,50
1.1221622412226457,-1.819525536886202,50
-0.2256548883537654,0.9660903708226272,32
-0.3205948824449454,0.9455804275483918,32
-0.2526534488859287,0.9616061355958938,32
-0.29547247366624213,1.0473806364365021,32
-0.28985947674030427,0.9330056709129976,32
-0.26631721487883037,0.9827298818665625,32
-0.29726799158304223,0.9583146191893722,32
-0.3065791482184529,0.9246690532525739,32
-0.3586029391503519,1.0372455005476047,32
-0.29207520919117924,0.862882790060319,32
-2.584288372852601,-0.3771830661461724,80
-2.5842883729233064,-0.37718306594252105,80
-2.8380929941543758,-0.31753095048892843,80
-2.8380929941474933,-0.3175309505833248,80
-0.23368212375372438,0.8109532694993644,32
-0.22985246163013462,0.7657512337121714,32
-0.23368212375372494,0.8109532694993647,32
-0.22985246163013448,0.7657512337121709,32
0.6104186456130354,0.9937666997898253,15
0.4263048676156585,0.9246946513063317,15
0.5559417010628174,0.9488131699794675,15
0.5420828133981683,1.077949323777813,15
0.4354896056405267,0.9160476561129178,15
0.5005575945522637,1.0173877041780168,15
0.37694371187706605,0.9381637074991184,15
0.41831152772533436,0.8935173942831872,15
0.31910942919460755,1.0665564063115012,15
0.3551260518416161,0.8366776900469308,15
-2.30821994661733,-1.0741861518754283,80
-2.3082199466173488,-1.0741861518754132,80
-1.3071670673739102,2.090846462295914,25
-1.320851084175629,2.0553253757942134,25
-1.3870807191110706,2.132327077108945,25
-1.3224412046732095,2.1128369687803206,25
-1.2473149780092816,1.929651008755526,25
-1.355031872200843,2.238134495127819,25
-1.3461735381435973,2.1294220222946794,25
-1.4048433760788592,2.1667454230584404,25
-1.4179791556842152,2.213860450336661,25
-1.2827529507437447,2.0186826027867815,25
-3.038061193973278,0.7385383500122635,84
-3.0380611939732662,0.7385383500122898,84
-3.1990626627479415,0.7819953775384938,84
-3.1990626627479744,0.7819953775384179,84
-1.277944064655989,1.8955199171512813,25
-1.194493792336779,1.8039478501012014,25
-1.277944064655986,1.895519917151281,25
-1.194493792336779,1.8039478501012025,25
-0.43864764027678776,2.2708052957081954,21
-0.5985058342700712,2.240156611757298,21
-0.5211060506999523,2.3470207434290824,21
-0.4859227910011753,2.33940019610583,21
-0.5194338784595095,2.1424368338545117,21
-0.4552099052858457,2.4675888290490215,21
-0.4696082312520246,2.3721189001861682,21
-0.5095002442841315,2.525051158676492,21
-0.5190793282106896,2.4358074316445384,21
-0.5164741135753694,2.3146408401831895,21
-2.9880811896263166,-0.08190584560848693,83
-2.9880811896259614,-0.08190584557514562,83
-0.030977590645238303,1.5167987033804897,30
-0.11477536059171757,1.4115667878456182,30
-0.04849125220313992,1.5377437695814964,30
0.013424457904679969,1.5019188828955525,30
-0.08390421265570382,1.301937292899684,30
-0.11634765357812943,1.4045062910109598,30
-0.178523594687629,1.4002295273979988,30
-0.19943730824545186,1.3334436638511717,30
-0.175758099131587,1.4359250798250254,30
-0.19016756108127247,1.228070908285025,30
-2.748764012550869,-0.23006252579851627,78
-2.7487640125508714,-0.23006252579852368,78
-2.569890477632747,-0.22449795529983657,78
-2.5698904776327787,-0.22449795529969288,78
-0.156518511586207,1.1376326715395064,30
-0.08369447382413855,1.0987924235875053,30
-0.15651851158620703,1.1376326715395064,30
-0.08369447382413855,1.0987924235875053,30
0.9373081586000674,1.8875643118340213,20
0.7890695138588497,1.7850933069052497,20
0.9168386369092397,1.9296139233180323,20
0.8953047564196065,1.849889886798321,20
0.7717997982141463,1.651476442398507,20
0.8101285049845154,1.7640925937612644,20
0.789292329252774,1.7972430273712054,20
0.7731596098171691,1.824224335370056,20
0.7711936114361715,1.7973065563275965,20
0.6224473460149226,1.6269545769769953,20
-2.4008700927116835,-1.2008154751714735,77
-2.4008695201049592,-1.200816139118287,77
-0.7556829302139326,2.240062443596557,24
-0.8603747085357287,2.0879330688908517,24
-0.8581857508233961,2.1940696858138584,24
-0.7467364913738228,2.1179041213347825,24
-0.804217310812111,1.9622579376017721,24
-0.8171315261668891,2.288162102692811,24
-0.8916292705167824,2.1314557847288316,24
-0.960668385584544,2.221663735391325,24
-0.8892320565893795,2.1304356849126744,24
-0.91685833001991,2.035256949971134,24
-3.3520769490341307,0.5859092952319722,88
-3.3520769490296143,0.5859092952492378,88
-3.2598125847501227,0.6951925508321791,88
-3.259812584710043,0.6951925509561109,88
-0.8096286607251776,1.9056307417529852,24
-0.693814987747163,1.720269820855942,24
-0.8096286607251783,1.9056307417529859,24
-0.6938149877471634,1.7202698208559422,24
0.23986033858716785,2.656878626219556,22
0.023642333519727193,2.600470409347189,22
0.13141500628555283,2.658886573547749,22
0.15330743436624397,2.6136638423389,22
0.08646469744165443,2.4702027987940993,22
0.14160941480102515,2.6553604685104255,22
0.06709855755338413,2.573723041368912,22
0.04854940338662192,2.7053079279548804,22
0.055614870927450974,2.5844724573111213,22
-0.0034835449524640394,2.5432411788948177,22
-3.1818679829118124,-0.2575357623424583,87
-3.181867982900785,-0.25753576304107,87
0.9239213318425556,-1.673014701176982,50
0.9258826040414787,-1.6382674626465656,50
0.9576357785384904,-1.655585414727329,50
1.0231225904383674,-1.6398289594340403,50
0.922437542251392,-1.9966411209273358,50
0.8371807213730219,-1.7616127558732602,50
0.770033570678544,-1.8072425702186694,50
0.8349076248226951,-1.823926934712846,50
0.8364672073240401,-1.8024205550829402,50
0.8146797892194952,-2.064190261637875,50
3.3817581253088833,-0.8384668133470167,38
3.3817581253089117,-0.8384668133469464,38
-2.398778341730512,2.361655819019214,38
3.248743639513666,-0.9044057784009037,38
0.8765340789361699,-1.7886748547828204,50
0.9695193352650657,-1.9213281700718148,50
0.8765340789361786,-1.7886748547828153,50
0.9695193352659183,-1.9213281700710172,50
-1.6738753188552233,2.427360534524594,33
-1.787285363561798,2.4260744428379732,33
1.385568278602208,2.55279611094241,33
-1.5884951550795734,2.485653401241196,33
-1.750376765543803,2.45906165467774,33
-1.7825837846399146,2.4021033763284123,33
-1.7563991137820463,2.344517417366668,33
-1.815051834781605,2.31559993319177,33
-1.757542390614122,2.39229473985526,33
-1.8667841119483506,2.368621811016711,33
-2.6800170150251197,2.091467759139508,86
-0.7671806810412292,-3.1205856366573284,86
0.5218369158667612,3.4648066439227954,15
0.4895277325183931,3.4497921759004146,15
0.6009636839008787,3.498698796367722,15
0.6813743562250992,3.419640121961987,15
0.5765251343698754,3.475590357153307,15
0.39344548103825766,3.3902872099699075,15
0.43953560810854575,3.4066189126392104,15
0.41298726106509287,3.3972541584866263,15
0.4609184876862208,3.344663117645708,15
0.3698326039643956,3.3906835992819024,15
1.8118886717059453,-0.5490004355545299,80
-0.7965070026230825,-2.188516007346247,80
-2.001479496671343,2.965745007355,25
-2.013208311481045,3.0180053070656054,25
-2.012416676828874,3.052272912240105,25
-1.9282462875975042,3.1264713900143617,25
-2.0073623703666272,3.0516563581817695,25
-2.019839811581741,2.9622256987215763,25
-2.025807996679057,3.0210049030431976,25
-2.0917601941126582,2.9431646902864173,25
-1.9977441148472812,3.0730981124031844,25
-2.0901059934738604,2.968725503051617,25
-2.927264298863544,2.455411735364248,86
-2.927264300400026,2.4554117335049175,86
-1.319627612966388,3.571923160361073,18
-1.4125382741077892,3.5415759738996835,18
-1.3770933122601547,3.6130948667038005,18
-1.2490341339321025,3.554097205111183,18
-1.3937825785693199,3.4888722149869196,18
-1.4401548274492955,3.540208834359688,18
-1.3585590230712474,3.566242545052,18
-1.5203178065980907,3.5868446606898226,18
-1.3253418340887932,3.5101395092973,18
-1.6021847245609462,3.4514786841341483,18
-2.2332730881919374,1.682610749217219,86
-2.2332730881919374,1.682610749217219,86
-0.30796538216642755,3.08866508946741,31
-0.367686535500745,3.0898911906641238,31
-0.2721663367786173,3.1653598748156897,31
-0.19972931143347394,3.1689458203836054,31
-0.33615363633757533,3.1660891736301315,31
-0.5032300358332056,3.0151292797729834,31
-0.5715002824463166,3.057960262962043,31
-0.6285771258729353,2.944676730690977,31
-0.616240524507197,3.089292698438911,31
-0.8164440938047314,2.9228732366972734,31
-2.7110838392132863,2.124779872909341,86
-0.7845084630813455,-3.1681042007678446,86
0.6777807525059223,3.3041187547196236,17
0.6646334995916852,3.321233008982211,17
0.7322546744744909,3.3285657587290394,17
0.8096422907813169,3.3111806137756585,17
0.6503330438996212,3.350840982405094,17
0.56875126169935,3.1973463307428567,17
0.5774016975457315,3.300650144657344,17
0.6215055300509422,3.252455374409052,17
0.5635867006590812,3.243023228399731,17
0.48137699532642103,3.228085088618429,17
-2.5879092979559446,1.6236564833295126,77
-2.5879092979557874,1.623656483329745,77
-1.4600218878247124,3.213769575360964,24
-1.4403357131874528,3.23760547974105,24
-1.4155484823211153,3.2757274247461456,24
-1.3534478678083084,3.3091465903452733,24
-1.5073827363917007,3.2257519064640223,24
-1.4815436706990377,3.1495042585116204,24
-1.4983057580659915,3.2159728850574107,24
-1.5731948815683376,3.137061306390094,24
-1.5180785084977941,3.217917422106132,24
-1.6640206321169657,3.0942855268725276,24
-3.0128912671995356,2.4067870079072495,86
-3.012891267196358,2.4067870079112375,86
-0.44183809286654635,3.629879328313179,17
-0.5329328892115271,3.572240263813179,17
-0.48235389149681407,3.6354504126639604,17
-0.45303616743207087,3.5655182870284703,17
-0.6525342865781693,3.5077622769056904,17
-0.5913097414325398,3.5759183344288084,17
-0.5870363224894819,3.575821509651675,17
-0.6515873315526883,3.6261200126957975,17
-0.6219749652703335,3.5038718780618954,17
-0.8667406393740461,3.484484641383953,17
-2.594703261408597,1.8058914866724969,86
-2.5947032614085983,1.8058914866724962,86
-2.688225850643372,1.7109182852562548,47
1.4430710733829335,-3.0168109864360346,47
1.140527964774473,-3.092108026616758,47
1.2255442013900844,-3.1724643853628463,47
1.0098290103929908,-3.2901372543994176,47
0.7036619343301201,-3.1415690240062437,47
-2.99623168305446,1.6599612853932564,47
0.834132883911801,-3.2393662969052683,47
0.7297256810814838,-3.2185015833502377,47
-3.1406285886839576,1.5403775863211198,47
3.9829900578784496,-1.3141133825489633,38
3.9829889735018873,-1.3141169719605468,38
3.94661527051279,-1.4385824589067935,38
3.9466135306978005,-1.438587554436882,38
-2.719713008755842,1.6923577126250662,47
-2.9384516272529813,1.5349511248668177,47
1.127477433426336,-3.03520487645555,47
-2.9384516272241394,1.5349511249128973,47
-1.578053737351305,2.4822749954186576,33
-1.6588524407448308,2.4568400366577117,33
-1.598462402434353,2.550587388783466,33
-1.4412448396155726,2.54585929151237,33
-1.625253459019378,2.5246455171106854,33
-1.708588313994559,2.4746309630338814,33
-1.687542713287582,2.399137225581327,33
-1.7358249559609098,2.367807443693714,33
-1.700794741301245,2.4877944718538436,33
-1.7583640264086677,2.4028990304181264,33
-2.6879011038109213,2.0197797868617835,86
2.8416080744182306,-0.34658502985986067,86
0.5868174168048883,3.4750617684350043,15
0.5673757203220938,3.466314938540553,15
0.6667305161989997,3.5103271184983904,15
0.7410700079022996,3.4325226258672186,15
0.6360566286625312,3.4664595718153297,15
0.4632175365885013,3.367442523450774,15
0.4789182781330933,3.3705012771781617,15
0.4919702009981946,3.376811757517513,15
0.48293145755589223,3.354408181378191,15
0.4509839739602105,3.3671672862920925,15
1.640831087021971,-0.5417972447294939,80
-2.141529159875023,1.3720722496124682,80
-1.9263025374379235,3.0523185288174415,25
-1.9025545767206866,3.070894247503638,25
-1.899980139467366,3.1211929600457227,25
-1.8257358547925044,3.19207425778489,25
-1.0670873473841582,-3.1407853145812474,25
-1.95097550372644,3.049594570052756,25
-1.915377285632334,3.0526010210529964,25
-1.9962664320539012,3.0046473186111755,25
-2.3473935747183403,2.7556459292154285,25
-1.9871161563371293,3.0246492932901914,25
-2.97004442797207,2.36038979270555,86
-2.9700444279720677,2.3603897927055555,86
-1.2075486861649851,3.5517691774107907,18
-1.264722095864965,3.5332858541997374,18
-1.2525197030018007,3.6123658390722335,18
-1.0931789888864705,3.5591370406972693,18
-1.2180068983853458,3.485749505265687,18
-1.3135876243352445,3.5167592478094685,18
-1.1983940735953813,3.5348374265128917,18
-1.3474638575105233,3.593409197229424,18
-1.1861065854624646,3.511231852716635,18
-1.4312244291916578,3.4454929911162675,18
-2.271350394969008,1.6282425866581858,86
-2.271350394969008,1.6282425866581858,86
-0.20884628374008873,3.1551105167617917,31
-0.25867392422003777,3.1814372285409966,31
-0.14378431491013355,3.248772977610586,31
-0.02896722307435231,3.2299265734399305,31
-0.2399825968509213,3.1954093420342056,31
-0.39868067125158624,3.071191623319054,31
-0.4685450637827893,3.095429314922167,31
-0.4919633780714136,3.0310379064512114,31
-0.5300666575249304,3.1187104431511536,31
-0.6472435223073096,2.96961359057435,31
-2.720863543242148,2.033737966275142,86
-2.7208635432407373,2.033737966276948,86
0.7353106537630836,3.3083121577600165,17
0.7033239176077875,3.331307373775673,17
0.7791294757356698,3.3455742604695327,17
0.851089932573284,3.3320595525543384,17
0.6830741152312879,3.3339887411924765,17
0.6111611399647939,3.1851606745534258,17
0.5865161119220563,3.290498403161238,17
0.635301576920341,3.2724247784253673,17
0.5950289788389634,3.2354878971838676,17
0.5024480637294044,3.215984521745871,17
2.001391221514967,-0.6768406869596783,77
2.001391221514796,-0.6768406869597816,77
-1.37745641927668,3.272428691139791,24
-1.3393453061900007,3.292494245983804,24
-1.3136718751389884,3.3541414625480543,24
-1.2445137291639197,3.3353240775606245,24
-1.389371225854049,3.29417641493241,24
-1.4258437617479065,3.2050124348321956,24
-1.403254978119022,3.2400476762386243,24
-1.4639701388896107,3.213998268609742,24
-1.4233495034479777,3.2116835104874966,24
-1.5736752440310866,3.1367515873561715,24
-3.0626396626481656,2.299514558474206,86
-3.062639662698815,2.2995145584076546,86
-0.3309898181921882,3.5849177698578876,17
-0.4096124555360892,3.5599792080551333,17
-0.3678180788150584,3.614772797569366,17
-0.33234070526566084,3.5648155509923374,17
-0.5526311679772257,-2.776667027068831,17
-0.5128720615841357,3.536979812941232,17
-0.4945249113868246,3.5360276898616125,17
-0.5489992366950417,3.5972493906124385,17
-0.5314022927900655,3.481281203734971,17
-0.7515392037187089,3.4468115155433816,17
-0.9793850159840078,-2.6477260504592857,86
-2.627617657047649,1.6977423037631805,86
1.0151500251484227,-2.8629932254269286,47
-2.5811525180285315,1.679932828400055,47
1.1481938293626108,-2.9345063707770636,47
1.5194316342398837,-2.8124208405859976,47
1.0175843890457499,-3.069030401342888,47
-2.5115513340685194,1.4011394744364205,47
0.8690992460292126,-3.0100188618455763,47
0.9449207331911218,-2.976374207056072,47
-2.5739142166379634,1.5031410787729904,47
0.8028211018489035,-3.1528445740629354,47
3.9733144283572743,-1.3536260031727365,38
-2.9061757190011743,2.9980933044740357,38
-2.95497238928819,3.0125819455745764,38
3.990061941653518,-1.4747622542475183,38
1.110511922294605,-2.872034672886153,47
-2.689089318721848,1.4177637296536107,47
1.1105874169025447,-2.8720039945741305,47
1.0909461729647347,-2.948430082067356,47
-2.7844882185738484,1.13970722572123,80
-2.828072345934438,1.1387673412465897,80
-2.9001505231336013,1.246646694760881,80
-2.9405969052936425,1.1937691063536293,80
-2.7844882185738915,1.1397072257211203,80
-2.8280723459344763,1.1387673412464814,80
-2.900150523116282,1.2466466948006438,80
-2.9405969052999135,1.1937691063387954,80
-1.3413176582995656,2.3516228119987455,33
-1.5213549369323391,2.353119144240834,33
-1.3236442705343232,2.5692925308817607,33
-1.1343833878602287,2.593706620852752,33
-1.3953353287357828,2.382167745871822,33
-1.4697622074581138,2.2512994296547304,33
-1.535426205685298,2.23617644230827,33
-1.6393352767920428,2.248659057185623,33
-1.5768100641943312,2.3036651928531575,33
-1.5931271931568585,2.186994991129964,33
-2.630045487947043,1.3482784721790073,86
-2.7905119114145602,1.1238994134698652,80
-2.729675553701835,1.1458962918006603,80
-2.8591337725169716,1.272962541754791,80
-2.744915011543017,1.2460226883586438,80
-2.6300454879469894,1.3482784721790955,86
-2.790511911414581,1.1238994134697993,80
-2.7296755537017487,1.1458962918008815,80
-2.859133772517333,1.272962541754007,80
-2.744915011543244,1.2460226883581527,80
-2.4983550485232886,0.41674320797094877,80
-2.473623875717934,0.4535107014813842,80
-2.658208757666975,0.6320698729455542,80
-2.5307186349875246,0.514252042947691,80
-2.4983550495644353,0.4167432223979334,80
-2.4736238752899413,0.4535106752814158,80
-2.6582087583482976,0.6320698659144803,80
-2.530718634840008,0.5142520520151058,80
0.9999604081292596,3.0443383734028777,15
0.8225436831840224,3.130201810241804,15
0.9992711882428437,3.150976442891646,15
1.022706438523562,3.109472329224262,15
1.0403173456414236,3.065899288772836,15
0.9560521121831085,3.0064774881973615,15
0.8007474496756231,3.130650052756161,15
0.8107443708907502,3.149385322151379,15
0.7689669161463849,3.1434149630152817,15
0.7851522868854266,3.0540426041753137,15
-2.1467777858879797,0.47456577808323214,80
-2.5333854027183267,0.398203618961439,80
-2.472031362237147,0.44020498180853396,80
-2.611858236668386,0.6539661495556484,80
-2.407284607764167,0.4679995396892831,80
-2.146779032680971,0.47458817250656293,80
-2.533385390116486,0.39820349924051224,80
-2.4720313627574906,0.4402049931957062,80
-2.611858249790738,0.653966009036414,80
-2.407284606571926,0.4679995815863575,80
-2.947093916574395,1.7154462618979018,84
-2.951099603865967,1.6922992484328354,84
-3.025619054787139,1.7586918212522313,84
-3.0461213565305036,1.7728196007507955,84
-2.9470939165743935,1.7154462618979052,84
-2.9510996038659663,1.6922992484328416,84
-3.025619054787138,1.7586918212522276,84
-3.0461213565305076,1.7728196007507895,84
-1.6873720913775583,2.87817408476884,25
-1.6613084043934112,2.8713207120138615,25
-1.7032515885858832,2.94055056800463,25
-1.6344070364183858,3.041021744428319,25
-1.6755487705498484,2.857192152444535,25
-1.7097170302834126,2.9040105244698258,25
-1.6335533874045984,2.9237852358648446,25
-1.736779463129583,2.8627499670393037,25
-1.6357211045553541,2.9831235001847753,25
-1.711775750745876,2.7552775314088165,25
-2.8163691925924437,1.7531277114221522,84
-2.957092607314852,1.6770834714147111,84
-2.9243646096080385,1.699816018564952,84
-2.984300349903901,1.7631864568307514,84
-2.9442372475084064,1.7490468294680193,84
-2.816369192592411,1.753127711422183,84
-2.9570926073148516,1.6770834714147078,84
-2.9243646096080402,1.6998160185649471,84
-2.9843003499039016,1.7631864568307496,84
-2.944237247508389,1.749046829468039,84
-2.5061549243602714,1.1238657696084509,83
-2.5973822373688793,1.1434173569765256,83
-2.6273239274993547,1.1959909995327689,83
-2.6369179536499927,1.1717806813617868,83
-2.5061549243602714,1.1238657696084493,83
-2.597382237368878,1.1434173569765262,83
-2.6273239274993503,1.195990999532769,83
-2.636917953649994,1.1717806813617888,83
-0.3784230913588854,3.292911982632866,18
-0.4354195613985365,3.3193396443707632,18
-0.469205942795387,3.361681479949865,18
-0.3250852664319087,3.344879280132075,18
-0.4220168835982096,3.231662723314549,18
-0.5140070109790825,3.2794113473012443,18
-0.37690494263591634,3.321395685766448,18
-0.5731657253037542,3.378101266187872,18
-0.669772681069693,3.2755637599767677,18
-0.5522795185096139,3.244299297962456,18
-2.3585355528346574,1.1564640519606366,86
-2.4839613196404935,1.087743505008147,83
-2.5841210705496236,1.1567138673179116,83
-2.5911454854448213,1.209214067077354,83
-2.474762753861482,1.1578836036490574,83
-2.358535552834656,1.1564640519606353,86
-2.4839613196404944,1.0877435050081474,83
-2.584121070549622,1.1567138673179111,83
-2.591145485444832,1.2092140670773537,83
-2.4747627538614836,1.1578836036490547,83
-2.7546401020940188,1.1693512473026055,78
-2.701997001935469,1.1539628669198938,78
-2.859195135690304,1.238770280958239,78
-2.7973784922218963,1.2368097838332326,78
-2.754640102094003,1.1693512473026555,78
-2.7019970019356765,1.1539628669193895,78
-2.8591951356893426,1.2387702809604204,78
-2.7973784923448437,1.236809783557539,78
0.1919687908746489,3.191317179685329,31
0.157641945465502,3.2045326356979613,31
0.31256718892429963,3.3063379134289375,31
0.2873929559090476,3.222782006930898,31
0.12031931440320037,3.137034238901254,31
-0.017906182917222905,3.0279222162744075,31
-0.1451972031980094,3.041429993624458,31
-0.05754854081005101,3.130435193463466,31
-0.19929899419355968,3.0653901739679172,31
-0.4534312433321333,2.8859088059530817,31
-2.697528973097842,1.4842408455460547,78
-2.7629443959678825,1.1452598324058185,78
-2.656068008601993,1.2053819412027535,78
-2.8277764542680988,1.2852267857005588,78
-2.7578892990263553,1.313420322157007,78
1.0013326044823239,-0.25302226913888964,78
-2.7629443959677182,1.1452598324062884,78
-2.6560680086007595,1.2053819412053963,78
-2.8277764542808934,1.2852267856725874,78
-2.7578892990265143,1.3134203221566982,78
-2.6373077343814164,0.522068484859271,77
-2.5196755369002504,0.4863739440742995,77
-2.775603544265456,0.6613925858258769,77
-2.6269911932540357,0.5874613459783176,77
-2.637307734381402,0.52206848486037,77
-2.519675536909788,0.48637394436127446,77
-2.775603544265121,0.661392585828446,77
-2.6269911932513774,0.587461346035461,77
1.0882517395549292,3.084410805863035,17
0.9625790591523722,3.1186626021204185,17
1.062519427253478,3.130959456944227,17
1.0543221570138515,3.1097185194176746,17
0.9832581744314322,3.036688141845067,17
1.0197798849317932,2.957080182797195,17
0.8829436227265168,3.0745466827065338,17
0.9820087226701898,3.0630602354779084,17
0.8233901462380752,3.04438384541012,17
0.7853444908221499,2.9699085616500773,17
-2.6071517677794542,0.8115868731200826,77
-2.719304981196515,0.5432441731949947,77
-2.5330145069842978,0.5175930214003592,77
-2.7677392041221682,0.7015584626998601,77
-2.588237597390552,0.6489550347682154,77
-2.6071517538020825,0.8115869247577202,77
-2.7193049812066077,0.5432441730671161,77
-2.533014506983943,0.5175930213789168,77
-2.7677392041255744,0.701558462676323,77
-2.588237587890337,0.6489551703070021,77
-2.9403890522411236,1.668122773397012,88
-2.9057887420889843,1.5917985001122936,88
-2.985224501285085,1.677035947438036,88
-3.0441236482382643,1.6848195689406802,88
-2.9403890522411333,1.6681227733969983,88
-2.905788742088982,1.5917985001122945,88
-2.985224501285076,1.6770359474380478,88
-3.044123648238236,1.6848195689407304,88
-1.0567008002725,3.117443808261535,24
-1.0649318923710673,3.086941986860894,24
-1.04808290079124,3.1847481766446863,24
-0.9871449287891635,3.180671621713825,24
-1.16360496439032,3.039007068294186,24
-1.2178647768195006,3.018121756390515,24
-1.1095664325258534,3.0797262396531013,24
-1.1986597651923696,3.0794597689451293,24
-1.1667259712956715,3.048850814296574,24
-1.3277804435913416,2.8957617584152455,24
-3.0160226934600614,1.7927818415837993,88
-2.929796500485133,1.6171340956928206,88
-2.888490798096181,1.6377085205356527,88
-2.9510101133013347,1.6970451849326709,88
-2.9476493740768377,1.7304083355743602,88
-3.0160226934600307,1.792781841583843,88
-2.929796500485133,1.617134095692821,88
-2.888490798096178,1.6377085205356603,88
-2.9510101133013285,1.697045184932682,88
-2.947649374076896,1.7304083355742723,88
-2.6240880989754944,1.0572461980915182,87
-2.5501398719696677,1.0836725613191152,87
-2.697349969575952,1.1138616912571146,87
-2.6508574587481544,1.1129113008657572,87
-2.624088098975493,1.0572461980915195,87
-2.5501398719696673,1.0836725613191136,87
-2.6973499695759537,1.1138616912571144,87
-2.6508574587481544,1.112911300865757,87
0.3008058456094162,3.31868251685043,17
0.22635347519169735,3.286526981703667,17
0.2648622041238848,3.351189591479065,17
0.2757310867610282,3.2793626681021872,17
0.16325135014913444,3.1948338809464767,17
0.13111921126604986,3.289739163704521,17
0.17064396175281046,3.2994097691984074,17
0.13612721069890227,3.390520386090227,17
0.0892903947230648,3.269352739889161,17
-0.01348701065965496,3.2372525332397837,17
-2.68730161016324,1.206312418143196,87
-2.634413458070752,1.0373386405415919,87
-2.6009543595344966,1.1052350175469943,87
-2.678145109978989,1.1167617567244867,87
-2.588567605638796,1.1668842519029503,87
-2.687301610163232,1.20631241814321,87
-2.634413458070751,1.0373386405415912,87
-2.60095435953449,1.1052350175470107,87
-2.67814510997898,1.1167617567245147,87
-2.588567605638787,1.1668842519029559,87
3.4398582492423833,-1.0442837833230254,38
3.461685200536675,-1.1367385772426175,38
3.400903651270512,-1.0378112472580037,38
3.494514735981715,-1.1100618274963254,38
3.439858249232467,-1.044283783363809,38
3.461685200605762,-1.1367385769491323,38
3.400903651270442,-1.037811247258259,38
3.4945147041303586,-1.1100619695356815,38
1.5466534549916329,-1.8180069170572184,47
1.7263671895832124,-1.7788297088974483,47
1.6419141500225527,-1.8113343800778807,47
1.7176147875514496,-1.8409299286559582,47
1.0449679637653027,-2.6857727273990553,47
1.550904927624597,-1.6953006908231114,47
1.006737129599866,-2.4779178240738133,47
1.1210585324387654,-2.343322740265938,47
1.498893924028378,-1.8964455469541404,47
0.9706322688547852,-2.7146212832837806,47
3.7114748408340144,-1.0427365640880637,38
3.629612989718628,-1.0420643605750395,38
3.5004207705904697,-1.1745420390464407,38
3.5617079198571937,-1.1067089039132643,38
3.5557243017412308,-1.1420366134199877,38
-2.5278315837941148,2.8800884168624545,38
3.629613046875609,-1.0420641231938506,38
-2.580452290310011,2.570984464152601,38
3.5617079199342387,-1.1067089036043913,38
3.555724312533406,-1.1420365716962226,38
3.710179949504982,-1.0661121531523434,38
-2.476440452915348,2.517626522885029,38
3.5273427632281953,-1.1175227739686169,38
3.5607731588895235,-1.0477865909252095,38
3.5670493229269287,-1.0280652643890218,38
3.7101807016032873,-1.0661089916768345,38
3.389193267440676,-1.031453086556728,38
3.527342762694994,-1.1175227763229103,38
-2.4899754120958018,2.7193034008964903,38
-2.5351569049076965,2.6823044623424472,38
1.6115473239849154,-1.8784287311922352,47
1.6355637758105193,-2.226732168860186,47
1.5271110727377666,-1.6745724834644966,47
1.6677369195707592,-2.091655912745805,47
1.4879463649663818,-1.887676787189186,47
1.7041855119978773,-2.1577713343144937,47
1.4918560301437531,-1.8218043501110563,47
-1.900452689363659,1.2592110020686376,47
1.5513206620542783,-1.796024220803369,47
1.6508328426850083,-2.258734313658902,47
1.6115397974030465,-1.8784391539227316,47
1.635799396955571,-2.2265033216120234,47
1.5271110726549832,-1.6745724835815907,47
1.6675219367874008,-2.091935335957338,47
1.4879698404191712,-1.8876524826404872,47
1.7040436740234284,-2.1579605315526478,47
1.491855351094751,-1.821805109410661,47
-1.9004527678310918,1.259211028476405,47
1.551320659094988,-1.7960242246902323,47
1.6517072309594776,-2.257827581029902,47
-2.354387499181563,-0.23317217998473472,81
-2.3975931881755983,-0.16789754421074093,81
-2.385122997364243,-0.15316702665566156,81
-2.38416157281168,-0.08468308713104375,81
-2.354387499249332,-0.2331721797612719,81
-2.397593188154241,-0.16789754432377957,81
-2.3851229972495416,-0.15316702729723675,81
-2.384161572784631,-0.08468308731637669,81
0.7650897386800732,0.6624546460235172,37
0.74617086615092,0.6534365868084236,37
0.8197401916303436,0.606107046698888,37
0.8074972450760968,0.7035487272514753,37
0.7870044331615419,0.6449920646155937,37
0.8116858303786388,0.6852795475136956,37
0.7735010776739407,0.7176591366336014,37
0.7447103498974882,0.6286220617059793,37
0.843658177423055,0.7159576055752257,37
0.6639330093471857,0.7044145129019249,37
-1.9736557016110419,-0.2632296274825205,81
-2.1925234597856407,-0.3528818339643873,81
-2.2802469454612924,-0.192709696756028,81
-2.306607848422506,-0.20729884189250927,81
-2.1849161682333866,-0.22606468727969278,81
-1.9736557016081524,-0.26322962749502565,81
-2.1925234597851784,-0.3528818339656224,81
-2.2802469453011263,-0.19270969728806,81
-2.306607848418035,-0.20729884190687903,81
-2.184916168236383,-0.2260646872669251,81
-1.9322900067651494,-0.9806539062349116,82
-1.9351521045871942,-0.9868831624948091,82
-1.9393036159515507,-0.9525552051343446,82
-1.8976077880169868,-0.9623384022393955,82
-1.9322900067819535,-0.9806539062028725,82
-1.935152104592667,-0.9868831624844229,82
-1.939303615970173,-0.952555205097259,82
-1.8976077880140925,-0.962338402245336,82
1.7232158479840274,0.4697380047088208,19
1.69507690907204,0.4383893563100261,19
1.74284984082539,0.41003903779801765,19
1.7174157422522554,0.4898767271989731,19
1.620545891447782,0.4523479058250736,19
1.8219183013042508,0.5207943251516631,19
1.7808283616845315,0.5439220524030707,19
1.8263956395136167,0.43881169976431383,19
1.7792816929755386,0.5724571052338134,19
1.6915079675138056,0.5065021078046495,19
-1.606624173544668,-0.863888063505778,82
-1.7724363854103364,-1.0260672252203114,82
-1.8384048734564322,-0.9155639901662629,82
-1.8796213305570455,-0.9093867719563828,82
-1.7357764746595175,-0.9469134917708871,82
-1.6066241735443667,-0.8638880635065573,82
-1.7724363854102636,-1.026067225220454,82
-1.8384048734553815,-0.9155639901685476,82
-1.8796213305626952,-0.9093867719434479,82
-1.7357764746599544,-0.946913491769941,82
-2.4146754816087035,0.7576990193667726,85
-2.4854974997455543,0.6914071277791372,85
-2.4171010478190005,0.7345204000050982,85
-2.4897194266642964,0.7698176871425851,85
-2.414675481608703,0.7576990193667713,85
-2.485497499745555,0.6914071277791359,85
-2.4171010478190023,0.7345204000050979,85
-2.489719426664297,0.7698176871425826,85
-0.35155679128490797,1.8236619293383218,29
-0.4671924146294809,1.9181693409943894,29
-0.4495160847270392,1.8683345623411425,29
-0.4777378985148832,2.035270539345317,29
-0.5047063218353167,1.8716592952942146,29
-0.3266087369054167,2.0253090002283463,29
-0.4168728853547495,2.0777620238668577,29
-0.44338770216004303,1.9342400553462173,29
-0.4351544987762997,2.114600622421875,29
-0.5403729780911968,1.9777872277116864,29
-2.1356874982922123,0.6502676678232671,85
-2.365922051944983,0.6582899713647562,85
-2.4127804899736716,0.6885649861667478,85
-2.337555719805681,0.7132508510302698,85
-2.350977401593239,0.704795591132422,85
-2.135687498292213,0.6502676678232673,85
-2.365922051944985,0.6582899713647565,85
-2.4127804899736724,0.6885649861667473,85
-2.3375557198056818,0.7132508510302695,85
-2.350977401593237,0.7047955911324223,85
-2.2497320037026043,0.12526123347985388,83
-2.3404699367047748,0.12412184892682296,83
-2.3069816286895954,0.17096798537541263,83
-2.348632642765978,0.1184330045702687,83
-2.2497320037026043,0.12526123347985393,83
-2.340469936704775,0.12412184892682289,83
-2.3069816286895963,0.17096798537541255,83
-2.3486326427659776,0.11843300457026888,83
0.853933555136136,2.4224756140557124,21
0.7587729701345226,2.46158641375713,21
0.8249974089185239,2.44676220409121,21
0.7804009223301938,2.3925918129777655,21
0.6507171436782981,2.2670213063988403,21
0.8876377163535676,2.5335737469479414,21
0.8269435433143643,2.5604115312313818,21
0.8657968046917941,2.6036122591386093,21
0.8039056201244927,2.5099221803075076,21
0.7115823668495467,2.524631315748785,21
-1.9708021143883088,0.04616519688345319,83
-2.142523551866944,0.05356827623377852,83
-2.2499508850551755,0.1564534347823269,83
-2.20701897775388,0.16781195582437408,83
-2.182286680608326,0.12202771988630347,83
-1.970802114388311,0.04616519688345318,83
-2.142523551866942,0.05356827623377879,83
-2.249950885055176,0.15645343478232737,83
-2.20701897775388,0.16781195582437408,83
-2.182286680608326,0.12202771988630323,83
-1.7872645932907194,-0.18035812417687136,79
-1.822976834740846,-0.2160303537729317,79
-1.8362345764914372,-0.17523489461136665,79
-1.8163520868731775,-0.1694232180413042,79
-1.7872645932907176,-0.1803581241768715,79
-1.8229768347408475,-0.2160303537729317,79
-1.836234576491436,-0.1752348946113668,79
-1.8163520868731777,-0.16942321804130384,79
0.9276230339439792,1.2767503516771594,35
0.8531799442886829,1.163761462107649,35
0.9713698601717005,1.189291289584988,35
0.9403212809343959,1.1998932561312727,35
0.8875591447379388,1.1211816935244776,35
0.9019049182321975,1.2249928659802451,35
0.8459628307303718,1.1144026194770982,35
0.862181171760937,1.1261401488626253,35
0.8410523296751224,1.127070067095202,35
0.7710788310087557,1.0812070810036618,35
-1.5935118356442282,-0.15050628307550545,79
-1.7881598385980209,-0.27256977654726045,79
-1.8054424386856252,-0.2078317136944848,79
-1.868576171519719,-0.18256675824432983,79
-1.834961451089354,-0.17730440619362098,79
-1.5935118356442293,-0.15050628307550556,79
-1.7881598385980209,-0.27256977654726094,79
-1.8054424386856247,-0.2078317136944848,79
-1.86857617151972,-0.18256675824432989,79
-1.834961451089357,-0.17730440619362003,79
-1.7875856199582825,-0.785953920659801,77
-1.7747082779444674,-0.8168382464999662,77
-1.80508239460706,-0.8452356943427182,77
-1.7748864142006167,-0.8083882879531042,77
-1.7875856199582827,-0.7859539206598013,77
-1.774708277944467,-0.8168382464999658,77
-1.8050823946070695,-0.8452356943426973,77
-1.7748864142006175,-0.8083882879531035,77
1.6891529261912739,1.538385116995733,4
1.6009513689193806,1.367772405347707,4
1.6462222977251726,1.3666687146747136,4
1.6472308867002277,1.4640280590619599,4
1.5337754743932466,1.2744570006754885,4
1.684999956063472,1.4581042388551722,4
1.6324730077332406,1.4516051037219713,4
1.6699945701372234,1.4558324219003898,4
1.6137790263595304,1.4708167255820317,4
1.5480200388623315,1.3407605325159304,4
-1.5760571305722295,-0.8665827525433234,77
-1.7541301665377764,-0.8081418017657538,77
-1.7209142767722403,-0.7978487109409199,77
-1.8002684449478406,-0.8228913820133406,77
-1.688838497400906,-0.8209809265162538,77
-1.576057130572348,-0.866582752543049,77
-1.7541301665377784,-0.8081418017657541,77
-1.7209142767722423,-0.7978487109409191,77
-1.8002684449478306,-0.822891382013353,77
-1.6888384974009065,-0.8209809265162523,77
-2.2305080019412626,0.547175578075377,89
-2.266392374921284,0.47845833546035216,89
-2.229800366113215,0.5287528810934485,89
-2.312686793594433,0.5478014731916561,89
-2.23050800194126,0.5471755780753772,89
-2.2663923749212844,0.47845833546035277,89
-2.2298003661132175,0.5287528810934503,89
-2.3126867935944344,0.5478014731916556,89
0.06091381082035333,1.9883859585988264,27
-0.014280394935716579,1.9472106682919612,27
0.029605149966316725,1.9821273476139278,27
0.016229926716725084,2.000303188677041,27
-0.04008484001601434,1.8897577534657262,27
0.09018270908782257,2.031188549236121,27
0.031048039978256937,1.981630759649106,27
0.02189287921157131,2.0003478143129323,27
0.00011959990028852562,1.9872771992373037,27
-0.07474187128588058,1.9778956053716326,27
-2.2455005318877155,0.5430988499134045,89
-2.207133616149956,0.431320338833562,89
-2.2526591161011185,0.47558044361945356,89
-2.2346624318103725,0.5076583933910485,89
-2.2813377850730694,0.5178653340128567,89
-2.2455005318877177,0.5430988499134043,89
-2.2071336161499593,0.4313203388335618,89
-2.2526591161011162,0.47558044361945334,89
-2.2346624318103685,0.5076583933910479,89
-2.2813377850730685,0.5178653340128562,89
-2.2712955215633905,0.05284878965816647,87
-2.243782559061438,0.022808998081637836,87
-2.2839466265918635,0.03304079203752358,87
-2.273408100786292,0.03899419439893857,87
-2.271295521563387,0.052848789658127164,87
-2.243782559061436,0.02280899808163018,87
-2.2839466265918644,0.03304079203752636,87
-2.2734081007862876,0.03899419439892997,87
1.021092512795398,2.381396432929231,22
0.9710246583654827,2.435165059819947,22
1.0111128244563115,2.4075024733116317,22
0.994821504135975,2.3747386714381373,22
0.8889172409127052,2.25144840164289,22
1.0224193856412171,2.4150491549465003,22
0.9873814699839295,2.4346409362740014,22
0.9969458508519023,2.5146268936449863,22
0.9505341144723427,2.35669117502873,22
0.8769018377504759,2.4050616042392283,22
-2.200042560841481,-0.058493377799246,87
-2.2523828430925987,-0.10411092779145872,87
-2.205373794018815,0.02699615462888265,87
-2.2805011386470957,0.025853985058393304,87
-2.182895799045781,-0.007463243766422109,87
-2.200042560841495,-0.058493377798994335,87
-2.2523828430925983,-0.10411092779145863,87
-2.205373794018812,0.026996154628930347,87
-2.280501138647095,0.02585398505837859,87
-2.1828957990457796,-0.0074632437664233185,87
-2.0206584439045496,2.1216826772301536,40
3.1974871926103656,-1.5468861845866249,40
3.140754875187769,-1.475422776714648,40
3.125839847233705,-1.4678519012576219,40
3.0299137014674704,-1.4636096466329023,40
3.1974871926103736,-1.5468861845866027,40
3.1407548751877705,-1.4754227767146426,40
3.125839847233701,-1.4678519012576292,40
1.5357645269878497,-2.2254284934011372,49
1.626457173204133,-2.103845948197806,49
1.6247573390672627,-2.1425109222156284,49
1.7105945724213911,-2.157953893209371,49
1.5548013013427233,-2.5198289681486146,49
1.4829157460993312,-2.1655243838918325,49
1.494759845593632,-2.3118229633594165,49
1.5190728901158257,-2.2634656028411624,49
1.5683435843719302,-2.249860056709247,49
1.4491487477219904,-2.5944466727021216,49
3.2069062614583936,-1.3788752487091682,40
3.161618819261878,-1.4383911190571306,40
3.2266121114183828,-1.5004572517337398,40
-2.1420151326369776,2.329850622007139,40
3.1488481153581946,-1.453708537328837,40
3.2069062615573567,-1.378875248413778,40
3.161618819255399,-1.438391119074891,40
3.226612111418428,-1.5004572517336219,40
3.160156007111862,-1.419884580536608,40
3.1488481153588346,-1.453708537327051,40
3.21912698619524,-1.4528140411866577,40
3.1160490978166453,-1.4179689350283917,40
3.284827716153153,-1.4963447271261563,40
3.3290241363376123,-1.3996709578949846,40
3.2581028447126257,-1.4524940258788483,40
-2.119371663671333,2.4392284851974284,40
3.116049097816865,-1.4179689350277507,40
3.2848277161535826,-1.496344727125134,40
3.3290241363373068,-1.3996709578958626,40
3.25810284471763,-1.4524940258656232,40
1.47076710127127,-2.3333499183463466,49
1.5558511090073772,-2.5490820636466993,49
1.4995701277985365,-2.1381109739911928,49
1.683468517142986,-2.377136132447667,49
1.4892405391947507,-2.3426428329510856,49
1.6466520190860598,-2.4914080851313005,49
1.3794393574392922,-2.230202240429162,49
1.6669260811773838,-2.268371823933124,49
1.5832305202066104,-2.222206827934941,49
1.7037329619070378,-2.4851330879231033,49
1.4707671012656915,-2.3333499183508124,49
1.555851108981366,-2.549082063664295,49
1.4995701277987799,-2.13811097399097,49
1.68346851714425,-2.377136132446623,49
1.4892405391933536,-2.342642832952195,49
1.6466520189552138,-2.491408085228031,49
1.3794393575428865,-2.2302022403360287,49
1.6669260811773952,-2.268371823933107,49
1.5832305202058503,-2.222206827935706,49
1.70373296189164,-2.4851330879343436,49
-2.179724434398449,-0.3205022120361702,81
-2.188644354932079,-0.2650315661057517,81
-2.2521420966695755,-0.2418931090084663,81
-2.167093073704012,-0.2092524139454953,81
-2.179724434398583,-0.320502212035706,81
-2.188644354931945,-0.2650315661063149,81
-2.25214209666813,-0.2418931090133921,81
-2.167093073704111,-0.20925241394494096,81
0.8710600217082903,0.6141856044502503,37
0.8720180393863264,0.6018086410819626,37
0.9673629957607658,0.5282864844267726,37
0.9130443515680661,0.6136920817492914,37
0.9147392958228701,0.5704512709580867,37
0.8966797524296554,0.6490169839584461,37
0.8776034733343201,0.6735536390469239,37
0.8499327838005172,0.5903843936583314,37
0.9192722749566796,0.6707010691073895,37
0.7594010506766661,0.6680860574733527,37
-1.7784766258176872,-0.26272343400214804,81
-2.075907742338619,-0.42490514760390113,81
-2.07871399615054,-0.2530445649516339,81
-2.171674410315677,-0.28224946181518307,81
-1.9941549119827888,-0.26331250985942334,81
-1.7784766258174496,-0.26272343400349407,81
-2.0759077423386225,-0.4249051476038926,81
-2.078713996150476,-0.2530445649520107,81
-2.171674410315555,-0.2822494618156443,81
-1.9941549119827242,-0.2633125098596706,81
-1.8483668535832778,-0.9678490764680541,82
-1.8300865181222121,-0.941603074959633,82
-1.8760682900867531,-0.9460593569802688,82
-1.8251122964783815,-0.9220734381264666,82
-1.848366853582708,-0.9678490764692544,82
-1.8300865181220394,-0.9416030749600146,82
-1.8760682900867618,-0.9460593569802517,82
-1.8251122964782551,-0.9220734381267672,82
1.7520286752438425,0.46571808565214395,19
1.6994988688479047,0.43392673265213977,19
1.7613153122254004,0.37964679255685696,19
1.7348016583689303,0.4454306907595197,19
1.6546295304709493,0.4141157302795412,19
1.8266890412694763,0.4972443528351846,19
1.7670384359107028,0.517237398377968,19
1.8123123306445132,0.4200162138688217,19
1.762502445501409,0.5585358550348262,19
1.684278084622322,0.49131935210234784,19
-1.5164232670096993,-0.7909995996543093,82
-1.7034964781277364,-1.020468620993508,82
-1.769520182455904,-0.8831111224265221,82
-1.8011231892363349,-0.9016533134376663,82
-1.6805784000224286,-0.8998726103091427,82
-1.5164232670097,-0.7909995996543095,82
-1.7034964781277353,-1.0204686209935023,82
-1.7695201824558402,-0.8831111224266806,82
-1.8011231892363593,-0.9016533134375984,82
-1.6805784000224393,-0.8998726103091244,82
-2.387743848711214,0.6736183602731994,85
-2.4395955784278596,0.6630066388192052,85
-2.4039364850811995,0.6740049999851215,85
-2.4488661432421237,0.7398726395453887,85
-2.3877438487112155,0.6736183602731995,85
-2.4395955784278582,0.6630066388192046,85
-2.4039364850811973,0.6740049999851211,85
-2.4488661432421224,0.7398726395453891,85
-0.22316887410901456,1.7829589220319613,29
-0.3822420946977202,1.8847878681821977,29
-0.33736080976249655,1.82859256804791,29
-0.39347317185040576,1.9716496470345055,29
-0.41789726892646545,1.8578150045566248,29
-0.18602817214626885,1.985730904512641,29
-0.3150205226787154,2.039726270206226,29
-0.3306908424805759,1.901006864666053,29
-0.3219889926537609,2.0614802875135645,29
-0.4486358421487928,1.9597198113909085,29
-2.081848111994568,0.6202662524991628,85
-2.347133714867206,0.589681769583543,85
-2.3779857814723817,0.6662910247135091,85
-2.327900384123214,0.6444723216184238,85
-2.3041220772049718,0.6922937572223915,85
-2.0818481119945687,0.6202662524991632,85
-2.3471337148672076,0.5896817695835433,85
-2.377985781472382,0.6662910247135092,85
-2.3279003841232138,0.644472321618424,85
-2.304122077204972,0.6922937572223915,85
-2.2422602312336437,0.12780501411188716,83
-2.2748862152732725,0.1559401649615687,83
-2.2949758509289384,0.15270717455791974,83
-2.2809527252748074,0.1461163991784495,83
-2.242260231233644,0.127805014111887,83
-2.274886215273275,0.1559401649615684,83
-2.2949758509289366,0.15270717455791963,83
-2.2809527252748065,0.1461163991784498,83
0.8860388157910464,2.2813941951807797,21
0.8080069021096784,2.3345018368004204,21
0.864708402820474,2.288674013433947,21
0.8349324115331964,2.2626527094131625,21
0.7381271069280002,2.1513328063605157,21
0.9480453486177701,2.4132195167322257,21
0.8604620873520387,2.4187989909369403,21
0.9070766748869958,2.4824102859828274,21
0.8314072710669258,2.3800455828532145,21
0.7648972609105292,2.410789888100405,21
-1.8846308535840697,0.0052718790765985905,83
-2.1566526209613355,0.014530140909082046,83
-2.217991893543653,0.1894216883666558,83
-2.200931433563662,0.12314137067883796,83
-2.1405561836128664,0.15101637435648183,83
-1.8846308535840706,0.005271879076598612,83
-2.1566526209613337,0.01453014090908205,83
-2.2179918935436524,0.1894216883666557,83
-2.2009314335636616,0.12314137067883754,83
-2.1405561836128664,0.15101637435648196,83
-1.7001727075646986,-0.2201487553498975,79
-1.6914310783865016,-0.1952757970480826,79
-1.737579703690824,-0.20925540175791177,79
-1.6890919144454366,-0.14320124764473136,79
-1.700172707564699,-0.2201487553498974,79
-1.6914310783865012,-0.19527579704808243,79
-1.737579703690824,-0.20925540175791163,79
-1.6890919144454377,-0.1432012476447314,79
1.0866485018277707,1.2577296985895379,35
1.0093201335013686,1.1465041262434144,35
1.1236565334627497,1.1633827913310197,35
1.106908360742488,1.1827614671692719,35
1.0539697368054457,1.1006020550596656,35
1.0533782271769223,1.1986603558311195,35
0.9958395212673555,1.124433637222952,35
1.0128925355949683,1.1241130545368383,35
0.9815635398872118,1.1357319942188508,35
0.9121806941228184,1.082276002082436,35
-1.417895239312037,-0.10943039085598182,79
-1.7082617739355004,-0.3062109654392981,79
-1.6742835092494244,-0.19849699293014036,79
-1.762345451788919,-0.22297086669029614,79
-1.6494175544138578,-0.17130048453400493,79
-1.417895239312036,-0.10943039085598187,79
-1.7082617739355,-0.30621096543929804,79
-1.6742835092494255,-0.19849699293014028,79
-1.76234545178892,-0.22297086669029578,79
-1.649417554413857,-0.1713004845340052,79
-1.69748787195675,-0.7676786479397418,77
-1.660841628238587,-0.7456163521525233,77
-1.701187023675905,-0.8409104947692762,77
-1.6545269502605862,-0.7370988133576676,77
-1.6974878719567488,-0.767678647939742,77
-1.660841628238586,-0.7456163521525241,77
-1.7011870236759061,-0.8409104947692758,77
-1.6545269502605842,-0.7370988133576675,77
1.7495566409001837,1.4662499033435668,4
1.6895086147177403,1.3600802207890392,4
1.7388399267482664,1.3376753406745319,4
1.7506049394613663,1.4614450937411234,4
1.6326398491686673,1.2463518512554241,4
1.7622990666006852,1.378150485649839,4
1.6963154292232185,1.3698953666592129,4
1.7286912168046704,1.352525038556034,4
1.6862343133027449,1.4137138753965213,4
1.614652947180382,1.2700428312874994,4
-1.4911392015116742,-0.7694514350261188,77
-1.6886090212268139,-0.8077283790282539,77
-1.61633082940774,-0.724827108346519,77
-1.707611208318277,-0.8197041758338909,77
-1.5657654129563712,-0.7352362352489886,77
-1.4911392015116764,-0.7694514350261172,77
-1.6886090212268146,-0.8077283790282533,77
-1.6163308294077394,-0.7248271083465193,77
-1.7076112083182764,-0.819704175833891,77
-1.5657654129563703,-0.7352362352489895,77
-2.195057747142269,0.4712218942351969,89
-2.2054650550023513,0.4607082017577807,89
-2.186293364705235,0.4589298130338841,89
-2.2512719644270587,0.5370710751417248,89
-2.1950577471422688,0.47122189423519756,89
-2.2054650550023505,0.4607082017577809,89
-2.186293364705233,0.45892981303388447,89
-2.2512719644270573,0.5370710751417251,89
0.14976446997256238,1.9803401437179728,27
0.08340219909182803,1.9189301323641017,27
0.11830562220865627,1.9657204776209907,27
0.11052098252738589,1.964545273473919,27
0.059209288822478216,1.8950570907797857,27
0.1611502568861461,1.986167446631722,27
0.1198550189523593,1.9759289427753968,27
0.10980090717428723,1.9651749799318359,27
0.0922954816505778,1.9825374369350843,27
0.02531998254624327,1.9545226902629167,27
-2.1525901174400928,0.5024181361425215,89
-2.1861445972703812,0.37938681006462593,89
-2.1919079950649643,0.4449122676592983,89
-2.1929675574597494,0.45370874125692023,89
-2.16366236953846,0.5074959028248716,89
-2.1525901174400928,0.5024181361425218,89
-2.1861445972703812,0.3793868100646261,89
-2.1919079950649643,0.4449122676592983,89
-2.1929675574597476,0.4537087412569197,89
-2.1636623695384603,0.5074959028248719,89
-2.252562521156493,0.04648046234496054,87
-2.1720392476253276,0.06980399497095385,87
-2.2304925139907525,-0.0554650721408275,87
-2.2319944851428977,0.10961441908467907,87
-2.2525625211564937,0.04648046234503272,87
-2.1720392476253187,0.06980399497105172,87
-2.2304925139907525,-0.055465072140827486,87
-2.2319944851428954,0.10961441908465946,87
1.115066590529417,2.3356098203379214,22
1.0567705864232007,2.3779765993561965,22
1.109831963970867,2.362727924847232,22
1.0873322616195513,2.3223751826529613,22
0.996441497428353,2.2038639842234016,22
1.110829271643315,2.3493405148555007,22
1.0700362316318148,2.3728507570493442,22
1.0794849233010495,2.451894054645446,22
1.0414845083563484,2.3235707428417856,22
0.9617923990966168,2.3572250702740916,22
-2.0931726864686206,-0.1210242592244306,87
-2.2366287519892634,-0.14191782174712406,87
-2.1459053198041205,0.060092130405062893,87
-2.1958603325680914,-0.0997229230174559,87
-2.084885266986422,0.04903583547370135,87
-2.0931726864686184,-0.12102425922443995,87
-2.2366287519892625,-0.1419178217471245,87
-2.1459053198041187,0.06009213040508358,87
-2.1958603325680914,-0.09972292301745567,87
-2.084885266986418,0.04903583547370111,87
2.8914293623478153,-1.4685772052242114,40
3.084899538305836,-1.5912701518708918,40
3.0309449857855193,-1.4947103223960196,40
3.0351741461354,-1.4961336098001428,40
2.8914293623478144,-1.4685772052242083,40
3.084899538305833,-1.591270151870895,40
3.030944985785527,-1.4947103223960205,40
3.035174146135401,-1.4961336098001405,40
1.553344328640515,-2.292143878298513,49
1.6413429375032313,-2.1191412597466073,49
1.644622408737748,-2.206502752353894,49
1.6999303146567974,-2.1557758422915336,49
1.5355916110895884,-2.5060341091498364,49
1.5090883418041097,-2.270756432490345,49
1.5397429403745777,-2.339300439984919,49
1.5758425840651236,-2.3005484239394516,49
1.614507786444952,-2.2686775230459575,49
1.5010941798641735,-2.6003836735726575,49
3.0224995720657333,-1.4248101981559484,40
2.997263775763518,-1.4442565307087598,40
-2.164317862239529,2.172701497572174,40
3.0310710119772124,-1.4200205524682625,40
3.0020280045604664,-1.4500480007742536,40
-2.0343978010777093,2.1646238016591974,40
2.9972637757635163,-1.4442565307087623,40
3.075789386939911,-1.539897109459553,40
3.031071011977212,-1.4200205524682632,40
3.002028004560471,-1.4500480007742482,40
3.0610481293315734,-1.4858762174560465,40
2.999754558800471,-1.4391099508458995,40
-2.1770212653442815,2.3173070449068356,40
3.2081070071288824,-1.3925851284233572,40
3.134586641341298,-1.4692147613072617,40
3.0610481293315734,-1.485876217456046,40
2.999754558800469,-1.4391099508458995,40
3.148627318012012,-1.5384773461747572,40
3.2081070071276696,-1.3925851284268498,40
3.1345866413412735,-1.4692147613073208,40
1.4608506708477402,-2.3697549922331436,49
1.5128938686184115,-2.5446645927461113,49
1.5102531505051042,-2.1376181301089283,49
1.640102189320529,-2.3438819943178273,49
1.5254474082347498,-2.3276428519084216,49
1.6165860565960783,-2.471710174297853,49
1.417123134511022,-2.2511743977880547,49
1.6253631774729969,-2.264624669063514,49
1.567058018839871,-2.260703791401169,49
1.651777616202379,-2.4289390962760553,49
1.4608506708485351,-2.3697549922325467,49
1.512893868620599,-2.544664592744675,49
1.5102531505050811,-2.137618130108953,49
1.640102189321393,-2.3438819943171225,49
1.5254474082358938,-2.327642851907526,49
1.6165860565858126,-2.471710174305379,49
1.4171231345108166,-2.251174397788222,49
1.6253631774729833,-2.2646246690635268,49
1.5670580188401395,-2.2607037914009274,49
1.6517776161922817,-2.4289390962838335,49
-1.6224098327696093,-1.419742586254728,81
-1.6879164581321522,-1.3782051404808737,81
-1.6917885912961865,-1.3958530561775677,81
-1.6709433727267677,-1.277654168323069,81
-1.6224098327696306,-1.4197425862546993,81
-1.6879164581323511,-1.3782051404805549,81
-1.6917885912959572,-1.3958530561779574,81
-1.6709433727268375,-1.2776541683229403,81
1.2755083717363225,0.4315541905605983,37
1.2810831638747366,0.4119245608933337,37
1.3731350041345398,0.3845109674668248,37
1.3535796276122312,0.44950636084614,37
1.390039716169514,0.34784552371195004,37
1.3313230223942658,0.40303579585981525,37
1.3606302484701192,0.46587714044017886,37
1.275939558779958,0.4038886533484107,37
1.3733826245888294,0.46119749540633603,37
1.1606921523002138,0.42699574898110604,37
-1.357183921726561,-1.4363509587736611,81
-1.5565685834507172,-1.4754182090341155,81
-1.6077162995513525,-1.3966440570796586,81
-1.6519886456230883,-1.3887087444704933,81
-1.5705109887144362,-1.3455615018246616,81
-1.35718392172656,-1.436350958773666,81
-1.5565685834507161,-1.4754182090341177,81
-1.607716299551353,-1.396644057079659,81
-1.6519886456232202,-1.3887087444702848,81
-1.5705109887144302,-1.3455615018246752,81
-1.4211494717572914,-2.0315658927323645,82
-1.4284000066637201,-2.0256455141783505,82
-1.4497350686051944,-2.1031901874529297,82
-1.4084971617912585,-1.97759396230268,82
-1.4211494717572957,-2.0315658927323597,82
-1.428400006663716,-2.025645514178357,82
-1.4497350686056416,-2.103190187452508,82
-1.4084971617912574,-1.9775939623026804,82
1.9441820591166312,0.36644954290168974,19
1.8179455956118844,0.33789832376218665,19
1.9277640648307743,0.33111991932031387,19
1.8755375381008133,0.39343479822497146,19
1.8644932470798168,0.30273586052020796,19
2.005140105750008,0.3784312573542912,19
1.9440331567038531,0.3786729440654472,19
1.9563744084837609,0.317007674232423,19
1.9297158130534018,0.4062208179074253,19
1.853896958893674,0.2970050474140622,19
-1.1913987594229205,-1.9004563448988403,82
-1.3620019186690766,-2.0211686729237983,82
-1.3871681401243812,-2.007005933890324,82
-1.4274010260038927,-2.0611331926415444,82
-1.332456392180296,-1.9709075239145153,82
-1.191398759422921,-1.90045634489884,82
-1.3620019186690775,-2.021168672923798,82
-1.3871681401243814,-2.0070059338903237,82
-1.4274010260040433,-2.0611331926414014,82
-1.3324563921802959,-1.9709075239145148,82
-2.0149203231343225,-0.057564166157326783,85
-2.1869161742455607,-0.05886575096974438,85
-2.1009612860578284,-0.03908940482039016,85
-2.1707593894889037,0.02392224986535745,85
-2.0149203231343233,-0.05756416615732502,85
-2.1869161742455887,-0.058865750969317454,85
-2.1009612860578275,-0.03908940482035724,85
-2.1707593894888912,0.023922249865210563,85
0.1577882614086008,1.7000631129052055,29
0.03003168121389727,1.7693763406827896,29
0.0829510806547148,1.7282314365269522,29
0.018120054372894205,1.901267012225606,29
0.011365032331541737,1.7138710028202995,29
0.2561325102053668,1.8865134530858583,29
0.19634379425325235,2.003117211527431,29
0.1583963347792384,1.8455520987890321,29
0.15905880332496958,2.053554533483537,29
0.05973227998708943,1.8599061685629592,29
-1.8096578244930717,-0.15646993411659332,85
-2.0305435824919322,-0.21945820772482322,85
-2.2016059875823752,-0.042594606247752055,85
-2.0810602335014696,-0.06816513961274903,85
-2.1409729482263242,-0.01989965505408588,85
-1.8096578244930708,-0.15646993411659357,85
-2.0305435824919407,-0.21945820772475186,85
-2.201605987582411,-0.04259460624732841,85
-2.0810602335014714,-0.06816513961275085,85
-2.1409729482263615,-0.019899655053716745,85
-1.9363013443722843,-1.0270304970064568,75
-2.0399750755142763,-1.0401515101282788,75
-2.028584688463044,-1.047200807933023,75
-2.0343433141048344,-1.0420795241069731,75
-1.936301344372156,-1.0270304970067834,75
-2.039975075515472,-1.0401515101251217,75
-2.0285846884662235,-1.0472008079249877,75
-2.034343314102622,-1.0420795241127516,75
1.2695149202637235,2.1481906478223847,21
1.1688529308605191,2.1815387861507913,21
1.2237159587669164,2.1664362427368657,21
1.1695312378094975,2.1239545890505322,21
1.1160677899970954,2.0862685498616322,21
1.2945594626823054,2.217493948421605,21
1.2312179225719861,2.292472091337712,21
1.2855250394312703,2.3001878558227937,21
1.1716166765674358,2.2336626396230184,21
1.175188159322228,2.3227492776987675,21
-1.67850832496664,-1.103604128245423,75
-1.9201006838957433,-1.1314032379177508,75
-1.9781349446348726,-1.080601896935078,75
-1.9619438345099733,-1.0572641825801816,75
-1.8949176340568816,-1.0385608399189779,75
-1.6785083249673998,-1.1036041282437399,75
-1.9201006838963959,-1.1314032379164765,75
-1.9781349446105985,-1.0806018969897846,75
-1.9619438345148934,-1.0572641825685198,75
-1.8949176340658964,-1.0385608398972748,75
-1.4859421309592686,-1.0968390989368366,79
-1.5454775396681237,-1.0680302827886614,79
-1.5492807879541006,-1.1372672256290304,79
-1.5359764889450658,-1.0094063912476934,79
-1.4859421309592697,-1.0968390989368348,79
-1.545477539668123,-1.0680302827886607,79
-1.5492807879541033,-1.1372672256290297,79
-1.5359764889450649,-1.0094063912476932,79
1.5660503236584735,1.12711243217266,35
1.4537111005529204,1.017972359871815,35
1.6020582264079024,1.0764693825404403,35
1.5709102770736092,1.1378844582570733,35
1.4892782937471305,0.9853367265624643,35
1.4986286592512932,1.09396187183711,35
1.449476403314318,1.0115062791291602,35
1.4963167471634384,0.9990455921526169,35
1.4389241919628595,1.039557254565516,35
1.3395657360093485,0.9027838641912138,35
-1.2486316016509038,-1.1496271524189516,79
-1.472022316569766,-1.2617372985814312,79
-1.5068416749663442,-1.1418887762761527,79
-1.5321906323279726,-1.2228276257955195,79
-1.495621320923533,-1.1882475535996833,79
-1.248631601650904,-1.1496271524189543,79
-1.4720223165697668,-1.2617372985814312,79
-1.5068416749663445,-1.141888776276152,79
-1.532190632327973,-1.2228276257955202,79
-1.4956213209235325,-1.188247553599683,79
-1.45520523963139,-1.7783099786812269,71
-1.4628281706299209,-1.77335394088853,71
-1.4855407233556108,-1.856031709981792,71
-1.4532178697273714,-1.740307040105591,71
-1.45520523963139,-1.7783099786812246,71
-1.4628281706299215,-1.7733539408885302,71
-1.4855407233556095,-1.8560317099817913,71
-1.4532178697273705,-1.7403070401055916,71
1.9921443937107046,1.174239027693014,4
1.8860050194745757,1.047840905643708,4
1.9608100704446607,1.0646473202884148,4
1.9461713184844016,1.2139815985215174,4
1.8563045720764466,0.9992089527659199,4
1.9794189574657994,1.1019445809900128,4
1.9110302682972593,1.0919757301797686,4
1.94401622489695,1.0437104358006926,4
1.8858652932425144,1.116214950737736,4
1.8219665450324145,0.9413887393766444,4
-1.2255079200399357,-1.8443597164543684,71
-1.4083673415625138,-1.8061323832110268,71
-1.4010943352772878,-1.821275397005458,71
-1.427644410440584,-1.9081454536177749,71
-1.3716833985410195,-1.8096071118652155,71
-1.2255079200399361,-1.8443597164543701,71
-1.4083673415625133,-1.8061323832110276,71
-1.401094335277289,-1.8212753970054567,71
-1.427644410440584,-1.9081454536177735,71
-1.3716833985410202,-1.809607111865213,71
-1.9871063747425932,-0.3520368634303027,89
-2.0865300934145417,-0.3746454318324913,89
-2.0142583192733285,-0.38527645653956166,89
-2.121644657793838,-0.2929456959752239,89
-1.9871063747425877,-0.35203686343032575,89
-2.086530093414543,-0.3746454318324887,89
-2.0142583192733317,-0.3852764565395656,89
-2.1216446577938304,-0.29294569597528575,89
0.6657253981602769,1.973959064311618,27
0.48940926416340824,1.8859325045892714,27
0.5942314646817718,1.955342522698436,27
0.5609016897646426,1.9832284754316774,27
0.5005362078920609,1.875800654405207,27
0.6491140422821241,1.965259691371962,27
0.5841482439144864,1.9826127162231477,27
0.590416314216469,1.9542365037716367,27
0.5179043727047491,1.969282267564887,27
0.4466596061526233,1.8764924269812107,27
-1.9011479242219902,-0.5415255715843642,89
-1.9958576307947842,-0.6118484671342844,89
-2.095681546293511,-0.5032756302371918,89
-1.9764390385205495,-0.48471566713199205,89
-2.063070578270513,-0.4999357896472277,89
-1.9011479242219846,-0.5415255715843885,89
-1.995857630794794,-0.6118484671342528,89
-2.095681546293739,-0.5032756302362614,89
-1.9764390385205444,-0.4847156671320072,89
-2.0630705782704974,-0.4999357896473091,89
-2.020637923506515,-1.2983192721033547,73
-2.0652544531398678,-1.3174950041332205,73
-2.1157156241118837,-1.401935198561083,73
-2.077128917190553,-1.2991652463735521,73
-2.020637923521276,-1.2983192720732946,73
-2.065254453408702,-1.31749500358372,73
-2.11571562403524,-1.401935198706774,73
-2.077128917323344,-1.2991652460898204,73
1.4752565768907826,2.2939258368753155,22
1.3412460976830276,2.271724473127391,22
1.419454230574793,2.2910108616678193,22
1.3829975860725854,2.2672209596304227,22
1.3066315397002786,2.1539219614538765,22
1.4536110910720166,2.272902406198406,22
1.3496606344003943,2.25202733698757,22
1.405558111861785,2.3649007668843316,22
1.3202647571850947,2.197579293762248,22
1.2786563637051045,2.264230773914218,22
-1.781600412065877,-1.6047077795161193,73
-1.9698804448757976,-1.4584360692818141,73
-2.0374049504789395,-1.3894311511702064,73
-1.9923085623770822,-1.4409271289192207,73
-1.9301680313687015,-1.364590997016061,73
-1.781600414160379,-1.6047077770090887,73
-1.969880444885654,-1.4584360692638834,73
-2.037404950465712,-1.389431151199576,73
-1.992308562400528,-1.440927128872327,73
-1.9301680312976377,-1.3645909971345533,73
3.1115387083492587,-1.3977035150796424,40
3.356328765215839,-1.4360337376791377,40
3.296865219643409,-1.4460887040178942,40
3.1657783436536513,-1.2977856946966786,40
3.1115387083492023,-1.397703515079795,40
3.356328765235251,-1.4360337376273258,40
3.296865219609716,-1.4460887041032393,40
3.165778343653137,-1.2977856946981436,40
1.6472603722522206,-2.0775766755059832,48
1.6547025486120885,-1.8694220982843948,48
1.671675964148574,-1.9514056478716837,48
1.7563574483806597,-1.9304486376967946,48
1.6406774555260626,-2.300224855909146,48
1.6378240746896389,-2.000787671793358,48
1.647820133785329,-2.048997841363786,48
1.6786924134664782,-1.9845012214660394,48
1.713670876296747,-2.014536636982916,48
1.6424479510072938,-2.3401673775909324,48
3.2709462215960605,-1.2319284531406216,40
3.1605911267667826,-1.40126346520582,40
3.3448078684909675,-1.4069081278153805,40
3.281266094742261,-1.3957283156180618,40
3.1424950295533716,-1.30898795734162,40
3.2709462216020095,-1.231928453119845,40
3.1605911269535993,-1.4012634646995334,40
3.344807868356679,-1.4069081282029783,40
3.281266094763018,-1.3957283155580793,40
3.1424950295364877,-1.3089879573867638,40
3.340675683841721,-1.326527478912059,40
3.2954700921023057,-1.49792589356662,40
3.4877237959173155,-1.4478579386052333,40
3.4749607917090026,-1.4520187359858725,40
3.3703320337082947,-1.3771002037766904,40
3.34067568385332,-1.3265274788749724,40
3.295470092054895,-1.4979258936809117,40
3.4877237959316725,-1.4478579385690211,40
3.474960791746862,-1.4520187358892578,40
3.3703320337518052,-1.3771002036425637,40
1.6013470814942978,-2.0937963110317264,48
1.6459824963854133,-2.336455271123237,48
1.5905335582599005,-1.8563225706334627,48
1.7102184186418337,-2.07425727649982,48
1.6187319050888,-1.9600816495595381,48
1.6962698204928865,-2.205743449517297,48
1.530876535630699,-1.8767800670194015,48
1.6506961535298899,-1.9376858650296027,48
1.6391802879111528,-1.9870574307611797,48
1.7302582804943762,-2.171267871210289,48
1.6013470814943118,-2.0937963110317113,48
1.6459824963544867,-2.336455271149184,48
1.5905335582599005,-1.856322570633462,48
1.7102184186418337,-2.0742572764998184,48
1.6187319050888012,-1.9600816495595372,48
1.6962698204928786,-2.2057434495173087,48
1.530876535630698,-1.8767800670194044,48
1.6506961535298887,-1.9376858650296036,48
1.639180287911152,-1.9870574307611792,48
1.7302582804943734,-2.1712678712102886,48
-2.2981215805936124,-0.32968963690632924,81
-2.3334093679101646,-0.27099563450350656,81
-2.3787161589920993,-0.27342838466838987,81
-2.3209484317881732,-0.20339555774020396,81
-2.2981215805936923,-0.3296896369061044,81
-2.333409367928034,-0.27099563444856634,81
-2.3787161590014536,-0.2734283846372983,81
-2.320948431818909,-0.20339555761735265,81
0.7496553206677561,0.6495512351242033,37
0.75759072358259,0.6194402380946787,37
0.8430407580815176,0.5846174383988473,37
0.8070050935219418,0.6894618353521664,37
0.8106247808239738,0.588722670026256,37
0.8001179086155688,0.6881457455162887,37
0.7938350402869168,0.6999039259258447,37
0.7649372506117248,0.6198418741067158,37
0.8046935038405884,0.7249179574453937,37
0.6528135906832024,0.6578571435087326,37
-1.8210265631079139,-0.3140596497419795,81
-2.2252575483936234,-0.4108813911055624,81
-2.221913412424185,-0.28423415500114235,81
-2.292023797919646,-0.32806923779906666,81
-2.1292397737310895,-0.29708891010324756,81
-1.821026563107812,-0.3140596497423849,81
-2.2252575484029036,-0.410881391081582,81
-2.2219134124282265,-0.28423415498780785,81
-2.2920237979294904,-0.32806923777107855,81
-2.129239773729865,-0.2970889101074907,81
-1.87722836620519,-1.1039837889767976,82
-1.886098374142922,-1.0525811246889683,82
-1.9037364850724185,-1.08698031181322,82
-1.8592492651077481,-1.0620257152310508,82
-1.877228366207683,-1.1039837889723723,82
-1.8860983741430497,-1.0525811246887256,82
-1.903736485075718,-1.0869803118073655,82
-1.859249265107539,-1.0620257152314512,82
1.6617768646592215,0.4892406688527629,19
1.6477366897576433,0.43667769358291636,19
1.6811244628850628,0.41287540248409527,19
1.6714036704543827,0.46462574822774383,19
1.5602818555420557,0.4381543314315931,19
1.7354373338621967,0.5438484371484998,19
1.7218676248180802,0.5400413070105058,19
1.7301718726962088,0.4636236477093101,19
1.6957734166190646,0.5761625900593719,19
1.5693007923539892,0.5026119244085162,19
-1.5582826066335582,-0.8670535040859713,82
-1.7469045147569668,-1.145784499945964,82
-1.8030371069541549,-0.9956615174807102,82
-1.8607646639140425,-1.0117297586811766,82
-1.6964855572535202,-1.0282335008910222,82
-1.5582826066335553,-0.8670535040859765,82
-1.7469045147570503,-1.1457844999458087,82
-1.803037106954122,-0.9956615174807691,82
-1.8607646639131015,-1.011729758683012,82
-1.696485557253525,-1.0282335008910057,82
-2.443744008416052,0.6852769539400707,85
-2.4973460491491952,0.6070974627808953,85
-2.47340366177763,0.6687664866742022,85
-2.502425841731993,0.7065935874090489,85
-2.4437440084160533,0.6852769539400709,85
-2.4973460491491926,0.6070974627808959,85
-2.473403661777628,0.6687664866742089,85
-2.502425841731989,0.7065935874090497,85
-0.3664627435166756,1.7510228507820653,29
-0.4932337408284537,1.855431319435343,29
-0.45558150312300505,1.8037301384351723,29
-0.4941502306763532,1.9803016058720768,29
-0.46604433935926554,1.8216656034073022,29
-0.3783070110696527,1.9134021518286994,29
-0.4680643194725724,2.0062814446323567,29
-0.4900937811950729,1.8855200186209675,29
-0.46780887684611006,2.0293186027270287,29
-0.5465958711008784,1.8891838391039777,29
-2.1273637916011636,0.5720006143160143,85
-2.45322126557735,0.5807173672898511,85
-2.4481305350147844,0.6561013240265134,85
-2.417421611849148,0.6552311947279416,85
-2.3775522626718906,0.6627559459439509,85
-2.1273637916011636,0.5720006143160143,85
-2.45322126557735,0.5807173672898502,85
-2.448130535014789,0.656101324026509,85
-2.417421611849149,0.6552311947279416,85
-2.37755226267189,0.6627559459439512,85
-2.306122601188217,0.004337355475698067,83
-2.360938911457097,0.00694373707582372,83
-2.336129626543472,0.040693484648720975,83
-2.3826609450206218,-0.007424216017133099,83
-2.3061226011882168,0.004337355475697649,83
-2.360938911457095,0.006943737075823125,83
-2.336129626543471,0.04069348464872107,83
-2.382660945020618,-0.007424216017135785,83
0.8063441067725017,2.4283134072116113,21
0.7463372102062048,2.508937343139073,21
0.7927934687479778,2.4458803693904296,21
0.7833486945855183,2.3983485101213717,21
0.7185630558240276,2.3572288412698685,21
0.8213463475581256,2.5193437172096393,21
0.7742516003747038,2.5147814507393593,21
0.7968052601049401,2.535932055158973,21
0.7540906511607648,2.452356046141479,21
0.6661248403818791,2.481971814822589,21
-1.9770653618146925,0.00018555424049447058,83
-2.2067856713738396,-0.051659900217828895,83
-2.2885621281821247,0.07619413131060242,83
-2.233435130161551,0.02496273158841283,83
-2.2021076452141006,0.030522705768214416,83
-1.9770653618146883,0.0001855542404941471,83
-2.20678567137384,-0.051659900217831595,83
-2.2885621281821247,0.07619413131060253,83
-2.23343513016155,0.024962731588412754,83
-2.2021076452141,0.030522705768215266,83
-1.7756277218299474,-0.27823022014193716,79
-1.7630892799056086,-0.2864242898695187,79
-1.81138509033409,-0.2943227954164157,79
-1.7691926383756442,-0.23824528320061106,79
-1.775627721829947,-0.27823022014193716,79
-1.763089279905609,-0.28642428986951823,79
-1.8113850903340936,-0.29432279541641543,79
-1.7691926383756458,-0.23824528320061178,79
0.9363028857454326,1.1883813266782863,35
0.8979839658708086,1.1229826032155474,35
1.0048613954396344,1.168476113956895,35
1.004889912324402,1.251071106146219,35
0.8948963926482674,1.0798619992517642,35
0.9375922786927059,1.1892350757677017,35
0.888143988150602,1.0997005109757285,35
0.8993410441086082,1.0895591584217192,35
0.8965381123541515,1.134467135954562,35
0.7808653188617041,1.0161783718729644,35
-1.4609032336037,-0.21197493123341057,79
-1.7748548701584754,-0.35691060581681666,79
-1.734443090544945,-0.2829491249480189,79
-1.8305830566273267,-0.29674693021369153,79
-1.713263394596995,-0.25789194120162906,79
-1.460903233603702,-0.21197493123341066,79
-1.7748548701584765,-0.3569106058168168,79
-1.7344430905449455,-0.2829491249480186,79
-1.8305830566273271,-0.29674693021369153,79
-1.7132633945969948,-0.25789194120162956,79
-1.7204166785242307,-0.9238751091040892,77
-1.6741563440413718,-0.9118640374172448,77
-1.725607927341039,-0.9803621767844856,77
-1.6906648030883067,-0.9374694766683002,77
-1.7204166785242287,-0.9238751091040907,77
-1.6741563440413731,-0.9118640374172434,77
-1.7256079273410354,-0.9803621767844999,77
-1.6906648030883085,-0.9374694766682987,77
1.6868357946349688,1.4726976881286438,4
1.629795659897884,1.3705186317855989,4
1.6797957200315912,1.4029818747111167,4
1.6819707380619542,1.4650583459356128,4
1.532613939835526,1.2232752383012664,4
1.6702579091713643,1.3768225732897137,4
1.636971029422097,1.3575772807759414,4
1.6642273632317446,1.3407236283416857,4
1.6288284482530575,1.4192567583697362,4
1.5321882837652074,1.1900402620125368,4
-1.4682502054219093,-0.9038813103501333,77
-1.7025378675745102,-0.9972488090321311,77
-1.6170298996665038,-0.8734908618944385,77
-1.7186917471837833,-0.9533028171783593,77
-1.5874603628547128,-0.8997167525675432,77
-1.4682502054219106,-0.9038813103501336,77
-1.7025378675745113,-0.9972488090321324,77
-1.617029899666504,-0.8734908618944391,77
-1.7186917471837984,-0.9533028171783314,77
-1.5874603628547133,-0.8997167525675428,77
-2.226629572307941,0.438552017225995,89
-2.259382338074725,0.3606440087799907,89
-2.212700546187034,0.39720446172727153,89
-2.305216446077456,0.43312085224296915,89
-2.2266295723079406,0.4385520172259944,89
-2.259382338074725,0.3606440087799913,89
-2.2127005461870346,0.39720446172727236,89
-2.305216446077456,0.4331208522429709,89
0.020835295683155394,1.909247153229801,27
-0.025055744539235144,1.867315038670533,27
-0.0013464651918781967,1.887421771810252,27
0.03346087907248511,1.8957865553595372,27
-0.01260309373294318,1.8166777297895038,27
0.06538386175692032,1.91098745976702,27
0.035144348786320244,1.9181387308297857,27
-0.012540985380008736,1.876813987115468,27
0.008166840679479167,1.9126677512523678,27
-0.06651714139226232,1.8477754773600505,27
-2.136516984407436,0.38728188587153217,89
-2.212574819221502,0.3240132712836542,89
-2.246206090841292,0.36189055685355553,89
-2.22568073869152,0.3976275163785699,89
-2.2100522313261077,0.41731952457050014,89
-2.1365169844074345,0.3872818858715318,89
-2.2125748192215036,0.3240132712836545,89
-2.246206090841292,0.3618905568535553,89
-2.2256807386915214,0.3976275163785684,89
-2.210052231326106,0.4173195245704997,89
-2.2771666015102205,-0.15222808029041082,87
-2.2403361077308586,-0.1553544774893514,87
-2.288008638654852,-0.17581578050244565,87
-2.259284742002184,-0.15083145121040029,87
-2.2771666015102228,-0.1522280802904102,87
-2.2403361077308577,-0.15535447748935155,87
-2.2880086386548513,-0.17581578050244584,87
-2.2592847420021838,-0.15083145121040006,87
0.9840396914509618,2.3515332094588244,22
0.9445060085323718,2.400832213686091,22
0.9664239846797865,2.3712069917793706,22
0.9867470301635763,2.342499497956638,22
0.9017395967807359,2.230114545796008,22
0.9908598909404756,2.3712100115236185,22
0.9477201673431516,2.365630476442464,22
0.9492103134530198,2.416085118219915,22
0.9171680150683448,2.3040840121997346,22
0.8443953101083881,2.3545438104125656,22
-2.087890474534574,-0.19265519240775475,87
-2.1937584292593857,-0.3202471228494765,87
-2.220440267825411,-0.12792832911589275,87
-2.2261891961638467,-0.1842784952802423,87
-2.076652044971891,-0.1559285235865326,87
-2.087890474534574,-0.19265519240775472,87
-2.1937584292593733,-0.32024712284952644,87
-2.2204402678254107,-0.12792832911589272,87
-2.226189196163847,-0.1842784952802419,87
-2.0766520449718904,-0.1559285235865324,87
-2.057631090411733,2.0973801079552366,40
3.175272778212059,-1.5413627313622136,40
3.164090004289741,-1.4891124812894478,40
3.027849869866482,-1.3774211840101982,40
3.0241706217555175,-1.4693596016490715,40
3.17527277821206,-1.5413627313622136,40
3.1640900042897426,-1.4891124812894478,40
3.027849869866483,-1.3774211840102009,40
1.5398437041820574,-1.9333548488871752,49
1.62742792650013,-1.8774759621651138,49
1.6516722081772124,-1.9291548941486034,49
1.684221866985147,-1.9123798608035703,49
1.5892714625721802,-2.212854194855475,49
1.4456611304334863,-1.8635734811709488,49
1.532754201311947,-2.0037224039521893,49
1.5319324447304625,-1.9586826169561626,49
1.587380450298303,-1.9723121138928392,49
1.4915809886706082,-2.29958468929294,49
3.221008659174077,-1.3286536893468455,40
3.0953834893993672,-1.4657691839548157,40
3.1709538656082263,-1.4806753389030356,40
3.158928375654882,-1.4060169303203387,40
3.0686377204436797,-1.362297644932099,40
3.2210086562965086,-1.3286536985309074,40
3.095383489399362,-1.4657691839548266,40
3.1709538656082885,-1.4806753389028775,40
3.158928375655092,-1.4060169303197292,40
3.0686377204437814,-1.3622976449318056,40
3.219124244293432,-1.4367847927700221,40
-2.1336526856863323,2.3022416636465595,40
3.2883253929608713,-1.5326944331319043,40
3.3431139545028246,-1.4586582561755232,40
3.244865541236226,-1.4354921319597422,40
3.2191242442802395,-1.4367847928054482,40
3.1278302298060665,-1.4615616686686868,40
3.288325392961063,-1.5326944331314594,40
3.3431139544403985,-1.458658256347377,40
3.244865541237361,-1.4354921319566505,40
1.4815857880810608,-2.030533628585341,49
1.5997115019881962,-2.235902245500491,49
1.5189556544300868,-1.806540564278413,49
1.6600922957436848,-1.9996080270410344,49
1.540789058102266,-2.0223426870787558,49
1.6747189956924777,-2.144562402728293,49
1.391924739737594,-1.9662251558878532,49
1.6556340475597582,-1.9340429639197327,49
1.5805637019527137,-1.9091452076875985,49
1.702561591279849,-2.143252458969286,49
1.481585788081062,-2.0305336285853404,49
1.5997115019879378,-2.2359022455007342,49
1.518955654430085,-1.8065405642784136,49
1.6600922957436859,-1.999608027041037,49
1.5407890581022656,-2.022342687078755,49
1.674718995692478,-2.1445624027282926,49
1.3919247397374666,-1.9662251558879715,49
1.6556340475597575,-1.934042963919733,49
1.580563701952713,-1.9091452076876014,49
1.702561591279849,-2.1432524589692874,49
-2.113365786714443,-0.3861870776202367,81
-2.1890686775353236,-0.30852752358185187,81
-2.2405062244837652,-0.2648358291616915,81
-2.1649111164761745,-0.2535405572116594,81
-2.11336578671437,-0.3861870776204286,81
-2.189068677534642,-0.3085275235839752,81
-2.240506224488835,-0.26483582914427733,81
-2.1649111164760377,-0.2535405572123463,81
0.8550811576869163,0.6584070844671668,37
0.8617462160561804,0.6443928778303138,37
0.9692422370427691,0.5889097115429595,37
0.9453638540703526,0.681914213031978,37
0.9538382791126766,0.590976827763668,37
0.8853963275016395,0.7425282914941246,37
0.8920148533726758,0.7482544250316246,37
0.8676660039258763,0.6795089113241599,37
0.9178193332966804,0.769017807674976,37
0.7280570885694877,0.731088426253838,37
-1.6368736998502658,-0.30300201511739716,81
-2.038900249809992,-0.463045891273587,81
-2.099957823406495,-0.2909341979083885,81
-2.1529479533266436,-0.3130790564421043,81
-1.9937948209828447,-0.28986138960390395,81
-1.6368736998502853,-0.3030020151172674,81
-2.038900249810107,-0.46304589127325807,81
-2.099957823405504,-0.29093419791210956,81
-2.152947953326434,-0.3130790564428346,81
-1.9937948209822929,-0.2898613896063113,81
-1.7694561917330949,-1.028634046114206,82
-1.774506147526295,-1.0096222933463765,82
-1.7759324327932346,-1.0173879456853623,82
-1.738066381457811,-1.0094252891052102,82
-1.7694561917330476,-1.0286340461143038,82
-1.7745061475263448,-1.0096222933462864,82
-1.7759324327932633,-1.0173879456853052,82
-1.7380663814578285,-1.0094252891051774,82
1.7229860978717784,0.5751057085379778,19
1.6865713348464408,0.5125136022395829,19
1.733432229861333,0.4683279078931863,19
1.7166214761788094,0.5449663656817159,19
1.6457359360838129,0.5008494550471839,19
1.746778980084679,0.621081529799496,19
1.745035023363334,0.6235391993517807,19
1.7523909560618296,0.5619142830238315,19
1.729012806992141,0.6533994435589975,19
1.5577452147510897,0.6339113091132339,19
-1.414081855050881,-0.8003193857362347,82
-1.6560717088561772,-1.0748894407116394,82
-1.6788237618735204,-0.953666760702029,82
-1.7420409115648074,-0.9311257044351362,82
-1.5961759685445644,-0.9469424348655066,82
-1.4140818550508811,-0.8003193857362347,82
-1.6560717088561785,-1.0748894407116394,82
-1.678823761873509,-0.9536667607020526,82
-1.7420409115648268,-0.931125704435083,82
-1.5961759685445642,-0.946942434865507,82
-2.5063388338497146,0.6998841348307133,85
-2.510680772187019,0.6631834042797085,85
-2.5378264611006687,0.6860025754954735,85
-2.5053600457858605,0.7402955644222379,85
-2.5063388338497194,0.6998841348307124,85
-2.5106807721870212,0.663183404279709,85
-2.5378264611006665,0.6860025754954727,85
-2.5053600457858574,0.740295564422238,85
-0.3636780003847508,1.8936490245373891,29
-0.46675651470565704,1.9964988976056879,29
-0.4491567300200714,1.9431445928141853,29
-0.4471283065199603,2.138622055217298,29
-0.4531558096980618,1.9686815797495956,29
-0.30529359451469096,2.0175855727057774,29
-0.4127800397521792,2.165661983376174,29
-0.4468014804916962,2.0266420679357284,29
-0.4015661670997778,2.1729713954631316,29
-0.5214524130668826,2.0518059994770628,29
-2.1609653166990106,0.6412577367476329,85
-2.5201864093823256,0.5920201901601937,85
-2.4761539183935515,0.7039570561258318,85
-2.4728461686874326,0.6693565692894798,85
-2.3837653714289453,0.7174003236997223,85
-2.160965316699012,0.641257736747633,85
-2.520186409382326,0.5920201901601928,85
-2.4761539183935515,0.7039570561258316,85
-2.472846168687426,0.6693565692894895,85
-2.3837653714289457,0.717400323699723,85
-2.195338344416884,0.003675103989236365,83
-2.246166196782385,0.0024129349536918168,83
-2.231543434671943,0.051496581037975935,83
-2.2681340921668074,-0.016222235153528136,83
-2.1953383444168844,0.0036751039892365116,83
-2.2461661967823825,0.0024129349536917907,83
-2.231543434671943,0.051496581037976344,83
-2.2681340921668074,-0.01622223515352807,83
0.8261765312117315,2.3877971248938503,21
0.7574902154663845,2.4403692290651517,21
0.8074928080093758,2.400310903427526,21
0.8079726409995155,2.3533689547234613,21
0.7385532459628923,2.2962979732809696,21
0.8381788742152623,2.468047286486224,21
0.7935452216702154,2.500493279719277,21
0.8060625388548263,2.5499316445597033,21
0.7915113211980873,2.4377017667650662,21
0.683521516372297,2.551306215427757,21
-1.8916313832290335,-0.006120644659863898,83
-2.122018342072607,-0.05012598692856501,83
-2.1932339338194367,0.06486936724237093,83
-2.1636913222940724,0.06788632309222066,83
-2.089914164532451,0.04195903836131099,83
-1.8916313832290335,-0.00612064465986398,83
-2.122018342072606,-0.050125986928565076,83
-2.193233933819432,0.06486936724237083,83
-2.1636913222940737,0.06788632309222081,83
-2.089914164532452,0.04195903836131142,83
-1.6450995310868282,-0.25708544068868544,79
-1.636804444122591,-0.23387019610094484,79
-1.699572570608258,-0.2641236100676534,79
-1.6256945405286323,-0.18730322682075168,79
-1.6450995310868315,-0.2570854406886861,79
-1.6368044441225913,-0.23387019610094467,79
-1.6995725706082592,-0.26412361006765334,79
-1.6256945405286345,-0.18730322682075173,79
1.0835089111177465,1.3727664295384048,35
1.0452598064528185,1.243127630077813,35
1.1453051383808264,1.283907930192844,35
1.1045230610721126,1.3776846006659356,35
1.0313394322849343,1.2400617459636838,35
1.090876490385134,1.312990814113571,35
1.0538222991635,1.2646944956322586,35
1.0345983429079906,1.2129724490370797,35
1.0543880586084262,1.3072703563459256,35
0.9074381453391694,1.1574739586365546,35
-1.2910417290855594,-0.11071749416360782,79
-1.7168563092949125,-0.35085807837585675,79
-1.596049215385154,-0.2395456043546,79
-1.7369397532139574,-0.2953526532358521,79
-1.5620845064640616,-0.20520569698728508,79
-1.2910417290855583,-0.11071749416360768,79
-1.7168563092949127,-0.35085807837585686,79
-1.5960492153851533,-0.23954560435459885,79
-1.736939753213957,-0.2953526532358515,79
-1.5620845064640625,-0.20520569698728497,79
-1.608706116103074,-0.8627034151800761,77
-1.5885314470966734,-0.8413604267664997,77
-1.6361893596375954,-0.9025447773919035,77
-1.573127549335029,-0.8521695068643066,77
-1.608706116103077,-0.8627034151800744,77
-1.5885314470966747,-0.8413604267664998,77
-1.6361893596375954,-0.902544777391903,77
-1.5731275493350279,-0.852169506864307,77
1.7205152611000067,1.5713212946380368,4
1.680629488871012,1.4362642051284038,4
1.7175907081570956,1.4225488508352224,4
1.70869225454792,1.464808808383739,4
1.5843553232994265,1.2995676047911022,4
1.7399826516819978,1.5124428191423083,4
1.7036783599105,1.433629341671649,4
1.7040683867463804,1.3876499817408454,4
1.7054158722976351,1.4823375691085539,4
1.558528525252863,1.2641225519932526,4
-1.3710986903488205,-0.8278289165685464,77
-1.6074337699548427,-0.9259787775703541,77
-1.517279112846414,-0.7946275426977544,77
-1.6370878318134423,-0.8791185719145093,77
-1.4783016436227117,-0.8055283405985795,77
-1.3710986903488225,-0.8278289165685464,77
-1.607433769954844,-0.9259787775703539,77
-1.5172791128464134,-0.7946275426977554,77
-1.6370878318134428,-0.8791185719145103,77
-1.4783016436227112,-0.80552834059858,77
-2.2076648674676553,0.42107312547562253,89
-2.1991025907454764,0.39337008641361954,89
-2.1989478158531814,0.38528157302095656,89
-2.224941973212078,0.4670616313984529,89
-2.2076648674676544,0.42107312547562287,89
-2.1991025907454764,0.39337008641361976,89
-2.198947815853182,0.38528157302095695,89
-2.224941973212078,0.4670616313984532,89
0.06887041282892639,2.004579161053251,27
0.031151306980920942,1.9867087749996155,27
0.04484853856996722,2.022899385826779,27
0.07178160209098683,2.049605453571299,27
0.03552345176100864,1.9725028658783978,27
0.11437365101921772,2.009421487733657,27
0.09345607941302393,2.019575842695669,27
0.044306559962755176,1.9887069932392087,27
0.07057165520043066,2.024558489502545,27
-0.004066382127947712,1.9751443735209613,27
-2.051212727035184,0.4417478768509048,89
-2.2513695568142995,0.3342640425173848,89
-2.1866901834072068,0.40624529147100774,89
-2.2168313889244993,0.3914314165358774,89
-2.128716084752501,0.46665916783842953,89
-2.0512127270351845,0.4417478768509053,89
-2.251369556814302,0.3342640425173846,89
-2.186690183407207,0.40624529147100713,89
-2.2168313889244993,0.3914314165358779,89
-2.1287160847525044,0.4666591678384307,89
-2.152391900382942,-0.1392509921475339,87
-2.1227954051613236,-0.11730641109819522,87
-2.1863563984566246,-0.15850145614110578,87
-2.1351061034590986,-0.10403074907683554,87
-2.152391900382943,-0.1392509921475342,87
-2.1227954051613236,-0.11730641109819501,87
-2.186356398456624,-0.15850145614110583,87
-2.1351061034590977,-0.10403074907683546,87
1.0569524034838236,2.387118333209149,22
1.0090562982401512,2.4220222336517647,22
1.0354047182607347,2.397338292459939,22
1.0574398385888457,2.3824021155095774,22
0.9898474826673521,2.307667717834133,22
1.0451524013877196,2.384018496570955,22
1.0090331694549053,2.385688084664522,22
1.005344684897757,2.4768689818294076,22
1.0114497444347268,2.355936384715376,22
0.9204162813395363,2.4162580274729715,22
-1.950126589737926,-0.19398241951076925,87
-2.106031120060831,-0.31357829483035676,87
-2.080570919407588,-0.09691701013086294,87
-2.1324148767424966,-0.1805258935650496,87
-1.9598153851849935,-0.12021525924464617,87
-1.9501265897379294,-0.19398241951076867,87
-2.106031120060832,-0.3135782948303563,87
-2.0805709194075885,-0.09691701013086278,87
-2.132414876742495,-0.1805258935650498,87
-1.959815385184992,-0.12021525924464604,87
2.999855142224235,-1.601577222642989,40
3.1829645366082113,-1.6930298654178997,40
3.1169497407482836,-1.5932555911306183,40
-2.0881383873590713,2.079268097042886,40
2.999855142224235,-1.601577222642989,40
3.1829645366082118,-1.6930298654179003,40
3.116949740748284,-1.5932555911306194,40
3.0309677637212644,-1.5268622534077358,40
1.5339775022192832,-2.1010621295194767,49
1.619668909581989,-1.950554852587196,49
1.635330281296346,-2.0396192621601803,49
1.6515769508185798,-1.9734706275056122,49
1.5397377950617743,-2.2658984216076075,49
1.4196152986739325,-2.0544615728611797,49
1.5193080135377022,-2.088281472290844,49
1.5581234506532304,-2.0771453008072225,49
1.5430486809484982,-1.999025591075868,49
1.486265839632612,-2.3702436804521874,49
3.053668843782302,-1.4693712289089709,40
3.0721306241683317,-1.5893029904968914,40
3.1663411313138186,-1.6170353030325404,40
3.1202858681102814,-1.50847221834756,40
-2.054788613129532,2.0526391155962114,40
3.0536688437823027,-1.4693712289089709,40
3.0721306241683335,-1.589302990496892,40
3.166341131313822,-1.6170353030325388,40
3.120285868110264,-1.508472218347598,40
3.0059337807498716,-1.48689542476174,40
3.1171257536444883,-1.5593780262976842,40
3.0656640858362105,-1.54844292712265,40
-2.2991276243634906,2.442969704178033,40
3.2868524292873014,-1.5547486840774436,40
3.1599483114277778,-1.5265972410410424,40
3.11712575364449,-1.5593780262976864,40
3.0656640858362083,-1.5484429271226512,40
-2.2991276243634124,2.442969704178135,40
3.286852429288471,-1.5547486840747728,40
3.1599483114277684,-1.526597241041054,40
1.410979080670534,-2.1916049524427517,49
1.4962264038062956,-2.324463245970111,49
1.4765625799178113,-1.898351974610878,49
1.6021682376615811,-2.0187283160734952,49
1.506001035880696,-2.0948425618215296,49
1.6191274619769063,-2.175141751885627,49
1.3549630472313747,-2.094349203478999,49
1.5819581352807914,-1.959604204295089,49
1.5316762779023203,-2.0078535896000376,49
1.623900209742255,-2.1342161482041564,49
1.410979080678472,-2.1916049524354273,49
1.496226403832043,-2.3244632459494623,49
1.4765625799178126,-1.898351974610877,49
1.6021682376615813,-2.0187283160734935,49
1.5060010358807088,-2.0948425618215163,49
1.6191274619769283,-2.175141751885611,49
1.3549630472324863,-2.0943492034779907,49
1.5819581352807908,-1.959604204295089,49
1.5316762779023196,-2.007853589600036,49
1.6239002097422364,-2.134216148204176,49
-1.7271785382054645,-1.2758143554035517,81
-1.75984221210014,-1.217924204543717,81
-1.7962511997667991,-1.280118472040552,81
-1.7268609877392753,-1.1369913978172963,81
-1.7271785382055251,-1.2758143554034453,81
-1.7598422121001718,-1.2179242045436731,81
-1.7962511997666968,-1.2801184720407253,81
-1.7268609877394536,-1.1369913978169723,81
1.1436211690557874,0.5641539342916955,37
1.094146264273331,0.5336010739452969,37
1.2115749777227571,0.48366577205539196,37
1.1901580375265215,0.5813557488857373,37
1.186390511681961,0.47504782496081466,37
1.197736808237569,0.5566699740036176,37
1.1694732557918177,0.5887652867293485,37
1.106471617515923,0.524350693582451,37
1.2086568475309076,0.6017001634574745,37
0.9759668561653705,0.5467189035984679,37
-1.380204497139686,-1.181944980018357,81
-1.6688590135620227,-1.3607322342026411,81
-1.716879625277225,-1.2460008734520762,81
-1.7399902277024049,-1.2916728708537113,81
-1.6377993784840719,-1.2034895421474154,81
-1.3802044971396872,-1.181944980018356,81
-1.6688590135620167,-1.3607322342026502,81
-1.716879625277409,-1.2460008734517658,81
-1.7399902277019854,-1.2916728708544025,81
-1.637799378484067,-1.20348954214742,81
-1.53803526917704,-1.9770356074654332,82
-1.5800308247850345,-1.94281141547366,82
-1.5929014430678181,-2.0088695607319664,82
-1.548737028916026,-1.9217989793045474,82
-1.538035269177046,-1.9770356074654258,82
-1.5800308247850139,-1.942811415473676,82
-1.5929014430677093,-2.0088695607320752,82
-1.5487370289160372,-1.9217989793045362,82
1.7451414068020255,0.47977662974675006,19
1.706790588233026,0.42423218106245425,19
1.7693976068501693,0.406786991046465,19
1.739696212375155,0.43302721947336886,19
1.632253045631826,0.37786100722994953,19
1.8006502410935616,0.45965671452042595,19
1.804164815655885,0.49847201589593987,19
1.778201735760521,0.42608283853519086,19
1.7982517874140322,0.4931690905696337,19
1.6320737001789252,0.45384520094441944,19
-1.2547657999049464,-1.7867693925324377,82
-1.4586043022766033,-1.9518078463468647,82
-1.4931802175115019,-1.9506446057428124,82
-1.5510194140803648,-1.9623349999811723,82
-1.4287945306991718,-1.904415263885629,82
-1.254765799904947,-1.7867693925324368,82
-1.4586043022766033,-1.9518078463468618,82
-1.493180217511503,-1.9506446057428117,82
-1.551019414080378,-1.9623349999811583,82
-1.4287945306991747,-1.904415263885625,82
-2.1362151738358324,0.030585371459311582,85
-2.261208162392446,0.04362746834132322,85
-2.217474946506087,0.07843667322179153,85
-2.2777618416009564,0.12034624172722634,85
-2.1362151738358337,0.030585371459312585,85
-2.2612081623924465,0.04362746834132091,85
-2.2174749465060866,0.07843667322179199,85
-2.2777618416009577,0.12034624172722601,85
-0.017653286642961088,1.7530774405532943,29
-0.1845691819400666,1.7888516955108704,29
-0.12139253734607351,1.78803777168317,29
-0.20954510483162642,1.9546331116325848,29
-0.13928340470553607,1.7601768154127213,29
-0.001125411694644041,1.8598791939860273,29
-0.10531792184400941,2.022794554646263,29
-0.08383056114724165,1.8442394901142751,29
-0.12882363217364637,2.06302362272387,29
-0.16576610201988254,1.856725916146827,29
-1.8972090046294714,-0.04680108875125563,85
-2.172952576717763,-0.09593243971628057,85
-2.282338403644207,0.04099483077862703,85
-2.1929168382274495,0.027859879429997056,85
-2.219763372586217,0.04817263275038448,85
-1.897209004629472,-0.0468010887512555,85
-2.1729525767177633,-0.09593243971628024,85
-2.2823384036442045,0.04099483077858145,85
-2.1929168382274518,0.02785987943000149,85
-2.219763372586216,0.04817263275038886,85
-2.083182590827477,-0.8509576828962379,75
-2.2091982341224328,-0.8767497798834146,75
-2.226348628427786,-0.9164141083430888,75
-2.1890052340008874,-0.8496809170916167,75
-2.0831825908275037,-0.8509576828960795,75
-2.209198234118111,-0.8767497799030824,75
-2.2263486284275014,-0.916414108344268,75
-2.1890052340097794,-0.849680917045802,75
1.0563029008428895,2.1492457993396794,21
0.9428652132351181,2.1670816067169496,21
0.9899454973717369,2.100549198573607,21
0.9718728872493891,2.1022670648339563,21
0.9049302949905569,2.061607917339756,21
1.0789486977261866,2.2366753734182967,21
0.9872523171002723,2.217630407811804,21
1.0224483312970347,2.1935007917315317,21
0.9674904554610115,2.1303926018943606,21
0.9091719173931623,2.1922214523958883,21
-1.8371382343249716,-0.9002742875186335,75
-2.098292716706213,-1.0028821796094822,75
-2.1764165010430143,-0.8785372432507109,75
-2.147982106020269,-0.912085199857004,75
-2.0877923788150348,-0.8867293493151407,75
-1.8371382343249563,-0.9002742875186719,75
-2.0982927167062173,-1.0028821796094671,75
-2.1764165010624734,-0.8785372431542466,75
-2.1479821060182815,-0.91208519986655,75
-2.0877923788143424,-0.8867293493183922,75
-1.5285457278349266,-1.0177859105906697,79
-1.5484791776348026,-1.0004507690996627,79
-1.602383409613681,-1.0551508399647689,79
-1.5302073297778078,-0.9449841030580876,79
-1.5285457278349268,-1.0177859105906697,79
-1.5484791776348041,-1.0004507690996625,79
-1.60238340961368,-1.0551508399647693,79
-1.5302073297778092,-0.9449841030580871,79
1.3674759279636768,1.2362059236542573,35
1.3094132031598975,1.1462589875414648,35
1.4020582650295315,1.236836165354492,35
1.400616627291102,1.3647287030770423,35
1.302907326153447,1.1023559012709054,35
1.349275288952847,1.2174641734195608,35
1.3414146962870759,1.1449469069687999,35
1.3433789567673677,1.122191975689962,35
1.3469952823473619,1.2000194634021846,35
1.1894271053664627,1.0015967401231984,35
-1.2538047649545667,-0.9753286765309747,79
-1.5068443038810975,-1.1777734713230321,79
-1.5399760489257917,-1.0436279608981107,79
-1.5716192058722576,-1.0890527684128282,79
-1.4855360368927906,-1.0351902138754443,79
-1.2538047649545665,-0.9753286765309751,79
-1.5068443038810968,-1.177773471323032,79
-1.539976048925791,-1.0436279608981103,79
-1.5716192058722576,-1.089052768412827,79
-1.4855360368927928,-1.0351902138754447,79
-1.547816555606409,-1.8091540199481633,71
-1.5087333253047273,-1.7937077526166048,71
-1.5448875247972216,-1.924755153925432,71
-1.5012110677046466,-1.755283139783767,71
-1.547816555606411,-1.8091540199481633,71
-1.508733325304728,-1.7937077526166036,71
-1.544887524797225,-1.92475515392543,71
-1.5012110677046466,-1.7552831397837674,71
1.790376014910846,1.2126306363002561,4
1.7062159758878483,1.090976161637999,4
1.7618395834630387,1.126032794660664,4
1.7570722492741289,1.1728920166552064,4
1.6508912330383156,0.980893184154465,4
1.799804552319637,1.165616590105068,4
1.7563470957369358,1.0669257529611498,4
1.7547202924998804,1.052197400170791,4
1.729118707322198,1.1300472237773413,4
1.6388713632322547,0.9378587725533577,4
-1.3054602957699148,-1.7836673757974553,71
-1.483464412116773,-1.8483125770666486,71
-1.4580430473380475,-1.7796916275097308,71
-1.520036852411407,-1.8843764462053163,71
-1.4336941085760633,-1.774469249458046,71
-1.3054602957699148,-1.783667375797455,71
-1.4834644121167728,-1.8483125770666509,71
-1.4580430473380466,-1.7796916275097339,71
-1.5200368524114058,-1.884376446205314,71
-1.4336941085760635,-1.774469249458044,71
-2.0182941671470225,-0.28201165662948946,89
-2.0935431506191167,-0.3448651595834155,89
-2.065787579931368,-0.2672081787068137,89
-2.1234807242184406,-0.25242173978701354,89
-2.018294167147024,-0.2820116566294893,89
-2.0935431506191176,-0.34486515958341546,89
-2.065787579931369,-0.2672081787068132,89
-2.123480724218442,-0.2524217397870131,89
0.3547050998319757,1.9546421265707277,27
0.2777884222748952,1.8757595923923966,27
0.3087954292626377,1.924844412626553,27
0.3053915394533489,1.979591466366281,27
0.2747485340688083,1.8853028390780482,27
0.39181709563331185,1.9291984080344105,27
0.37262473786856204,1.9497082872852516,27
0.3202393735926847,1.865458843098513,27
0.31264122243884424,1.9366737015343893,27
0.2605956449236526,1.7891955113685636,27
-1.8781379666048486,-0.44266587469072255,89
-2.0296788963360535,-0.49750638540963577,89
-2.1161519049941457,-0.37919730626437687,89
-2.044795025566651,-0.34025816240605516,89
-2.060625044465629,-0.36235242598156897,89
-1.8781379666048466,-0.44266587469072516,89
-2.029678896336053,-0.49750638540963654,89
-2.116151904994148,-0.3791973062643877,89
-2.044795025566651,-0.3402581624060554,89
-2.0606250444656276,-0.36235242598156514,89
-2.1057564793990697,-1.196251362380535,73
-2.162157062043747,-1.2532753892747974,73
-2.1668639428961987,-1.3406018785508522,73
-2.1519393730545615,-1.1870361885348448,73
-2.10575647939749,-1.196251362383415,73
-2.162157062042167,-1.2532753892778399,73
-2.1668639428894543,-1.340601878566269,73
-2.15193937305179,-1.1870361885402638,73
1.2467700498833194,2.263897726275854,22
1.1929580307742957,2.2612084121940246,22
1.2067160595577715,2.232679825583197,22
1.2185336835041571,2.231948224503423,22
1.1543801372086784,2.1360646093024824,22
1.239025166909033,2.24195460245317,22
1.2115495267838026,2.2277178884902855,22
1.234374210297235,2.232919480700854,22
1.1771917853497427,2.152982019996633,22
1.1193184676692558,2.165678421828142,22
-1.9122207198089831,-1.407455371074089,73
-2.0629483919422165,-1.3946468118637478,73
-2.1094533473221087,-1.2379579405617254,73
-2.0902330505079676,-1.3030236195376423,73
-1.9991808997512903,-1.2147001183340513,73
-1.9122207188920972,-1.4074553724543555,73
-2.0629483919439884,-1.3946468118602149,73
-2.1094533473219648,-1.237957940562001,73
-2.0902330505225097,-1.3030236195077511,73
-1.999180899750936,-1.2147001183347106,73
3.1894503453448584,-1.3445280625086091,40
3.4533377925300597,-1.4580126377157416,40
3.4118626704459554,-1.4244858302792622,40
3.259214668487818,-1.3022331158080618,40
3.189450345352694,-1.3445280624863738,40
3.4533377924958706,-1.4580126378039149,40
3.4118626704534707,-1.4244858302583512,40
3.259214668487197,-1.3022331158099865,40
1.5783493706627594,-1.9966635748810977,48
1.6605919362100485,-1.8233757365358296,48
1.6408790081556759,-1.8878619490073678,48
1.6967853714661778,-1.8484488317003407,48
1.6055192070524416,-2.118305888320337,48
1.5077006546592928,-1.8679859067820677,48
1.594862739557502,-1.9198750272083065,48
1.6291038684873518,-1.879272528078096,48
1.6268473090389939,-1.879895735874689,48
1.578823075297413,-2.189275223917973,48
3.354139765260964,-1.2325103647565954,40
3.2069767022757056,-1.3948277275836432,40
3.4385907908533295,-1.3988139810996776,40
3.390560294378472,-1.365834452023804,40
3.2534348608544352,-1.2460447310846987,40
3.354139765260239,-1.2325103647592532,40
3.2069767022777413,-1.3948277275779148,40
3.4385907908506237,-1.3988139811074725,40
3.3905602944311393,-1.365834451860848,40
3.2534348608544685,-1.2460447310845788,40
3.4758596139334728,-1.3956215049278748,40
3.355564388405848,-1.485493535122904,40
3.6032332976143024,-1.5121502592144156,40
3.5888067634070313,-1.4753258200753903,40
3.4493532871710064,-1.3883108121502772,40
3.4758596139092655,-1.3956215049958451,40
3.3555295185814056,-1.4855803771355165,40
3.6032332948859684,-1.5121502658931303,40
3.5888067639927415,-1.4753258186338614,40
3.4493532871722423,-1.388310812146734,40
1.517192924472365,-1.9793783330772998,48
1.5682243505888485,-2.2230519001188447,48
1.4985679527390776,-1.7600810354051195,48
1.6209650711102288,-1.9367973844900284,48
1.5636252029201398,-1.8449724618749497,48
1.6272561256750506,-2.101819976168052,48
1.451808474856594,-1.7866173938365375,48
1.6027206307595387,-1.8105558327443043,48
1.5757439601733865,-1.8328970112202427,48
1.6276614967456429,-1.9706419685573822,48
1.5171929244723645,-1.9793783330772994,48
1.568224350587667,-2.2230519001199776,48
1.4985679527390783,-1.7600810354051193,48
1.620965071110226,-1.936797384490027,48
1.5636252029201412,-1.8449724618749506,48
1.627256125675049,-2.101819976168054,48
1.4518084748565943,-1.7866173938365375,48
1.6027206307595394,-1.8105558327443028,48
1.5757439601733858,-1.832897011220243,48
1.6276614967456435,-1.9706419685573782,48
-0.865238246600125,2.551336623939178,33
-0.910112182016892,2.641905592851167,33
-0.8528475268521117,2.50683956359609,33
-0.556317661896976,2.7069482877470503,33
-0.945785641014525,2.5000811569572114,33
-0.8923535153595812,2.664821144477709,33
-0.8415178348664099,2.805812314892256,33
-0.91765477376488,2.640564799993931,33
-0.8524453986771398,2.8771352057873223,33
-1.066751387121581,2.613365640027786,33
-2.7645509336742395,1.9885070584265336,86
-2.7645509336742373,1.9885070584265319,86
0.661893890011884,3.3850813396234702,15
0.72722186953502,3.4160158302780035,15
0.7757048015437915,3.354759427154898,15
0.8433275237372687,3.376212751985232,15
0.6401397394581416,3.3603755803512736,15
0.6365573868834163,3.4868750283627286,15
0.7153212122275052,3.54663197453889,15
0.6596330719772145,3.499435771902784,15
0.7438712958082284,3.547035560261984,15
0.5984357007968373,3.512613375169599,15
-0.9701055719458485,-2.7470616687933105,86
-0.9701055719463442,-2.747061668792727,86
-1.5485641214091397,2.965477083054191,18
-1.5575262937253334,2.9651074426178203,18
-1.5696636968160587,2.9305036702785645,18
-1.5556957744965743,3.101149411195256,18
-1.5658899406588334,2.946328645500198,18
-1.41507526145349,3.0349708505784796,18
-1.467808735360158,3.108491563335767,18
-1.4880391984481411,2.9594555983663806,18
-1.499206427810779,3.19083359968294,18
-1.525076804270691,3.0091055181320487,18
-2.9005492671699424,2.23013459676146,86
-2.9005492671698976,2.2301345967615176,86
-0.7467380496382833,3.730619033559461,18
-0.6720925938683782,3.762331125219005,18
-0.7024168439909689,3.752202038830685,18
-0.6008184330969589,3.7526553481482696,18
-0.7719158746360515,3.6808186727604832,18
-0.6975548492046805,3.779369668218325,18
-0.6165911878239453,3.847771236413706,18
-0.7409424563514485,3.856282371582006,18
-0.6185731206087409,3.826707859563513,18
-0.797945325442048,3.8048221602492234,18
-2.692822892925322,1.9762454857304363,86
-2.6928228929253253,1.9762454857304375,86
-0.009786646633965963,2.9321068872819636,31
0.0013310025075954732,2.941674798756568,31
0.030108031598182036,2.846822508325645,31
0.0811268845933334,2.9656779390612913,31
-0.045565586609983895,2.890196153823656,31
0.025330461458190276,2.946585745341869,31
0.008727326394303944,3.0167246203294034,31
-0.007708719835934755,2.8579179790918476,31
0.0019317690129094013,3.0174847761548134,31
-0.06882833987589694,2.866786856926534,31
-2.7236814735993984,2.1029625576332918,86
-2.7236814735993993,2.1029625576332935,86
0.8855303162433361,3.4324400359548135,16
0.9216196753392708,3.477734437225067,16
0.9178323159917892,3.411692806943948,16
1.0144549627043289,3.444053525722435,16
0.8446977776958654,3.385004569752772,16
0.9235596038964734,3.371054370523642,16
0.9597366138290807,3.492690669807861,16
0.92501328794809,3.406692073728236,16
0.950820880785458,3.4477876794265394,16
0.8296837152337172,3.4205630277934564,16
-2.7364944573241003,1.894639548761553,86
-2.7364944573241234,1.8946395487615242,86
-0.8594227501584885,3.3289656540220363,18
-0.9314025258426425,3.2677466984773793,18
-0.9292094425459253,3.241367413717408,18
-0.9134687508965385,3.3232864303720757,18
-0.9817545935412462,3.2528413601654527,18
-0.7856932333262874,3.267933042973904,18
-0.8414417576371592,3.3516054863045444,18
-0.8246942658835223,3.198071369205966,18
-0.8684319018074719,3.3845618013273504,18
-0.9355738231754517,3.231572542273956,18
-2.925766763865614,2.178032124492269,86
-2.9257667638656586,2.178032124492213,86
0.09485540261154539,3.77981396174443,16
0.05698132581466913,3.7147455274844314,16
0.059777435669368204,3.7295160914300354,16
0.11934000538321461,3.6959287968735657,16
-0.04593302612698943,3.6716218137921532,16
0.1307215304442413,3.723357449896734,16
0.10026958044136063,3.7770945826036915,16
0.03828368301633222,3.8059885452593027,16
0.0994813877077705,3.7081158619199286,16
-0.09219856194808537,3.7557405625660616,16
-2.748516192165741,2.0423239692700714,86
-2.748516192165675,2.0423239692701576,86
-3.0936916868010154,1.9419370383931036,47
1.7949220005152795,-3.2674124450931687,47
1.9068665432485778,-3.220189763325183,47
1.9892414850477964,-3.235452844247244,47
1.7670991903774131,-3.459524509695193,47
1.3218490675181116,-3.478844968322703,47
-3.3730781799336187,1.7992763043009976,47
1.5299741623655772,-3.532574115357296,47
1.5207513059478261,-3.4975299511812605,47
1.5777271855705626,-3.6208082358700096,47
-2.779079845211929,2.718521386761821,38
3.523422470809312,-1.7857592181312238,38
-2.65880489103485,2.6156510200182326,38
-2.6588048906736543,2.6156510204332877,38
-3.103745483263998,1.7484741676586648,47
1.9123785074953499,-3.388183331275291,47
1.6206148802210438,-3.2915887988238905,47
1.9124402542114063,-3.388148150034181,47
-0.8516753354913676,2.6487290800113663,33
-0.8804245541323281,2.757632007736005,33
-0.8534387911814434,2.623089663814855,33
-0.548352053206498,2.8181736655073366,33
-0.9028819328496651,2.6376955641601825,33
-0.8544450341743435,2.7304719541884994,33
-0.8193514029132607,2.8237352468670296,33
-0.8954109782022679,2.702916312827911,33
-0.8080740012869274,2.9211351991373733,33
-1.0279679258374674,2.7083273181733225,33
-1.0082762020394924,-2.9934753240415493,86
-2.7634173260447903,1.951560334907982,86
0.6196165709052244,3.42783967709129,15
0.7028297978550573,3.464024564865338,15
0.7336714217330544,3.4048801418765593,15
0.8160643816093284,3.4296356900131793,15
0.6146896335119224,3.4011425618473474,15
0.6072990775071104,3.526469314709797,15
0.6793540173586395,3.5650537344927367,15
0.6241120879396461,3.535162736885784,15
0.7187269293301993,3.5951226961240645,15
0.5603469089727449,3.5438295374717512,15
-2.742710466656768,1.6185120923084877,86
-1.0295400951003504,-2.6913087622710505,86
-1.554383329723645,3.0638186604132915,18
-1.5489184398778346,3.0444586800765365,18
-1.569433970873212,3.015939634559378,18
-1.5266175950737013,3.153177564660706,18
-1.5446105025787376,3.0491509875276193,18
-1.420480143582724,3.1255030182435455,18
-1.4650623325394434,3.17653404211717,18
-1.4898445189872296,3.044045175335554,18
-1.484147043177538,3.2454006540019487,18
-1.507863335942176,3.105878403640429,18
3.244419509636748,0.13431519303921535,86
-2.9243712029441986,2.203186515384547,86
-0.7864048145989654,-3.320684304971808,18
-0.6756675350394303,3.7899043975811946,18
-0.7128289319935904,3.7777072789679442,18
-0.6177373103607355,3.7752705992290605,18
-0.778818271654641,3.7114785720907797,18
-0.7011384038014832,3.7974969773437963,18
-0.6388685791111143,3.8679958488044397,18
-0.7460760205586859,3.8847063207488755,18
-0.6362034183037811,3.8521749015161375,18
-0.7893273911862214,3.8381549971687017,18
-2.711857087407773,1.94547150828947,86
-2.7118570874077736,1.9454715082894765,86
-0.024036020061560543,2.9954870903913324,31
-0.005687535197556453,3.0014735313779,31
0.011208322202165003,2.9111099920077605,31
0.08596455792136833,3.0149093737448434,31
-0.05217800951336646,2.962850007826514,31
-0.029210244551266314,2.984539451115932,31
-0.03346493635289761,3.0676101072357396,31
-0.036333633520551245,2.908959033398051,31
-0.047571846135506725,3.0596652348813933,31
-0.09516333044217633,2.927780090789968,31
-2.7251544453584633,2.0751522392792636,86
-2.7251544453584113,2.07515223927933,86
0.8596420787338664,3.4529460968770356,16
0.9065958253895422,3.489850635329093,16
0.9046042860145324,3.4432903746638113,16
1.0069896687912656,3.4783761993364886,16
0.8296893177799262,3.4151746656767634,16
0.871161601682101,3.3951190067581467,16
0.9182681767216745,3.506645315355417,16
0.8770781748982621,3.4266632041170575,16
0.9178600812125388,3.474319760140746,16
0.7918584043467,3.4452275230612384,16
-2.752706201790345,1.835744811930992,86
-2.7527062017562485,1.8357448119780726,86
-0.8719846137478301,3.38988113596097,18
-0.9438611512189163,3.332093720169593,18
-0.9407787728536383,3.3108532508255766,18
-0.8914141383508141,3.356539869636093,18
-0.9684169018157247,3.32807473968165,18
-0.8020172362077309,3.3176340111316622,18
-0.8621903810084685,3.3865256455318513,18
-0.8469486852763254,3.2528061742131085,18
-0.8851742389005467,3.4127754604185374,18
-0.9533791800668537,3.294939107313995,18
-2.947877740077881,2.145352541925429,86
-2.9478777400778813,2.145352541925428,86
0.07533417254662644,3.7939831737476513,16
0.03614377001959188,3.7398972253038854,16
-0.34391705360248703,-3.184877371849782,16
0.09933544763288123,3.730274561058791,16
-0.07274956226735665,3.699321425699264,16
0.1006598749937568,3.7323591785728665,16
0.06856517129998159,3.7865247508071453,16
0.005512170031569046,3.8091583851656456,16
0.058823630715806624,3.737023998632947,16
-0.12289116405073951,3.774812022746788,16
-2.756643112199804,1.9779287416412838,86
-2.756643112199808,1.97792874164128,86
-3.0038570407080316,1.9302351930336155,47
1.9201497415491227,-3.1146028220488775,47
1.968086743060282,-3.1190329950415587,47
2.00696761504062,-3.1257244866524654,47
-3.23765290520352,1.8788895642757446,47
1.3757248818584815,-3.372532522217003,47
-3.312572898901454,1.8229433256476963,47
1.5807643243189218,-3.441124654358474,47
-3.221956064386311,1.840485146986098,47
1.715766728102532,-3.5813236041272383,47
3.4331122251816115,-1.833395097002167,38
3.4331120760682827,-1.8333953870823994,38
3.3887969320719025,-1.7722943841996688,38
-2.7732200606292046,2.5189202718466244,38
-2.9949232852130527,1.7854560119363712,47
2.0156015868178554,-3.314523832999039,47
1.8001640810751476,-3.1427032632810903,47
2.0155993801801326,-3.3145252128136353,47
-2.4433159351148364,0.42846098292340307,80
-2.5800878663468323,0.4762314666422442,80
-2.560046963840444,0.45973782714206624,80
-2.640487931892476,0.5542312810691857,80
-2.4433159351148412,0.4284609829233802,80
-2.5800878663468363,0.4762314666422085,80
-2.5600469638404437,0.45973782714200684,80
-2.640487931892476,0.5542312810691524,80
0.02053041756949914,1.1244721085867009,32
0.003492090685316515,1.1353790672213488,32
0.0762083879076919,1.0706774227717772,32
0.14437789595182732,1.1159024781680373,32
0.06207219073568031,1.0673801734774881,32
0.057497754979038404,1.1616202348353593,32
0.04969166427696638,1.167184754720728,32
0.02051973769002089,1.0610837759540765,32
0.07068351225147725,1.2280053685100087,32
0.0034153084193761416,1.1053750438164698,32
-2.4376908812232436,0.7626600734152201,80
-2.442495859543612,0.35010618496234014,80
-2.477917405094619,0.41088663913892265,80
-2.4922113161526713,0.4316202505323334,80
-2.3934123381294463,0.38765543159862,80
-2.4376908812263345,0.7626600734064681,80
-2.442495859543604,0.35010618496223767,80
-2.477917405094617,0.4108866391389888,80
-2.4922113161526704,0.4316202505323427,80
-2.3934123381294365,0.387655431598239,80
-2.2944273548012144,-0.30028595473874375,80
-2.2679158071695635,-0.3816384323236699,80
-2.290582197477655,-0.3862249018740718,80
-2.341649511616861,-0.2904235698576957,80
-2.2944273548089344,-0.3002859547163809,80
-2.2679158071699614,-0.3816384323226996,80
-2.290582197463937,-0.38622490190716724,80
-2.34164951160367,-0.2904235698986721,80
1.0889152718711694,1.8162237052663177,15
1.0957299365626312,1.8034821230651839,15
1.163615688066709,1.6217855677050872,15
1.2381882266634514,1.8012877129212248,15
1.1384693521747524,1.6773520284828956,15
1.1960019188952389,2.0191035057576467,15
1.25731558414027,2.015812917523803,15
1.2054985478896694,1.8636565018509998,15
1.2981105077221826,2.1013397881559537,15
1.102621852253374,1.885386213982097,15
-2.3191520291283476,-0.10644837413551919,80
-2.3429107408079446,-0.3981673885407541,80
-2.162573623167293,-0.41965479692141106,80
-2.2198565622189737,-0.4035615866882194,80
-2.0587356894660944,-0.43421164456363537,80
-2.3191520290242154,-0.10644837465211596,80
-2.342910738677877,-0.3981673933257359,80
-2.162573623164055,-0.4196547969285351,80
-2.2198565622110946,-0.40356158670537395,80
-2.058735689467521,-0.43421164456024164,80
-2.601902411820619,1.2130578325523278,84
-2.6274552203750767,1.1456117295088322,84
-2.6216726188965924,1.1992827792266578,84
-2.7172200060765856,1.2178587515831745,84
-2.601902411820609,1.213057832552312,84
-2.627455220375077,1.1456117295088313,84
-2.6216726188965898,1.1992827792266605,84
-2.717220006076585,1.2178587515831758,84
-1.020239089172619,2.2954496049251545,25
-0.9509241672321755,2.317528402261614,25
-1.0427862430992407,2.2396349896008316,25
-0.9415746889550477,2.4302496143401258,25
-0.9816619893244747,2.2327918923526595,25
-0.8485590961833773,2.4122928239449966,25
-0.7827487642810333,2.4313666703232517,25
-0.8753957216955033,2.2963929456851853,25
-0.8668549652700912,2.547438467313919,25
-0.8058424664533339,2.296767909574336,25
-2.5890788272734055,1.204034474071427,84
-2.592410778591006,1.0844116389152725,84
-2.581943751544065,1.1261921427955,84
-2.549049574991743,1.1412955503801607,84
-2.546454633635664,1.0906444763085434,84
-2.5890788272734007,1.2040344740714386,84
-2.592410778591006,1.0844116389152725,84
-2.5819437515440655,1.1261921427954995,84
-2.549049574991741,1.1412955503801625,84
-2.5464546336356664,1.090644476308542,84
-2.463058165512334,0.640281931930946,83
-2.4333220110717098,0.6117379104362128,83
-2.4529246817487556,0.6183133992395351,83
-2.491611324869995,0.6296224859000473,83
-2.4630581655123343,0.6402819319309454,83
-2.4333220110717098,0.6117379104362131,83
-2.4529246817487556,0.618313399239539,83
-2.4916113248699956,0.6296224859000462,83
0.2112007792103976,2.8242038298788703,21
0.16735427952904705,2.8576833008433895,21
0.18411512288303863,2.842369091417923,21
0.23824733282373486,2.863457621133749,21
0.18942590840969484,2.70924676671769,21
0.1901712066308583,2.85267370808273,21
0.27335539402483633,2.9286429455248983,21
0.22347482405293165,2.922082196097538,21
0.2285322229144879,2.9491056473847865,21
0.22165086714498936,2.8359735821210967,21
-2.446533347482463,0.6594708811133012,83
-2.477185591250097,0.5517571704743164,83
-2.4590867322839323,0.6036808057165811,83
-2.445195811101112,0.5737898510857826,83
-2.3833247809091533,0.5184654513641512,83
-2.4465333474824646,0.6594708811132373,83
-2.477185591250098,0.5517571704743165,83
-2.459086732283933,0.6036808057165804,83
-2.445195811101111,0.573789851085783,83
-2.383324780909152,0.5184654513641512,83
-2.084135963887809,0.3306634141326851,78
-2.1379489446370283,0.2966668439746544,78
-2.1600569547683914,0.3005053047508452,78
-2.2327235300851225,0.39408776696671166,78
-2.0841359638878076,0.330663414132686,78
-2.137948944637029,0.29666684397465515,78
-2.160056954768392,0.30050530475084525,78
-2.232723530085121,0.39408776696671166,78
0.5211582087642348,1.9975860959438687,30
0.5575157386025004,2.029401069987873,30
0.5550966682805358,1.93826758030597,30
0.5938530200325037,1.9213107250260268,30
0.3612848914134353,1.8097091145728805,30
0.474796492489592,1.9110151308191285,30
0.49685144909671175,1.9426616502084233,30
0.4753356403295292,1.8271228271253777,30
0.4997276899708724,1.9189206039003663,30
0.324241788791605,1.7717013068711964,30
-2.3069566039753546,0.6710856652067082,78
-2.123604476458637,0.25445245107557835,78
-2.045284279296009,0.26368888638039084,78
-2.1019917581655334,0.2980314392427538,78
-2.070535773717309,0.32728121444553254,78
-2.3069566039751197,0.6710856652087706,78
-2.123604476458639,0.2544524510755799,78
-2.045284279296016,0.2636888863803938,78
-2.101991758165532,0.29803143924275644,78
-2.070535773717314,0.3272812144455162,78
-2.1704796360458567,-0.4471568040850764,77
-2.0050133403804056,-0.5111528684391918,77
-2.125724696337691,-0.5311612408545212,77
-2.153417883641264,-0.43947952919899835,77
-2.170479636049239,-0.44715680407786074,77
-2.0050133403804162,-0.5111528684391695,77
-2.125724696335157,-0.5311612408594049,77
-2.153417883639379,-0.4394795292032267,77
1.4041208773071638,2.570769530766076,20
1.3707706770716765,2.5887777641772116,20
1.4144619411881678,2.4639959837997667,20
1.4229686014846887,2.4607186606268936,20
1.2953635353280433,2.3817571596653155,20
1.3723702383810483,2.528019135815178,20
1.4807194800336276,2.626815349858377,20
1.4053841734968964,2.5299095506933234,20
1.4388884444873808,2.558474982748215,20
1.352058663126685,2.542715159972935,20
-2.3126202923085484,-0.21756040782673383,77
-2.2316773264164773,-0.5035493844366427,77
-2.003472082374224,-0.5318189993714673,77
-2.1304146901678194,-0.4891901237641075,77
-2.0127642287112333,-0.5257453638133023,77
-2.3126202884958267,-0.21756042008036344,77
-2.231677326380679,-0.5035493845027643,77
-2.0034720823742287,-0.5318189993714437,77
-2.1304146901869148,-0.4891901237247578,77
-2.012764228711975,-0.5257453638114755,77
-2.493204366479642,1.0323457401477898,88
-2.497141593176421,1.0097919591424533,88
-2.4333655387610515,0.9813021402369537,88
-2.5812946425769066,1.051109552127854,88
-2.4932043664796444,1.0323457401477916,88
-2.4971415931764205,1.0097919591424533,88
-2.433365538761052,0.981302140236954,88
-2.5812946425769066,1.0511095521278548,88
-0.2305957297067992,2.6829980338843358,24
-0.23564799707384046,2.640914287230831,24
-0.2848981549344288,2.600372584988501,24
-0.14882196896980138,2.695322828516418,24
-0.32782779796412714,2.5449460197595775,24
-0.17525252744498573,2.610269625057357,24
-0.1595244895629434,2.6571579573361004,24
-0.18949989710352383,2.5430458195004584,24
-0.20941558808186872,2.6468579858384444,24
-0.28317062311060914,2.491977777495861,24
-2.756121116163726,1.1478784373562947,88
-2.428921635063862,0.8766626133923097,88
-2.4646797328094263,0.966561864493022,88
-2.391005927163911,0.9527816437585644,88
-2.494849683642454,0.9884325458774343,88
-2.756121116163727,1.147878437356295,88
-2.428921635063859,0.8766626133923091,88
-2.4646797328094263,0.9665618644930245,88
-2.3910059271639112,0.9527816437585642,88
-2.494849683642455,0.9884325458774343,88
-2.4429767283104353,0.46654743750660943,87
-2.363277981255899,0.44114082613381694,87
-2.387881299032292,0.4020564984547579,87
-2.4569108619261906,0.45855681091040834,87
-2.442976728310436,0.46654743750660943,87
-2.363277981255898,0.4411408261338162,87
-2.3878812990322893,0.4020564984547577,87
-2.456910861926191,0.45855681091040923,87
0.7114216841355165,2.9700431397190346,22
0.682670137965345,2.9237152195061475,22
0.681415526565374,2.9197650743120205,22
0.7369350601046271,2.900614539269134,22
0.6616233468274465,2.808539529985252,22
0.6725131096362742,2.8860720016110544,22
0.7168315344240649,2.8839337212205787,22
0.6580929277469059,2.938484026077683,22
0.6858848828151682,2.845254829814032,22
0.6579043236445604,2.8772668842798756,22
-2.6262341527638315,0.5578453889477015,87
-2.4437685794100656,0.3335153803062701,87
-2.3286127283204605,0.3856565390717862,87
-2.304308365160472,0.33843018171539835,87
-2.275223324712043,0.3418933111482847,87
-2.626234152763836,0.5578453889476898,87
-2.443768579410068,0.3335153803062707,87
-2.3286127283204596,0.3856565390717857,87
-2.304308365160472,0.3384301817153984,87
-2.275223324712041,0.341893311148285,87
2.9786197872229936,-1.3087728329945574,38
2.981368125561194,-1.3769550026335124,38
-2.0707868375047314,2.0926029066474943,38
-2.239694541162744,2.1698818097801955,38
2.9786197872229487,-1.3087728329947073,38
2.9813681255611906,-1.3769550026335207,38
2.9892919355823944,-1.2296740906409758,38
3.039472704608985,-1.341557336313877,38
1.5271957447646978,-2.2633083393338893,50
1.456212415215507,-2.441812281500866,50
1.5654053613292909,-2.333620121630332,50
1.5373107052127077,-2.4631796873095633,50
1.4596964414226397,-2.774805070695872,50
1.2303564107787925,-2.5166780070840713,50
1.163609523410592,-2.806920237405041,50
1.2682572759615698,-2.7353347275995454,50
1.1970046651004111,-2.799949861815963,50
1.2992329525150317,-2.9741034178173984,50
3.269953677815701,-1.199886594641556,38
3.1657615318228847,-1.2257310634540364,38
3.1078278303836115,-1.3441572741129473,38
-2.2233816596736182,2.2911029308749495,38
3.1448977958637463,-1.260994091020924,38
3.269953671566322,-1.1998866165636641,38
3.1657615309797698,-1.2257310658673046,38
3.107827826573433,-1.3441572859208706,38
3.1404625573333944,-1.150849716366481,38
3.1448977969089724,-1.2609940878900472,38
3.209354893587857,-1.1647513111778538,38
2.9813177928637806,-1.0952511499491553,38
3.0751667959311475,-1.129491206952415,38
3.1484755710629675,-1.0375549311333152,38
3.1506087889671437,-1.110815974255705,38
3.2093548935878284,-1.164751311177931,38
2.9813177928637815,-1.095251149949153,38
3.075166795931154,-1.1294912069524066,38
3.1484755710629635,-1.0375549311333176,38
3.150608788967252,-1.1108159742554358,38
1.454832228087699,-2.3375979937329916,50
1.6167333660002203,-2.6335690182941676,50
1.388838973081337,-2.3008312245201825,50
1.6999745826925208,-2.5829289297633204,50
1.386633634136385,-2.3861341344065585,50
1.6802040006898589,-2.549223287090141,50
1.3359376317789964,-2.2452088844045743,50
1.6259191256607288,-2.497870865500176,50
1.4089075936932196,-2.3667691253672145,50
1.668085959172533,-2.75272899021465,50
1.4548322314125237,-2.3375979912132543,50
1.6167333679067741,-2.633569017094393,50
1.3888389613068606,-2.3008312333570755,50
1.699974582296204,-2.5829289300412537,50
1.38663365642495,-2.3861341190634326,50
1.680204000713583,-2.5492232870733713,50
1.335937591348455,-2.24520891715888,50
1.6259191255908962,-2.4978708655502064,50
1.4089075902778523,-2.366769127940519,50
1.66808595960631,-2.75272898996573,50
-1.2246199521336159,2.5906534400127907,33
-1.2453566326603533,2.757219244119672,33
-1.2076908382943567,2.655018512972972,33
-0.9509480188752605,2.8189417856297445,33
-1.2807771388323614,2.638755212111081,33
-1.2523891589415674,2.699718305650208,33
-1.286435720010703,2.792105673548098,33
-1.4132988858860778,2.628600042462512,33
-1.2587643134169855,2.8108277442087095,33
-1.483172918456118,2.6367774948144524,33
-2.858653541766207,2.0807938515109314,86
3.1339072582794842,-0.24886464914536607,86
0.37023063944737333,3.5992988316285657,15
0.5365318695169543,3.624493781554696,15
0.575702046174453,3.597973471197669,15
0.6731232555570187,3.5907239517163085,15
0.4590385429630825,3.586519673604837,15
0.3352318923211236,3.568090620569602,15
0.4336576336038388,3.705159404230963,15
0.3808141034648438,3.6577910509790588,15
0.44581354509070503,3.6860151285441116,15
0.33960449353340305,3.7123607856965575,15
-0.8404944384800176,-2.938502184753024,86
-2.7605267804327442,1.6911158308159684,86
-1.681399756814093,3.0600979807228144,18
-1.7136283596528774,3.075614474580483,18
-1.6958032836929806,3.047140889177593,18
-1.6555034488511886,3.1426500659178047,18
-1.7469365343026397,3.064355424998773,18
-1.6134153146286634,3.07509307611694,18
-1.649178354271256,3.1972651431016925,18
-1.7046141650588202,3.0641167868290746,18
-1.6310327202056545,3.2124681077140345,18
-1.7440387192284976,3.136580003064818,18
-2.9807026645101162,2.3441239236003644,86
-2.980702664510098,2.3441239236003897,86
-0.947363248739493,3.78361331445772,18
-0.9410872467161949,3.8116046486685096,18
-0.9296516944108404,3.8446196647513693,18
-0.8360463220001378,3.8102248521712228,18
-1.024851407047168,3.7491584983098547,18
-0.990930490003648,3.810318650383451,18
-0.9414055474929561,3.8792416677579533,18
-1.0288695771344138,3.9148601238220917,18
-0.9285445784377904,3.8526771464691714,18
-1.1440601028089123,3.832684882351246,18
2.275954715288553,-0.32150214385154063,86
-2.6792912145472116,1.9829410484552694,86
-0.22295592722160126,2.9571740280358094,31
-0.20495463891063367,2.9090004572149253,31
-0.1513236983855923,2.9450250741172326,31
-0.09410623268339358,2.974231311995455,31
-0.25439669371602447,2.944939566221077,31
-0.249204199947074,2.9231738477988998,31
-0.2972508977917867,3.029879328720959,31
-0.2927341489104916,2.9183866905838873,31
-0.31851979692333493,2.9957677799458002,31
-0.3645069375354385,2.9205636451246266,31
-2.8460005436370945,2.1473318118483466,86
-0.8600715203391915,-3.2979542602025447,86
0.6775230259439576,3.444624141697925,16
0.6970044694343568,3.4709867768339175,16
0.7098358544699509,3.4629497968914245,16
0.8225515656772483,3.4327813470663013,16
0.6057120288518246,3.43490859513177,16
0.6915289474357279,3.3517945689564335,16
0.6731817976551364,3.5301742430727536,16
0.6778707737707637,3.4645108368475808,16
0.7062516427016403,3.4254833093109687,16
0.5241943921920686,3.498051216847439,16
2.922492419923818,-0.30668350698803615,86
-2.8153915641248495,1.8880361723472352,86
-1.0424866699244222,3.291119057517846,18
-1.0875123232000092,3.233680074499831,18
-1.0577764671840755,3.270163184562633,18
-0.9995541072711567,3.30165786198428,18
-1.168435394741077,3.235904611294976,18
-0.9794481145790621,3.1721813138376302,18
-1.09259819800633,3.2884826054732934,18
-1.0874901410312663,3.161410385496113,18
-1.1186835690826105,3.272341507387268,18
-1.1971152566315946,3.1943843201309297,18
-3.0547264261679166,2.3355277395971785,86
-3.054726426165323,2.3355277396005687,86
-0.12220062340409661,3.7731306088057797,16
-0.14956548597105582,3.757145562435094,16
-0.1256170229355532,3.801907309222981,16
-0.0805973981079236,3.73713705401416,16
-0.239958034246945,3.7220835807729262,16
-0.14569054273970977,3.7109645462540075,16
-0.1967382203926381,3.789858682245579,16
-0.2472103973895867,3.8175236699066986,16
-0.20131987181859576,3.7215209696647267,16
-0.42367989515027626,3.7698862527047448,16
-2.835668773287032,2.043075673724786,86
-2.8356687732701475,2.043075673747314,86
1.6434666416052297,-3.31263804285665,47
1.8268782837342756,-3.164382484183752,47
1.8460000957434965,-3.1490915809707554,47
1.923855199034923,-3.1660644671027804,47
1.6855359912913346,-3.4154910059008765,47
1.3991083343945148,-3.472821958118395,47
1.4281373369867179,-3.5424360562729627,47
1.5237939754643577,-3.5146368471578744,47
1.4661794265833084,-3.465233809984085,47
-3.825232835423234,0.8238948719591395,47
3.488756857259861,-1.9641283777699707,38
3.4887566022562675,-1.9641288511422819,38
3.5098222501787326,-1.8554514348843376,38
3.5098223269074946,-1.8554512843635442,38
1.5525565772249823,-3.304168423735416,47
1.7109676905575977,-3.3355937716931456,47
-3.1593962925208143,1.6129407254257166,47
1.7112484520912103,-3.3354718933599674,47
-1.207100863780582,2.670371181105741,33
-1.2297899850169256,2.7961051265274364,33
-1.194205467823052,2.723022716304729,33
-0.9413004941329833,2.8593125541694424,33
-1.2608070707295145,2.6981505868618236,33
-1.210015057982103,2.7736389571811504,33
-1.2688830418896544,2.79508880421639,33
-1.3241892715854948,2.7444769494678094,33
-1.279368956450319,2.8336926979748007,33
-1.4532791067960882,2.7193451764592873,33
-2.8499309284356733,2.052467449235231,86
-2.8499309284356733,2.0524674492352295,86
0.3474528681279912,3.624838711449944,15
0.4919000784618977,3.6718189455218755,15
0.5322567847631717,3.638473195823683,15
0.6474537684870317,3.6214245751083416,15
0.42204757739295284,3.619057309303579,15
0.3070538494259786,3.6224900615142177,15
0.3721661253400979,3.725337344904872,15
0.3375002907578983,3.7044337123842426,15
0.40074477506653866,3.7158466524988487,15
0.29538301154130286,3.7509098255654165,15
2.4341519888840675,-0.5446253186785952,86
2.4341519888836376,-0.5446253186788317,86
-1.7021469192717802,3.12123505143163,18
-1.7167807725055462,3.1227418575647543,18
-1.7063822228827283,3.1120209228277274,18
-1.629989709865999,3.156588700550271,18
-1.739184349861627,3.108915134778675,18
-1.616951461219173,3.120976635223101,18
-1.6435726153185002,3.2094314980525227,18
-1.69698359356083,3.144540000768289,18
-1.631285262486852,3.213381288780262,18
-1.7488243486207495,3.2284108488780636,18
-3.059675225948635,2.338749263648354,86
-3.0596752259493347,2.3387492636474567,86
-0.9530835312700577,3.7764467554137595,18
-0.9796734431806401,3.8078341955905795,18
-0.9558415165892852,3.83733967225855,18
-0.8666769014925746,3.8024670071629014,18
-1.0506380760606173,3.7358447390293317,18
-0.9777634805182195,3.787377236943463,18
-0.9623813185402766,3.8555641440654362,18
-1.02327560819658,3.899231277498229,18
-0.9583112704694358,3.833538770074119,18
-1.1395634151976322,3.8179587637653705,18
-2.726676575660032,1.94836642649001,86
-2.726676575659987,1.9483664264900709,86
-0.2487741850021175,3.0114398005750247,31
-0.22693855778917238,2.956136966027512,31
-0.17749111290835107,2.978931972710029,31
-0.09836147030719851,3.016062885131422,31
-0.27932723116315833,3.006480620858806,31
-0.3083345123252403,2.960515454201665,31
-0.353453653039381,3.044550322173594,31
-0.33114260691198727,2.963162840526275,31
-0.38053537420092126,3.024758098729666,31
-0.40652955442579175,2.9936407794304705,31
-0.8975698282807069,-3.306847961272424,86
-2.868503614202031,2.1380729836527363,86
0.6275982196053369,3.477391747197066,16
0.662660196512975,3.482488477424436,16
0.6848382836758351,3.4870233855845147,16
0.8225149268595462,3.42632471723988,16
0.5859638323227112,3.424721347534554,16
0.6307848169458352,3.4049542283600935,16
0.604291159844504,3.5367195773952815,16
0.6097914637787438,3.5149944918870517,16
0.6451395429959776,3.4442140216378903,16
0.4837810315578344,3.552138588874994,16
-2.8052874187459502,1.8305546820981633,86
-2.805287418743712,1.83055468210138,86
-1.0844923390563201,3.3163443627852116,18
-1.104111924593694,3.2788401400471097,18
-1.1033211884925422,3.311979195344812,18
-1.0000665544401008,3.310272092611815,18
-1.1724501779164722,3.267414181323724,18
-1.0210188030320033,3.218242407837902,18
-1.1383847413192019,3.306946158400757,18
-1.1356202354456164,3.2464372602405844,18
-1.1403443480960673,3.295479820912792,18
-1.2622510661308404,3.280809107319027,18
-3.1156570714821767,2.3045559490744245,86
-3.115657071484068,2.3045559490718834,86
-0.15944308286225412,3.7833511225153615,16
-0.19032047008858016,3.7502270222661043,16
-0.158725238920034,3.815778405939667,16
-0.11191527587377571,3.7333605087197426,16
-0.2850759148079939,3.716571725118679,16
-0.19617825966715874,3.729109615279355,16
-0.2692616565331931,3.790694069715993,16
-0.31812139065350326,3.832922937368107,16
-0.2763691948426065,3.725052386498905,16
-0.49697334336610155,3.7794936648049378,16
-2.8773368326668467,1.9785306238199063,86
-2.8773368326668725,1.9785306238198657,86
1.5970854260167733,-3.259726102203392,47
1.8485346271083942,-3.0800448526098863,47
1.8062854678190636,-3.1116331918623468,47
1.881145559293715,-3.0542858249503073,47
1.7381918211368275,-3.2806207826089087,47
-3.2465191413347796,1.5507531639718009,47
1.4144730709642515,-3.4440044980279034,47
1.5367719479663353,-3.446962358737257,47
1.4323806683870428,-3.3779934809366714,47
1.5909265900410743,-3.487538715597064,47
3.458779844230574,-2.0291908443684883,38
3.4587798670160605,-2.0291908032306627,38
3.4887258788385997,-1.948497443763257,38
3.488725788270589,-1.9484976126576565,38
1.5347203579445812,-3.2416890362094346,47
1.865541163851642,-3.178070952435233,47
1.5345872473638649,-3.2417423021511667,47
1.8650814703172496,-3.178335757541187,47
-2.575944852588445,0.7327665261423651,80
-2.722208481718733,0.8104938842058534,80
-2.692499876318481,0.7616928153321715,80
-2.7564012476455066,0.8592982542751547,80
-2.5759448525884667,0.7327665261422587,80
-2.7222084817187335,0.8104938842058519,80
-2.692499876318477,0.7616928153321691,80
-2.7564012476455084,0.859298254275148,80
-0.17581844408427952,1.2136478009562084,32
-0.15361790657894667,1.228896296729309,32
-0.11259063434603121,1.1780669458766198,32
-0.051649683955175774,1.2008600816653245,32
-0.08165539550318908,1.1104357242180634,32
-0.17891451428316588,1.2819898433405341,32
-0.23866409454897236,1.277794496033701,32
-0.25555865128035365,1.2277710523035863,32
-0.249190658704984,1.321101527620269,32
-0.26096436715502935,1.2473694125497405,32
-2.5629853065773256,0.9677520680843001,80
-2.554725721063028,0.639446512406525,80
-2.5482508380903868,0.7440476991080669,80
-2.5672857350132756,0.7228434388108095,80
-2.5032415645531896,0.7368330258381703,80
-2.562985306577327,0.9677520680842988,80
-2.5547257210630137,0.6394465124066334,80
-2.548250838090311,0.7440476991083648,80
-2.567285735013479,0.7228434388098377,80
-2.5032415645550623,0.7368330258333,80
-2.5669244515739815,-0.002138644038537553,80
-2.5259674740216598,-0.12341644221605765,80
-2.5657903334490846,-0.07912990871041338,80
-2.541407066809793,-0.033226980714496125,80
-2.5669244510476426,-0.0021386508105055717,80
-2.5259674740209004,-0.12341644233093067,80
-2.565790333428195,-0.07912990826104163,80
-2.541407066983889,-0.03322697695931254,80
1.1294387055161648,2.1528305959155625,15
1.0734456467331435,2.1882121329117106,15
1.1445506582520044,2.1185534669552006,15
1.1851968393204688,2.1025839165763394,15
1.092916853040377,2.0596389197650002,15
1.1313332053475158,2.31658380710544,15
1.058623837093403,2.4031377297539818,15
1.1035527433111318,2.408571557848487,15
1.0965618164345101,2.4397354547100867,15
0.9797212572234002,2.43474266424663,15
-2.52402802262166,0.26726603435010643,80
-2.601111643240205,-0.19237560958306854,80
-2.4469871555620273,-0.14731563493549069,80
-2.5111226110409053,-0.006473360060414834,80
-2.3485532909483378,-0.17515369437706804,80
-2.524028011337834,0.2672659481843199,80
-2.601111643239954,-0.19237560956805944,80
-2.4469871556361236,-0.14731563417478608,80
-2.511122603658868,-0.0064734629062961095,80
-2.3485532894411825,-0.1751537023375751,80
-2.6612458341570724,1.4277171753190796,84
-2.7037418884483495,1.378590111452814,84
-2.6969294543162436,1.4303453276238822,84
-2.7849702558580245,1.420145169614667,84
-2.6612458341570764,1.427717175319081,84
-2.70374188844835,1.3785901114528143,84
-2.6969294543162468,1.4303453276238822,84
-2.784970255858024,1.420145169614668,84
-1.1519895944381222,2.251783123407521,25
-1.18987843078143,2.3356347601904686,25
-1.2020508469999152,2.2703743801032976,25
-1.213210559245705,2.43285525995354,25
-1.159771489710389,2.2302736250571793,25
-1.0919456867060726,2.3807675074845087,25
-1.1296158182114548,2.4640376243798126,25
-1.1822151726497396,2.3463605483793373,25
-1.1662151416360624,2.570132320605821,25
-1.1445010744476658,2.3275855995281476,25
-2.6600355081247673,1.4470175325083232,84
-2.648791933976697,1.3109425476527965,84
-2.67114742428735,1.384763755887108,84
-2.6328166102379527,1.4053398691838477,84
-2.616758704276472,1.329928587185747,84
-2.6600355081247673,1.447017532508322,84
-2.648791933976696,1.3109425476527965,84
-2.67114742428735,1.384763755887108,84
-2.6328166102379527,1.405339869183848,84
-2.616758704276472,1.329928587185748,84
-2.508124203534457,0.9021980774214761,83
-2.5254719355448922,0.8693825655862235,83
-2.485486541410426,0.8583584782235404,83
-2.5692307859422683,0.9000931209035755,83
-2.5081242035344573,0.9021980774214744,83
-2.52547193554489,0.8693825655862264,83
-2.4854865414104257,0.8583584782235408,83
-2.5692307859422674,0.900093120903575,83
0.0228316492568606,3.0550532412435354,21
-0.06985484472850834,3.1254531273382473,21
-0.030896532952129022,3.124508225723973,21
-0.008881187168693051,3.080799743458714,21
-0.014517524884549375,2.9734891009912343,21
-0.08264296516492463,3.1052536080119943,21
-0.02828718127728659,3.1288318279501333,21
-0.08571942624670081,3.1996773919948884,21
-0.06979862470657712,3.1257817117478215,21
-0.08981721956800072,3.1015471370476995,21
-2.5263003167223443,0.8666158336418704,83
-2.524810892306884,0.8092805493924279,83
-2.537283590506524,0.8658335277656027,83
-2.484355321050408,0.8321725408046727,83
-2.45049817365411,0.8182867395606596,83
-2.526300316722347,0.8666158336418671,83
-2.5248108923068853,0.8092805493924279,83
-2.537283590506523,0.8658335277656032,83
-2.484355321050406,0.832172540804673,83
-2.4504981736541116,0.818286739560661,83
-2.2435377693779173,0.6568536697634572,78
-2.3015055313046475,0.6020026909168171,78
-2.309643967199595,0.638156312622754,78
-2.374167822865793,0.6829792776093098,78
-2.2435377693779155,0.6568536697634574,78
-2.301505531304645,0.6020026909168191,78
-2.309643967199588,0.6381563126227622,78
-2.3741678228657572,0.6829792776095638,78
0.3108853822520561,1.8689826376807954,30
0.23832174417671323,1.8683891590095778,30
0.3121957959771507,1.8543764710659227,30
0.3043847579542297,1.8503086224834282,30
0.20256824759161207,1.723791761613025,30
0.27950331685399205,1.8350943384517289,30
0.19737303044204593,1.8894036005267265,30
0.21549214434081918,1.7679178280763723,30
0.2252355990864301,1.9332699176375234,30
0.0835559722677641,1.7505465125936646,30
-2.4829480442398486,1.0194407639485938,78
-2.2687672568315524,0.6053882080749488,78
-2.218403744262321,0.5998806651926581,78
-2.2786331529417736,0.6479323646632195,78
-2.2355640717952063,0.6713655909005534,78
-2.4829480442398526,1.0194407639485876,78
-2.2687672568315524,0.6053882080749486,78
-2.218403744262319,0.599880665192658,78
-2.2786331529417723,0.647932364663217,78
-2.235564071795207,0.6713655909005535,78
-2.309168921010283,-0.08579665526352276,77
-2.274458856777629,-0.16291096839521732,77
-2.3585138696666244,-0.15428352258207514,77
-2.3556849135538624,-0.06845880222483118,77
-2.3091689210093476,-0.0857966552676016,77
-2.274458856788371,-0.1629109683589921,77
-2.358513869827825,-0.15428352178722113,77
-2.355684913543757,-0.0684588022793576,77
1.2152462622718152,2.5248874643060937,20
1.1992907013205012,2.5711650616496895,20
1.225327601254753,2.5298152676249543,20
1.2337237197129085,2.499728963143054,20
1.1341881074854383,2.4147839035177388,20
1.1504423375595458,2.49514130704849,20
1.1986421405077308,2.6410781280315385,20
1.1876514687070296,2.580401137232765,20
1.195718864623691,2.588189324683481,20
1.0967628024116063,2.5688627620145263,20
-2.545612120143907,0.30158212481892654,77
-2.3517958234778598,-0.16935739808974287,77
-2.220719031858302,-0.20036808769231898,77
-2.356395808382991,-0.10043518152194986,77
-2.2171619683077366,-0.16278826350992867,77
-2.545612120162258,0.3015821249467749,77
-2.3517958221721145,-0.1693574045493813,77
-2.2207190319517243,-0.20036808737401185,77
-2.3563958083530854,-0.10043518168283325,77
-2.2171619692614466,-0.1627882604182176,77
-2.6282571927048544,1.267556338486391,88
-2.610590195097507,1.2288632851185657,88
-2.58525833584768,1.2408339417360439,88
-2.704173621088269,1.2774210987354584,88
-2.6282571927048535,1.2675563384863933,88
-2.6105901950975063,1.2288632851185644,88
-2.585258335847683,1.240833941736037,88
-2.704173621088267,1.2774210987354577,88
-0.5124095838623789,2.568712066070036,24
-0.5295757994417771,2.542937540178408,24
-0.551088673838682,2.5421279283387865,24
-0.5105328266653099,2.6116716756165537,24
-0.583445710173263,2.481033400428971,24
-0.5192269758651861,2.5119942758840086,24
-0.5252312482899943,2.5851442749156983,24
-0.5915092029920551,2.5020192067242766,24
-0.589950206547378,2.625929907220496,24
-0.605514276743455,2.4395138083407963,24
-2.8783896941219154,1.4370724168724207,88
-2.5746674454909484,1.1539607493632287,88
-2.589175446239483,1.2064382910609825,88
-2.5567747805857683,1.22595588268508,88
-2.6507226662807515,1.2323885897562408,88
-2.878389694121913,1.4370724168724263,88
-2.574667445490948,1.1539607493632287,88
-2.589175446239487,1.2064382910609843,88
-2.5567747805857675,1.2259558826850814,88
-2.6507226662807524,1.2323885897562372,88
-2.487539874863519,0.7649957214163914,87
-2.476791594720333,0.7389740537736903,87
-2.436720593764638,0.6288081960787939,87
-2.5207275923586163,0.7689306693839729,87
-2.487539874863519,0.7649957214163908,87
-2.4767915947203276,0.738974053773713,87
-2.436720593764638,0.6288081960787945,87
-2.5207275923586163,0.7689306693839723,87
0.5353740752086938,2.991597974498109,22
0.485493125830218,2.9628509658068327,22
0.49935096137642476,2.9992415713957996,22
0.5250645892574556,2.9299422722482404,22
0.4881708835881307,2.85085579018136,22
0.38581442459340926,2.9956522888108874,22
0.4434650414789024,2.968795960334143,22
0.3759071130030316,3.0801837200126077,22
0.3814769092517295,2.92154589506569,22
0.3232059831624972,2.9877091089068664,22
-2.754315111669949,0.8386321420567328,87
-2.517608417100394,0.5737622481724092,87
-2.420654926447759,0.6266503420014065,87
-2.406231627337882,0.5773850595941368,87
-2.361249238858241,0.6397494185289355,87
-2.754315111669994,0.8386321420565781,87
-2.5176084171003956,0.5737622481724103,87
-2.4206549264477304,0.626650342001568,87
-2.4062316273378865,0.5773850595941394,87
-2.3612492388582353,0.6397494185289534,87
2.8020814149705604,-1.4435226967135089,38
2.8173014578395184,-1.4601036942673098,38
2.8760893503895772,-1.4221775982144358,38
-2.513059989399511,1.9064404165249675,38
2.8020814149705484,-1.4435226967135342,38
2.817301457839518,-1.4601036942673093,38
2.8760893503896527,-1.4221775982141673,38
2.8763684201372697,-1.5153985153549756,38
1.3468528215011133,-2.339598402770871,50
1.4071496635769098,-2.3673348336061424,50
1.423908530212161,-2.304482745238292,50
1.4344512013104764,-2.3992722430965507,50
1.4010169376265402,-2.673063946397065,50
1.1493866514374178,-2.467893174104489,50
1.072157631072963,-2.6903977110129573,50
1.1508462378473547,-2.6454857901871787,50
1.1460917739221617,-2.571586806360927,50
1.2374261761661334,-2.8412215670008787,50
3.0489603600449455,-1.2573698030327352,38
2.901418094681859,-1.41965044955977,38
2.9068590940463928,-1.429680184795448,38
2.9588060077035334,-1.3518123937720696,38
2.9611875897301294,-1.5351141034739253,38
-2.448873353451284,2.1663041758933623,38
2.901418094681821,-1.4196504495598967,38
2.9068590940469354,-1.4296801847933622,38
2.958806007203788,-1.3518123955185024,38
2.961187589719175,-1.5351141035289593,38
3.0060615309843643,-1.283988096126928,38
2.7263300908385317,-1.251148699991328,38
2.890168577575592,-1.3210840624795406,38
2.9833870833759417,-1.215051985722671,38
2.910009423148932,-1.306145514498076,38
-2.4447982811765825,2.091906449511262,38
2.72633009083853,-1.2511486999913284,38
-2.34410178849056,1.973103050628241,38
2.983387083033978,-1.215051986523623,38
2.9100094230070392,-1.3061455149050953,38
1.4198351716171833,-2.3196030152213383,50
1.5074700721518897,-2.564988372828901,50
1.373872798425517,-2.3120745422092317,50
1.6130155521115692,-2.406290302752314,50
1.3310314222163238,-2.3179840869577744,50
1.5887664585555383,-2.4374795268093528,50
1.290240927649404,-2.1674079186293493,50
1.548504290247132,-2.3722161582196595,50
1.3918035301380205,-2.2956778730688923,50
1.5946792831606875,-2.532357665191492,50
1.4198352452502743,-2.319602959207346,50
1.5074700681237199,-2.564988375424103,50
1.3738729484026533,-2.312074428884786,50
1.6130156089426595,-2.406290260497629,50
1.3310314753681438,-2.317984047440616,50
1.5887664572895388,-2.4374795277345185,50
1.2902410025586084,-2.1674078500274367,50
1.548504317437325,-2.3722161372828485,50
1.3918035280397842,-2.295677874658749,50
1.5946792364721103,-2.5323576966014216,50
-1.3826651368396508,-0.7519521929619173,62
-1.3623152835606147,-0.6463706572233667,62
-1.4323186574277549,-0.5520653622738447,62
-1.400503713303973,-0.6259151202180762,62
-1.3826651370344387,-0.7519521924642696,62
-1.3623152836135184,-0.6463706570901513,62
-1.4323186576783653,-0.5520653614913591,62
-1.4005037132745826,-0.6259151203012959,62
1.3020868537157255,0.32681783295824873,5
1.2813079722893777,0.20231259245156813,5
1.3192901423162844,0.26123848585488896,5
1.2858500368241539,0.2679980436150858,5
1.3582725044724435,0.22451068021740425,5
1.349411923517662,0.31667388520184353,5
1.2404139751236183,0.30166768585229015,5
1.331363584700506,0.2310768004682649,5
1.262447514559953,0.3370593755772264,5
1.3223739241924837,0.26157903772684127,5
-1.093695067317094,-0.7702967636962882,62
-1.335726748904105,-0.8979342214939189,62
-1.3466962802860354,-0.6301028508963196,62
-1.3725522440732438,-0.5053132372855245,62
-1.239308507655947,-0.6422735409299535,62
-1.093695067317092,-0.7702967636962945,62
-1.3357267489053954,-0.8979342214904671,62
-1.3466962806648068,-0.6301028497789517,62
-1.3725522441791589,-0.5053132369082605,62
-1.2393085075827475,-0.642273541142083,62
-1.0803208113451932,-0.7906067635925291,62
-1.3599097397022448,-0.5462130061631257,62
-1.178846026510481,-0.5559278691879077,62
-1.2526610256091362,-0.4549402408304765,62
-1.1906625983963646,-0.632804749347641,62
-1.0803208113446097,-0.790606763593838,62
-1.3599097396951574,-0.5462130061889359,62
-1.1788460265107936,-0.555927869187007,62
-1.2526610256079243,-0.4549402408355964,62
-1.1906625984015902,-0.6328047493339661,62
1.24983982074105,0.3540093591005656,5
1.3114347090428373,0.27734753271442925,5
1.2646424303107402,0.3212293549205343,5
1.1136138090897043,0.2426238004258356,5
1.3334146146227122,0.24541447231397312,5
1.2611809396011762,0.15449544283725372,5
1.3779684614109866,0.3308588413252826,5
1.369439805225947,0.392431330311667,5
1.2705026739208998,0.2807581995380985,5
1.1727427284453087,0.22460482066212614,5
1.2498398207410502,0.3540093591005657,5
1.3114347090428369,0.2773475327144291,5
1.2646424303107402,0.32122935492053434,5
1.1136138090896854,0.24262380042584925,5
1.3334146146227113,0.245414472313973,5
1.2611809396011766,0.1544954428372538,5
1.3779684614109877,0.3308588413252827,5
1.3694398052259449,0.39243133031166744,5
1.270502673920899,0.2807581995380986,5
1.1727427284453082,0.22460482066212636,5
-1.3339603750778262,-1.4788545850235992,61
-1.2750474365708584,-1.4081228856155983,61
-1.3154451194512353,-1.3580543522863582,61
-1.3003887867428392,-1.4253794643683277,61
-1.3339603750793294,-1.4788545850212276,61
-1.2750474365704412,-1.4081228856163137,61
-1.3154451194449939,-1.3580543522981507,61
-1.300388786742974,-1.4253794643681048,61
2.103943797999788,0.4212635816946604,3
1.924597366897743,0.31671613152921085,3
2.03130187306122,0.3275082184785187,3
1.9976306926730365,0.40440110965556997,3
1.9860431209815563,0.38881572012903115,3
2.1142963671886212,0.44480697383095164,3
1.954130558998725,0.4259595029231323,3
2.0512211974688204,0.2903364192296858,3
2.022262783144253,0.46114205984881695,3
1.9845706861030736,0.39070721752966253,3
-1.1372941755572616,-1.4855873668657904,61
-1.2686409457362604,-1.5922306765927632,61
-1.2349626462290801,-1.4328287774699016,61
-1.3065970920971663,-1.296807144300041,61
-1.183558326290085,-1.4414688714971204,61
-1.1372941755572623,-1.4855873668657866,61
-1.268640945733656,-1.5922306765964576,61
-1.2349626462262115,-1.4328287774747657,61
-1.3065970920977839,-1.2968071442988132,61
-1.1835583262895326,-1.4414688714980624,61
-2.2235301507812775,1.0699965329100662,68
-2.215012780086718,1.0790249196367547,68
-2.223492740287966,1.1204875993484762,68
-2.248491658413792,1.1081755178624018,68
-2.2235301507812744,1.0699965329100658,68
-2.215012780086717,1.0790249196367552,68
-2.2234927402879667,1.1204875993484766,68
-2.248491658413788,1.1081755178624015,68
0.185618779238983,1.40186439606877,10
0.09875197544058652,1.228565595206115,10
0.15462213432019503,1.2842437686125288,10
0.11011285874636283,1.313215633241994,10
0.1319361215800581,1.300857623319438,10
0.172566148140481,1.477792571919232,10
0.06611959596443812,1.3536532169507831,10
0.13349626198763476,1.345779542075549,10
0.026571653322010533,1.4326169229618324,10
0.11063868456697949,1.3587766701161261,10
-1.8884841058610038,0.6967155965931168,68
-2.211608378564621,1.0300908152644075,68
-2.2513353190172407,1.1224398145082033,68
-2.094862240874603,1.082626889508054,68
-2.1263453813137696,1.014872034896644,68
-1.888484105861005,0.6967155965931168,68
-2.2116083785646374,1.0300908152644122,68
-2.251335319017239,1.1224398145082028,68
-2.094862240874603,1.0826268895080553,68
-2.12634538131377,1.0148720348966436,68
-1.8176710697199177,0.7157485647715361,68
-2.086776534050108,0.975365525421737,68
-2.0113683546434795,0.9466522454041346,68
-1.8693312952907295,0.9507127159136749,68
-1.996236340002341,0.8763059777132186,68
-1.817671069719912,0.7157485647715363,68
-2.086776534050108,0.9753655254217373,68
-2.011368354643479,0.9466522454041366,68
-1.8693312952907288,0.9507127159136756,68
-1.996236340002339,0.8763059777132179,68
0.14771217080515708,1.4531298427741626,10
0.16166772137107227,1.3296803030789837,10
0.10005095110279609,1.5081234080937886,10
-0.03781093447452724,1.4599720487421652,10
0.08945020507157292,1.3337074131667155,10
0.05994845858740753,1.254560555527865,10
0.12311698404158564,1.4675309591352823,10
0.027694407121885752,1.5129822726263267,10
0.1008229848143169,1.403546107904368,10
0.007344609027430886,1.286894490623794,10
0.14771217080514404,1.4531298427741577,10
0.16166772137152136,1.3296803030789908,10
0.10005095112838223,1.5081234080961285,10
-0.03781093437109971,1.4599720487449226,10
0.08945020507150918,1.3337074131667037,10
0.05994845858648262,1.2545605555279513,10
0.12311698404159908,1.4675309591352825,10
0.02769440712353356,1.5129822726264823,10
0.10082298481592136,1.4035461079045317,10
0.00734460902743907,1.2868944906237967,10
-1.8131002160536516,0.26152821347968097,67
-1.8752527283479057,0.3631687906638419,67
-1.8904736888203066,0.4079043520988648,67
-1.8746641895274234,0.34443336829756793,67
-1.8131002160536516,0.2615282134796739,67
-1.8752527283479137,0.3631687906639047,67
-1.890473688820305,0.40790435209887854,67
-1.8746641895274216,0.34443336829757265,67
1.4687273252297652,2.1883617914675475,1
1.3690720558165976,2.186377133089281,1
1.4154059121488611,2.170137644980137,1
1.3750750982207616,2.310659376072919,1
1.3608753040475234,2.2546642478013985,1
1.4527977762572233,2.2892917279557152,1
1.3683123851858616,2.263758878470758,1
1.4517707832744722,2.206163269344722,1
1.356177276644569,2.384381631505948,1
1.3803487689215155,2.3493482783245714,1
-1.54394740180909,0.01722698817072317,67
-1.8128082310809455,0.18090845413036935,67
-1.8494934797918456,0.37942185804801554,67
-1.8358382957340378,0.3986316845607665,67
-1.8041526105546661,0.36415883359612294,67
-1.5439474018090895,0.01722698817072318,67
-1.812808231080971,0.1809084541304779,67
-1.849493479791848,0.37942185804798034,67
-1.835838295734038,0.39863168456076464,67
-1.8041526105546677,0.36415883359612256,67
-1.0234010633722626,-0.49247749917603084,64
-0.9987256819938596,-0.4639340753849203,64
-1.056743356862909,-0.43046029813067327,64
-1.0081308812186895,-0.4405060666843955,64
-1.0234010633722632,-0.4924774991760311,64
-0.9987256819938567,-0.4639340753849226,64
-1.0567433568629077,-0.4304602981306727,64
-1.0081308812186875,-0.44050606668439485,64
1.381140463817089,0.9037909459816371,12
1.365025943466758,0.72278658744444,12
1.4078788080685634,0.7930840589512101,12
1.4042798038336837,0.8109973157585941,12
1.3536153421801767,0.8159642802984735,12
1.3702605821457128,0.912817086745978,12
1.3332419835156537,0.8464403925150298,12
1.3885343433885566,0.7821623161404725,12
1.3399946941786263,0.8928175446148663,12
1.359051731854205,0.8076981865900003,12
-0.8497575184651747,-0.49136398444123797,64
-0.9776681035102891,-0.5414850041894481,64
-0.9676839745312126,-0.461452656169962,64
-1.0049226069645205,-0.3406214703776873,64
-0.8947114813440388,-0.4206835266195833,64
-0.8497575184651733,-0.4913639844412387,64
-0.9776681035102902,-0.5414850041894476,64
-0.9676839745312126,-0.4614526561699623,64
-1.0049226069645214,-0.3406214703776868,64
-0.8947114813440378,-0.4206835266195832,64
-0.8456300442402561,-0.40970162421019657,64
-1.0782872341271827,-0.36765184313283095,64
-0.8814713696477965,-0.35360510982653387,64
-0.9629829231668887,-0.2766122535477428,64
-0.8711631390537606,-0.44572565605592657,64
-0.8456300442402561,-0.40970162421019607,64
-1.07828723412718,-0.36765184313282656,64
-0.8814713696477958,-0.35360510982653387,64
-0.9629829231668898,-0.27661225354774294,64
-0.8711631390537595,-0.4457256560559261,64
1.3861240857851789,0.9588092001503867,12
1.4841831802391086,0.833270661017618,12
1.418315982578077,0.928440533188992,12
1.3052479993921273,0.710276643879596,12
1.5072449858927894,0.8518653649818627,12
1.41132623164151,0.6509924626419734,12
1.5613347231366523,0.9577006131114963,12
1.4804887151950699,1.0460783947480656,12
1.359562093819746,0.854490176712537,12
1.3203438767299975,0.6780529518100342,12
1.3861240857851822,0.9588092001503883,12
1.4841831802391106,0.8332706610176184,12
1.4183159825780773,0.9284405331889923,12
1.3052479993921287,0.7102766438795963,12
1.5072449858927897,0.8518653649818624,12
1.4113262316415114,0.6509924626419734,12
1.561334723136653,0.9577006131114959,12
1.4804887151950705,1.0460783947480659,12
1.3595620938197444,0.8544901767125367,12
1.3203438767299969,0.6780529518100342,12
-1.1929081530902501,-1.218752205216591,63
-1.1351527930580578,-1.1593699998339024,63
-1.1787424370209991,-1.235109949594023,63
-1.1606352029536906,-1.1471125718151252,63
-1.192908153090257,-1.2187522052165727,63
-1.1351527930580578,-1.1593699998339009,63
-1.1787424370211161,-1.2351099495937703,63
-1.1606352029537144,-1.1471125718150657,63
2.0547190369673265,1.4034716211058824,4
1.8968506610807276,1.1901044633661675,4
1.9517838649567176,1.2046905332440878,4
1.9576274381329553,1.2717438091611322,4
1.8989958657981743,1.2394864437116546,4
1.9897614812703688,1.335086262058393,4
1.9148626547256995,1.3707796384282884,4
1.9545073722179072,1.190579531767197,4
1.8937083625903977,1.3707518098894746,4
1.8609475616114737,1.2799055041017922,4
-0.9605287423003531,-1.0684206632145963,63
-1.1893631725448388,-1.2657838111715225,63
-1.1113804756406842,-1.2122298786579868,63
-1.149167601732113,-1.2180659883421674,63
-1.0796070038179242,-1.1386585459136074,63
-0.9605287423003518,-1.0684206632145974,63
-1.1893631725448244,-1.265783811171551,63
-1.1113804756405554,-1.2122298786582686,63
-1.149167601732288,-1.2180659883417688,63
-1.0796070038179257,-1.1386585459136056,63
-1.4103635086304607,0.3182115842382222,66
-1.3541217715883729,0.3223740916758606,66
-1.4167049907936013,0.3965551981816782,66
-1.4038586168747123,0.35455415944288393,66
-1.4103635086304596,0.31821158423822216,66
-1.354121771588372,0.32237409167586056,66
-1.4167049907936025,0.39655519818167784,66
-1.4038586168747123,0.35455415944288426,66
0.6772739410097419,1.6267881242698812,12
0.5990273976576753,1.4968182467563254,12
0.6344494455357202,1.5073884552824823,12
0.5841346432060626,1.5378309615956989,12
0.5661956546013809,1.5468857059089514,12
0.6401285158951007,1.6809956805122004,12
0.5270243018700944,1.5814925952069931,12
0.5916604505904378,1.549286463690377,12
0.5054995381071473,1.62959182063361,12
0.5260146149453842,1.5962488001857298,12
-1.2566151474091765,0.12518302889087818,66
-1.3749001259727942,0.2792063251793189,66
-1.4160084692136503,0.3623364378767162,66
-1.3760677805400998,0.40921429730277736,66
-1.3645311081576894,0.33484712901053326,66
-1.2566151474091758,0.12518302889087798,66
-1.3749001259727947,0.27920632517931854,66
-1.416008469213652,0.36233643787671616,66
-1.3760677805401003,0.4092142973027766,66
-1.3645311081576887,0.33484712901053293,66
-1.3044058737522648,0.24804004059771806,66
-1.5896419767489014,0.45585283195855114,66
-1.4381923147727882,0.4048948796801267,66
-1.3955152081781523,0.44892410609704797,66
-1.394488200940242,0.3178482318149987,66
-1.3044058737522637,0.2480400405977179,66
-1.5896419767489003,0.45585283195855,66
-1.4381923147727882,0.4048948796801268,66
-1.3955152081781501,0.4489241060970475,66
-1.3944882009402406,0.3178482318149987,66
0.6629777469564994,1.6594097186425405,12
0.6909235577515868,1.538408772837364,12
0.65333802525333,1.687667606958907,12
0.4432119047491704,1.5064348070310891,12
0.6228717655392249,1.541214910754042,12
0.5516323016947222,1.3968154698591797,12
0.678846776899729,1.6735116780069255,12
0.5975801994959041,1.7232305942266415,12
0.6098666739170776,1.5501800853723635,12
0.46494297858028466,1.3943193974679837,12
0.6629777469565004,1.6594097186425392,12
0.6909235577515928,1.5384087728373599,12
0.6533380252533278,1.687667606958907,12
0.4432119047491706,1.5064348070310887,12
0.6228717655392251,1.5412149107540418,12
0.5516323016947736,1.3968154698591784,12
0.6788467768997344,1.6735116780069286,12
0.5975801994959037,1.7232305942266406,12
0.6098666739170774,1.550180085372364,12
0.464942978580284,1.3943193974679824,12
-1.367990208365598,-0.16190881169710544,65
-1.3335410233688347,-0.08448937346049297,65
-1.3735865118937018,-0.10466476635406481,65
-1.3557312914057487,-0.09682825471877482,65
-1.3679902083655973,-0.16190881169710575,65
-1.3335410233688347,-0.08448937346049314,65
-1.3735865118937014,-0.1046647663540649,65
-1.3557312914057462,-0.09682825471877464,65
1.5086726070126117,2.261457373289591,0
1.4598594314198543,2.2635142735099296,0
1.4557756944335711,2.194895900586057,0
1.4554639538296115,2.2719699729224616,0
1.424261710691744,2.23841254203557,0
1.522084516824106,2.3137687996951803,0
1.4292933308639175,2.3199250023365576,0
1.4877523777375234,2.258724594144607,0
1.391468714452047,2.3591306842297484,0
1.4197448865977256,2.3042224568802543,0
-1.2380634512713515,-0.29001790886566353,65
-1.3502984535575973,-0.2716736282993653,65
-1.3275487100217185,-0.0934214751754123,65
-1.329146853681793,-0.0748346165406484,65
-1.2626574048041357,-0.0906253032771552,65
-1.2380634512713502,-0.29001790886566325,65
-1.3502984535575984,-0.27167362829936537,65
-1.3275487100217185,-0.0934214751754122,65
-1.3291468536817928,-0.07483461654064837,65
-1.2626574048041357,-0.09062530327715536,65
1.9015805226805012,-1.204610798836166,44
2.054876672066222,-1.119602137429664,44
2.058310407071482,-1.1773364392135148,44
1.9181069753978686,-1.0736627824551255,44
1.9015805226805012,-1.2046107988361667,44
2.0548766720662206,-1.119602137429663,44
2.0583104070714806,-1.1773364392135144,44
1.9181069753978686,-1.073662782455126,44
1.599125190820848,-2.688025776605872,52
1.762720999020659,-2.088700310259583,52
1.6858200703666886,-2.3280940231157943,52
1.8926406500117565,-2.333811248806412,52
1.7697669143166357,-2.6620715782543485,52
1.6806896083709608,-2.2396040968331676,52
1.8246846239781367,-2.035493655350564,52
1.8016566496981454,-1.973758688891398,52
1.8445199675969157,-1.971009772557452,52
1.833750763957438,-2.2446843745036986,52
2.239894718897726,-1.174440732608697,44
1.814359083533274,-1.1302817727487255,44
2.0250185509881535,-1.1052662121019146,44
2.072025437106016,-1.1555966505233992,44
1.856860846434095,-1.0688506654868082,44
2.2398947188977267,-1.1744407326086945,44
1.814359083533273,-1.1302817727487247,44
2.0250185509881535,-1.1052662121019143,44
2.072025437106016,-1.1555966505233994,44
1.8568608464340948,-1.068850665486806,44
2.2959080851539064,-1.1234561154167388,44
1.9959519048550531,-1.1336181763714157,44
2.251085317068909,-1.1220139002606477,44
2.3889303888587494,-1.1678916411264426,44
2.0881270923873756,-1.05325616818133,44
2.295908085153907,-1.123456115416739,44
1.9959519048550523,-1.133618176371416,44
2.2510853170689087,-1.1220139002606466,44
2.3889303888587508,-1.1678916411264428,44
2.0881270923873756,-1.0532561681813302,44
1.6949142641997479,-2.3776796806652265,52
1.686836239426701,-2.5879377168737245,52
1.604539641874845,-2.2300527622542834,52
1.784744871468966,-2.373858287492549,52
1.6795604178612054,-2.081880228150017,52
1.8127326920882503,-2.328853682983479,52
1.63631935588122,-2.0920546918507106,52
1.8682120412266259,-2.3599274155738454,52
1.758983506808777,-2.3075575010360754,52
1.8703478082026535,-2.4699448130813253,52
1.6949142642462416,-2.377679680619813,52
1.6868363548289156,-2.587937632121731,52
1.6045396427923493,-2.230052761219262,52
1.784744871456128,-2.373858287505656,52
1.679560417860838,-2.081880228150584,52
1.8127326920885338,-2.3288536829831523,52
1.636319355886693,-2.09205469184282,52
1.8682120412265397,-2.359927415573945,52
1.758983506812568,-2.307557501031668,52
1.8703478082020073,-2.469944813081935,52
0.24339794009073587,-1.6540296831221544,56
0.3101267937558466,-1.5774182041878486,56
0.15892350918665865,-1.6439251200475582,56
0.31030920122647815,-1.5565181651882414,56
0.2433979400907242,-1.6540296831221648,56
0.3101267937558475,-1.5774182041878448,56
0.15892350918666273,-1.6439251200475522,56
0.31030920122647787,-1.5565181651882418,56
2.543081511164636,0.2580660508231332,8
2.595166399043727,0.14413332249009164,8
2.6397381439934655,0.20071646235002505,8
2.715238115321931,0.2362698466559396,8
2.6898672674265223,0.17964691928550355,8
2.527675188785745,0.23694637130664972,8
2.6417706794207705,0.18688639485316252,8
2.543743377951423,0.14575801570477936,8
2.6599296211018166,0.2392603646315659,8
2.662578346294177,0.12629040488014312,8
0.28943980326958957,-1.821873913146028,56
0.08979661281019029,-1.7762050724957184,56
0.18839823061877486,-1.5958266543443629,56
0.09053003223037841,-1.7174497784088474,56
0.12461969567433481,-1.7031619938748244,56
0.28943980323474666,-1.8218739131791037,56
0.08979661281018343,-1.7762050724957243,56
0.18839823061877603,-1.5958266543443629,56
0.09053003223037544,-1.71744977840885,56
0.12461969567433333,-1.7031619938748221,56
0.4117441193401726,-1.7134999041877852,56
0.11907321372703007,-1.6213466599572492,56
0.30805265302541407,-1.4388785007395144,56
0.20392273573085504,-1.5590807022851203,56
0.17325104570118038,-1.6462173424557491,56
0.4117441192922384,-1.7134999042385963,56
0.11907321372740061,-1.6213466599569668,56
0.3080526530254135,-1.4388785007395155,56
0.20392273573087674,-1.5590807022851025,56
0.17325104570122363,-1.6462173424557152,56
2.590713447008604,0.22365340787727442,8
2.7494065595802746,0.19282709608737925,8
2.5976535371664737,0.19294685538950165,8
2.700466614442354,0.13334827621490386,8
2.5923889561577274,0.12316051673155384,8
2.750077512971094,0.08521407636477303,8
2.6697069035944794,0.20151356378848767,8
2.911128802104978,0.2556451110818035,8
2.71487747370698,0.1667755702710211,8
2.856712830996767,0.13398437993488935,8
2.5907134470086075,0.22365340787727409,8
2.749406559580273,0.19282709608737914,8
2.597653537166474,0.19294685538950163,8
2.700466614442355,0.13334827621490428,8
2.592388956157728,0.12316051673155426,8
2.7500775129710924,0.085214076364773,8
2.669706903594478,0.20151356378848762,8
2.911128802104979,0.2556451110818039,8
2.714877473706977,0.16677557027102077,8
2.856712830996766,0.13398437993488932,8
0.24517354137032066,-2.1765689606143366,55
0.19981603051717226,-2.218899994636764,55
0.1916507614646885,-2.2156099460705097,55
0.21580946494879433,-2.223820982366964,55
0.24517354138642092,-2.1765689605993805,55
0.19981603050774946,-2.218899994645194,55
0.19165076146526072,-2.215609946070005,55
0.21580946496866935,-2.223820982348951,55
3.2828959128671737,0.5695384084362592,2
3.2701851448672703,0.4758604397430856,2
3.3320271329544564,0.5325655231457295,2
3.365150614645362,0.5916019129735569,2
3.3389512494705795,0.5456591246275733,2
3.2713233645470625,0.606852267662346,2
3.3394464857715946,0.560061048980492,2
3.2675203441405896,0.4838243879857603,2
3.371103504832052,0.6232422444959084,2
3.2879078416264553,0.5131247317350722,2
0.20839309717421217,-2.219551327680961,55
0.19152960353099482,-2.1942182170372853,55
0.19154058307589744,-2.183357713076492,55
0.13587849274660097,-2.3370232754296647,55
0.16408819287326565,-2.2240901923870386,55
0.20839309717125723,-2.2195513276837153,55
0.19152960353744503,-2.1942182170319127,55
0.19154058304981456,-2.1833577130983883,55
0.13587849293976145,-2.3370232752884816,55
0.16408819292398646,-2.2240901923474907,55
-0.2735377808725416,-2.093793266218281,60
-0.30614630779395524,-2.20102317636882,60
-0.30716858676975595,-2.081764329181955,60
-0.2941617447239692,-2.1551383951127296,60
-0.2735377821093504,-2.0937932688934278,60
-0.3061463077929096,-2.2010231763664394,60
-0.30716858676633235,-2.0817643291738754,60
-0.294161744563125,-2.155138394747236,60
2.209963156673706,0.9944177588368597,9
2.187496081008106,0.8364294316617733,9
2.210297083516681,0.839506260054477,9
2.1874930500147975,0.9249605071357343,9
2.2194936666512843,0.8751433038849806,9
2.1683033026482437,1.1116172488104132,9
2.2979238090480054,1.0290808234471147,9
2.2251016109256767,0.9029638618443666,9
2.2454475819429405,1.1799098272897122,9
2.347357801317791,0.9588373211527965,9
-0.18591918121757153,-2.0555629869868923,60
-0.3213656471258364,-2.109778793693432,60
-0.29512183402484216,-2.022019528738727,60
-0.2027004009476768,-1.7168817695500993,60
-0.2822414576268333,-2.0399055360999774,60
-0.18591917946095052,-2.055562984441657,60
-0.3213656471290174,-2.1097787937010004,60
-0.2951218341227472,-2.0220195289702034,60
-0.2027008963465822,-1.7168828362266324,60
-0.2822414497846457,-2.0399055177852157,60
-0.010862856734353223,-1.675512529106829,60
-0.2335744068219921,-1.7786003752684139,60
-0.07940389212347079,-1.5803629189429387,60
-0.050365356934216725,-1.3674113864836979,60
-0.16373897945895927,-1.7875156387947293,60
-0.010888743081264123,-1.6755462456407197,60
-0.2335758674803836,-1.778603503495461,60
-0.07946229890986473,-1.5804626550644234,60
-0.050363963374169665,-1.367408708308098,60
-0.16373990672584116,-1.7875174682797312,60
2.3673400256573522,1.006927801625005,9
2.3503414917617067,0.857314489880609,9
2.312814314456276,1.0126573196651953,9
2.4110311462977627,0.8752279521215817,9
2.2967304780393127,0.759786291825234,9
2.428814814341659,0.7191014049577384,9
2.3238435469902505,0.9310742421832758,9
2.3685247380434293,1.0739818126389211,9
2.4425956464430376,0.8858195565653421,9
2.395214089945539,0.7646652685320972,9
2.367340063171411,1.0069276708179973,9
2.3503414958996673,0.8573144733387476,9
2.3128141243011795,1.0126579238136597,9
2.4110312323919625,0.8752275286258471,9
2.296730479847277,0.7597862830983849,9
2.428814814305255,0.719101405219771,9
2.3238436267049085,0.9310738943014404,9
2.368525379542864,1.073980166575484,9
2.4425956194253855,0.885819717127848,9
2.395214089196108,0.7646652738873759,9
-0.049548940789719095,-1.8339358610909324,59
-0.03855700119657003,-2.040522327856207,59
-0.09434495658448651,-1.928332198032479,59
-0.02016075529415642,-1.9704580424954954,59
-0.04954873509118335,-1.8339356469372743,59
-0.03855696949281198,-2.0405223047700103,59
-0.09434495710516894,-1.928332198598543,59
-0.02016086966182215,-1.9704581478908942,59
2.914594141106033,1.5932166904572025,1
2.8416884574649233,1.6505325716463095,1
2.9070246355853473,1.6158930091665982,1
2.8780873493720462,1.696239051694548,1
2.802446538272715,1.681644634662072,1
2.8740639642173247,1.8006924237357682,1
2.857806757030603,1.7839005868192044,1
2.8909235997751987,1.7304458229205686,1
2.8413987262983995,1.8659505828093081,1
2.881596113784637,1.8176675123750123,1
-0.05066314663943538,-2.1321286851475914,59
-0.1486145621712432,-2.0538489499396704,59
-0.07071913239443876,-2.052259501855268,59
-0.11959666402667374,-1.9642359600669332,59
-0.1075221557904999,-2.106404680232298,59
-0.05066312858647581,-2.1321286725630517,59
-0.14861456218649036,-2.0538489499565706,59
-0.07071913227177143,-2.05225950176183,59
-0.11959666135840295,-1.9642359570321861,59
-0.10752215969262809,-2.1064046837190498,59
0.3805137493173124,-1.808653083305637,54
0.40416022663622675,-1.8295911086746381,54
0.30305570455679026,-1.9063706868590018,54
0.41817703446005017,-1.7913516315770157,54
0.38051374931722687,-1.8086530833057468,54
0.4041602266373388,-1.829591108673217,54
0.30305570455672487,-1.9063706868590786,54
0.4181770344592873,-1.7913516315779847,54
2.9768775452423553,0.7887483358282651,8
2.9709698031324794,0.6985533347012043,8
2.9785351421944113,0.7317969212679761,8
3.0043860353491416,0.755382928095464,8
2.9471049282922555,0.7051542068078194,8
3.0372727233234684,0.8702314992578012,8
3.055185410448039,0.8132111727939321,8
2.9915630039058194,0.7591538782180837,8
3.044713765425455,0.8451816097395595,8
2.9759965523704808,0.7253048198207485,8
0.5232548744069216,-1.6940817341860182,54
0.3101941502849085,-1.8458027335355496,54
0.32546566592121995,-1.880512820583357,54
0.28929635093793094,-1.9389214057204982,54
0.389419849996539,-1.7413978383354702,54
0.5232548744078974,-1.6940817341847978,54
0.3101941502849881,-1.8458027335354596,54
0.3254656659211831,-1.880512820583399,54
0.28929635093804273,-1.938921405720371,54
0.38941984999655876,-1.7413978383354451,54
0.6136694290713725,-1.5099322656504948,54
0.3796986339101699,-1.6651988094718255,54
0.5088347247543312,-1.592275466114555,54
0.41434849060669626,-1.7024189590041892,54
0.41148560753779106,-1.7781166101660886,54
0.6136694290686554,-1.5099322656531562,54
0.3796986339102103,-1.665198809471773,54
0.5088347247542708,-1.5922754661146283,54
0.41434849059911016,-1.702418959013583,54
0.41148560753821184,-1.7781166101655699,54
2.9887171784923696,0.752705000901855,8
3.075596093040717,0.7029540914937004,8
2.945775561974552,0.7108411019453138,8
3.0252180439811465,0.6521268150921414,8
2.9996958648618173,0.6319614675963657,8
3.0621711100473616,0.5734738169309918,8
3.0963883321977677,0.7600172919557473,8
3.2304687750313525,0.8456110682443548,8
2.9563673511826067,0.6761889292220152,8
3.0906946638492254,0.6379453625048603,8
2.988717178492388,0.7527050009017141,8
3.075596093040717,0.7029540914936727,8
2.9457755619745516,0.7108411019453119,8
3.0252180439811744,0.6521268150917953,8
2.9996958648618173,0.6319614675963577,8
3.0621711100473745,0.573473816930827,8
3.0963883321977432,0.7600172919559168,8
3.230468775030527,0.8456110682486282,8
2.956367351182607,0.6761889292220422,8
3.0906946638485886,0.637945362518893,8
0.05188016442057539,-2.6109715851335635,53
0.08041338777014335,-2.5225429203911176,53
0.004510207633232592,-2.666505729015972,53
0.1095510475406393,-2.514970771030655,53
0.05188016442057583,-2.610971585133564,53
0.08041338777014446,-2.522542920391117,53
0.004510207633232712,-2.666505729015972,53
0.10955104754063796,-2.5149707710306552,53
3.5943888999973983,1.1438632653192868,2
3.513431049122645,1.0570362990624147,2
3.5341669821667354,1.0796608368358271,2
3.56157812199298,1.1205036274901203,2
3.492792664602344,1.082392102724937,2
3.607051473565937,1.215534699331844,2
3.5714105527576763,1.177450080214675,2
3.537756428330376,1.099307080342752,2
3.553405751420992,1.2179237274594437,2
3.489767959328208,1.1239623057755903,2
0.0903536717892854,-2.6822868260152406,53
0.07453837492021755,-2.5662799626200425,53
0.07959417568892799,-2.5894227714659097,53
-0.003879491237959392,-2.7642652629162643,53
0.06611189910404229,-2.5264037883643775,53
0.09035367178928629,-2.6822868260152397,53
0.0745383749202156,-2.566279962620044,53
0.07959417568892777,-2.5894227714659115,53
-0.0038794912379592644,-2.7642652629162643,53
0.06611189910404158,-2.5264037883643775,53
0.1921093559021014,-1.6737470819623113,58
0.003114179461584054,-2.0017425266321514,58
0.09400436996702685,-1.791644600967393,58
0.07592683273977775,-1.8103626593611886,58
0.19210935551269306,-1.673747082524679,58
0.0031141979411652555,-2.00174250940869,58
0.09400436499519356,-1.7916446068805392,58
0.07592686107896693,-1.8103626255152636,58
2.447442305500489,1.296696879674958,13
2.5004590681588708,1.2529986567689706,13
2.4553866311260277,1.2172214620337671,13
2.445397162749142,1.2751117680914963,13
2.488616903453541,1.2841642321963012,13
2.5164854572550213,1.38785874297949,13
2.618333769287804,1.3714043683395603,13
2.5152047409368805,1.2648859700313972,13
2.555127202286498,1.382322445803029,13
2.649187106208543,1.3164051121973004,13
0.21638253185477696,-1.7059201804932391,58
0.18042781948487807,-1.5579221546269872,58
0.06932958820024682,-1.7881989440306525,58
0.18120276354518133,-1.5808258175842838,58
0.15551926674875594,-1.6355430607363861,58
0.21638252767600677,-1.7059201866057838,58
0.18042781949515196,-1.5579221546127655,58
0.06932958744679964,-1.7881989449987157,58
0.1812027635076286,-1.5808258176362495,58
0.155519267079436,-1.6355430603204002,58
0.29508359955500485,-1.2563914440278365,58
0.18424809951777965,-1.4686038638810188,58
0.2826721424099807,-1.3786760348603395,58
0.2465135696200156,-1.3722637730221314,58
0.22509817169888835,-1.4487052380753287,58
0.29508359955500474,-1.2563914440278343,58
0.18424809951584903,-1.4686038638845758,58
0.28267214240994415,-1.3786760348604021,58
0.2465135696196652,-1.3722637730227154,58
0.22509817169873395,-1.4487052380756085,58
2.6268892471406318,1.371495141839917,13
2.679027446454787,1.2167744781485157,13
2.5613634187149894,1.3668074776940518,13
2.51584418938553,1.1829448023231632,13
2.5147775054691026,1.1945045842151896,13
2.582099763061577,1.0954253328845243,13
2.5857744005477667,1.3058448314865296,13
2.658037926794097,1.3597258445696194,13
2.596059662290206,1.2806784117189511,13
2.536323456620451,1.1367688211957572,13
2.62688924718014,1.3714951417545496,13
2.6790274464547497,1.2167744781486334,13
2.5613634187134275,1.3668074776974244,13
2.5158441894073125,1.1829448022636149,13
2.514777505454303,1.194504584255621,13
2.5820997630597327,1.0954253328918702,13
2.5857744005664585,1.3058448314437712,13
2.6580379266339884,1.3597258449224883,13
2.596059662311907,1.2806784116658627,13
2.5363234566363637,1.1367688211450127,13
0.03419802473014008,-1.989105002291142,57
-0.0597608981840023,-2.2953328430477384,57
-0.07952826886198815,-2.2078572956255855,57
-0.020114020729610507,-2.2092462893575013,57
0.034198027137861346,-1.9891050001473505,57
-0.059760898175009146,-2.2953328430394913,57
-0.07952826887256356,-2.2078572956343603,57
-0.020114024565932347,-2.209246292442124,57
3.2217140643297526,1.893744463809116,0
3.1958055016076825,1.8154802830606236,0
3.185000293186743,1.8199495889494006,0
3.173678291923049,1.8512708384305967,0
3.148131349836017,1.8575684745467187,0
3.232049734437437,1.992561389934542,0
3.2342784883748377,1.9921031594727423,0
3.2180730503909514,1.9100159934656624,0
3.1861824872601514,2.0108196194334265,0
3.24216659420162,1.9553706942177316,0
-0.07058261522229192,-2.3894579972600134,57
0.05454990358335109,-2.0123170565784267,57
-0.03814328868536894,-2.346968566090863,57
-0.09199111908985191,-2.2801774834982482,57
-0.02712288972238073,-2.282313205357731,57
-0.0705826152222949,-2.3894579972600143,57
0.05454990331834519,-2.0123170568237594,57
-0.038143288703837666,-2.3469685661069573,57
-0.09199111908837296,-2.2801774834969177,57
-0.027122889676189896,-2.2823132053164286,57
2.5228884363077526,-1.6082065971400432,42
2.5829876048595204,-1.6850163447351256,42
2.59286676826293,-1.6454984704124713,42
2.502830037379154,-1.6585636704382174,42
2.522888436307748,-1.6082065971400472,42
2.5829876048595217,-1.6850163447351203,42
2.592866768262931,-1.6454984704124744,42
2.5028300373791446,-1.6585636704382347,42
0.6693762267610674,-4.032699439704415,46
0.7065044041389441,-3.850697011100528,46
0.6628282992982162,-3.9750492788946294,46
0.8534794966015115,-3.8853540303946734,46
0.7473301088219609,-4.109376672264402,46
0.5971855424416683,-3.8059446558187657,46
0.7059356974905475,-3.776562420387521,46
0.6375025236113471,-3.75423793473155,46
0.7408992122167627,-3.7312932385557294,46
0.670988821268795,-3.9153046922480157,46
2.6495764771692585,-1.6978766563859915,42
2.4631817767631223,-1.6018887746095216,42
2.546322249303154,-1.633051140000035,42
2.6111546571834263,-1.6350109743007681,42
2.4946931608722855,-1.6047187005033419,42
2.649576477169259,-1.6978766563859904,42
2.4631817767631237,-1.6018887746095212,42
2.546322249303154,-1.6330511400000343,42
2.61115465718343,-1.635010974300766,42
2.4946931608722887,-1.604718700503341,42
2.724859720675784,-1.8674322949414783,42
2.703179567152903,-1.8271593395279755,42
2.687428088332488,-1.7078311453512238,42
2.8747972527724124,-1.846466242848206,42
2.6735939227718077,-1.7197165530874656,42
2.7248597206752296,-1.867432294942546,42
2.7031795671528434,-1.8271593395281016,42
2.687428088332489,-1.7078311453512234,42
2.874797252772411,-1.8464662428482048,42
2.6735939227717878,-1.7197165530875116,42
0.5693828932542899,-3.740550012282652,46
0.7746314335590723,-3.8282516408546767,46
0.47808159306805426,-3.7028387466808486,46
0.8288372381454835,-3.7788531672495913,46
0.45227239567884553,-3.804410401010224,46
0.7777816201205696,-3.7814946096192688,46
0.4420146873111874,-3.826498081086687,46
0.8296875359275493,-3.878009667951839,46
0.5858772560272374,-3.8121103882554244,46
0.9096254363040449,-3.957708986040196,46
0.5693828932512539,-3.7405500122831326,46
0.7746314336216901,-3.8282516408438956,46
0.47808159306638276,-3.702838746681094,46
0.8288372861198617,-3.7788531580624705,46
0.45227239568883065,-3.804410401008965,46
0.777781597476886,-3.7814946135735124,46
0.4420146873101917,-3.826498081086802,46
0.8296860780898012,-3.878009924618362,46
0.5858772615810746,-3.8121103874580853,46
0.9096257630499899,-3.9577089220687656,46
0.19760170331195842,-1.4347886927311573,56
0.24214099664157573,-1.4293662513740057,56
0.14298350708050606,-1.3870270874850965,56
0.2446850642230307,-1.4459748695557193,56
0.19760170331195892,-1.4347886927311557,56
0.24214099664157537,-1.4293662513740049,56
0.14298350708050597,-1.3870270874850965,56
0.24468506422303135,-1.445974869555717,56
2.614945910296287,0.21026551018153966,8
2.669001097297563,0.10829339763150077,8
2.7041341437945987,0.16107601580171574,8
2.719786026902527,0.18441370836326135,8
2.703656426435629,0.12057864855891352,8
2.5748372782804285,0.1936412624887852,8
2.686037380224229,0.16292853727403048,8
2.622900436770485,0.1229538539553758,8
2.6821191702123737,0.20390016181260756,8
2.6667501344133133,0.11078819635532589,8
0.31929234855703076,-1.4350901640167322,56
0.03213332541276991,-1.5650197731819537,56
0.0826020057358003,-1.4364883848684207,56
0.08925712648304142,-1.4375957633727101,56
0.10055977538933018,-1.4887661526464304,56
0.3192923485570226,-1.435090164016738,56
0.0321333254127692,-1.565019773181955,56
0.08260200573580019,-1.4364883848684211,56
0.08925712648304315,-1.4375957633727068,56
0.10055977538933118,-1.4887661526464304,56
0.4762633896690791,-1.3993523372821837,56
0.14187792956418768,-1.3044749125802348,56
0.2553577188252032,-1.192501868308695,56
0.19740551851426888,-1.226308584057678,56
0.18384915614121466,-1.3357604104967709,56
0.47626338966916026,-1.399352337282109,56
0.14187792956418852,-1.3044749125802333,56
0.2553577188252035,-1.192501868308696,56
0.1974055185142692,-1.2263085840576777,56
0.1838491561412147,-1.3357604104967702,56
2.607978437834645,0.219052782182421,8
2.671127544330662,0.1726227915333226,8
2.600209011984994,0.1468096517442044,8
2.645157454298996,0.11196023038919867,8
2.648308310500938,0.09245852537080458,8
2.6879119265862306,0.05484201908065616,8
2.6845431295149553,0.1504646838564416,8
2.8443405729626043,0.18821295001889765,8
2.6921264146649664,0.13661077341560152,8
2.78732278495453,0.0948619174110501,8
2.607978437834654,0.2190527821824346,8
2.671127544330663,0.17262279153332236,8
2.6002090119849943,0.14680965174420446,8
2.645157454298994,0.11196023038919853,8
2.6483083105009366,0.09245852537080478,8
2.6879119265862306,0.05484201908065582,8
2.6845431295149553,0.1504646838564418,8
2.8443405729626017,0.18821295001889732,8
2.6921264146649655,0.13661077341560157,8
2.7873227849545303,0.09486191741105013,8
0.29988855307573636,-2.087034108763934,55
0.25603507240744505,-2.183200992651485,55
0.2673009228800816,-2.0289536348710775,55
0.2986701980142508,-2.1577571476143067,55
0.2998885531325849,-2.0870341087082322,55
0.2560350724118397,-2.1832009926473583,55
0.26730092278312656,-2.0289536349693296,55
0.298670198013816,-2.157757147614734,55
3.2790096503992796,0.49611850654470685,2
3.240097042734657,0.42015629051645154,2
3.30314484950863,0.4514000545235016,2
3.3166113548693152,0.5016933106834942,2
3.2231798996665004,0.44873560285798136,2
3.286810053574121,0.5195259806331692,2
3.2964480627382735,0.511431072164072,2
3.2743492740321183,0.42345719069861515,2
3.3138029685844423,0.5491407378681913,2
3.23437764082292,0.45458715903395386,2
0.29532122979771375,-2.0997191316129413,55
0.19456724102135334,-2.1374091849841017,55
0.22411177699178642,-2.1411506067048895,55
0.23833632034141405,-2.0823484200324023,55
0.22752349928549817,-2.144704975183976,55
0.2953212297870816,-2.0997191316236843,55
0.19456724087816504,-2.1374091850955668,55
0.22411177700924506,-2.141150606689682,55
0.23833632026183735,-2.0823484201057547,55
0.22752349927541166,-2.1447049751927474,55
-0.10405638058720582,-1.3351643369776323,60
-0.21513867443558715,-1.6440977719464327,60
-0.1363512899041281,-1.3410900117201248,60
-0.196252222612323,-1.5592686556396325,60
-0.10405619496736918,-1.3351639243122897,60
-0.215138046155504,-1.6440963980370384,60
-0.13635191577051844,-1.341091459167309,60
-0.19625526871530113,-1.5592749046921812,60
2.197243773932275,1.0085623993231236,9
2.171277331559959,0.8592243675392456,9
2.224541883728067,0.9190360266876706,9
2.1865555754663943,1.0240822998667156,9
2.178191143114976,0.912263772119772,9
2.1756281577820107,1.2068608095149669,9
2.242859763791882,1.1605691442977102,9
2.232701727922125,1.0316937525350027,9
2.210881361819558,1.279283965641451,9
2.3556570866258335,0.990644155173214,9
-0.08671455189000689,-1.4339159584510772,60
-0.23757247368062548,-1.5134122891969506,60
-0.23916535648900708,-1.5184044832962653,60
-0.078465416361512,-1.0978177865639822,60
-0.20132878258055145,-1.5186466725038348,60
-0.08671448755300282,-1.433915841600816,60
-0.23757257621682895,-1.513412498756953,60
-0.23917136563665262,-1.5184172628020898,60
-0.07846543376693918,-1.0978179073771281,60
-0.20133375629023292,-1.5186569254641538,60
0.09647903874176621,-1.0253303472113635,60
-0.06976261883972543,-0.9089217536986517,60
-0.010586426598280553,-0.9219877164636731,60
-0.0830055602479194,-0.5991396383495349,60
-0.03104020911970857,-1.0685642448112644,60
0.09647903874817351,-1.0253303463076635,60
-0.06976262977672319,-0.9089216888294269,60
-0.010586393539701918,-0.9219880357774558,60
-0.0830055731610196,-0.5991395820357401,60
-0.03104028119778358,-1.0685650238889153,60
2.421782759943633,1.125204673861182,9
2.4374690269975345,0.8902235603663642,9
2.3515560432958975,1.0192526717462282,9
2.4879176563825274,0.9024657679578146,9
2.427293759114438,0.824165130084151,9
2.5393804992301408,0.7280089385665865,9
2.354606694392932,0.9860793628367851,9
2.355245635259386,1.1668506272859933,9
2.504800740212655,0.9715242755924426,9
2.4850625981502983,0.7890124513235672,9
2.421782762310576,1.1252046672728782,9
2.437469084290422,0.8902232474570047,9
2.3515551671453507,1.0192555068195601,9
2.487915106357131,0.9024799857596991,9
2.4272936798087863,0.8241656761739617,9
2.539380499562472,0.7280089358769731,9
2.3546067310933356,0.9860792277482429,9
2.3552454129466396,1.166851187087574,9
2.504799416305253,0.9715306058440473,9
2.485062583153248,0.7890125660831309,9
-0.034281709152799614,-1.5078503252386115,59
-0.03685217575611125,-1.6502677849062117,59
-0.0214880198727999,-1.4356903375702423,59
-0.018274016550700364,-1.6039793088455967,59
-0.03428179124153801,-1.5078504469987186,59
-0.036852299264251535,-1.6502679656755421,59
-0.021488022373648656,-1.435690341518306,59
-0.0182735612764605,-1.6039786598280719,59
2.934691085631937,1.7086599381615346,1
2.8650497781436473,1.7748831104485254,1
2.914046465029185,1.7376291579368541,1
2.8304367132458066,1.7783478366132877,1
2.791367623553547,1.768009877817584,1
2.900285204055042,1.923293805206096,1
2.8558635476695438,1.9476858136775166,1
2.9201413688586326,1.8997317757820442,1
2.82516068560309,2.0075203440116187,1
2.8756670554584502,1.9528827124776298,1
-0.12896997617670616,-1.9756879215236023,59
-0.11253111095405745,-1.724706916015891,59
-0.08423371382658344,-1.73246817306293,59
0.031842496083726086,-1.3628625192342598,59
0.0016593625945744792,-1.6399499584251187,59
-0.12896997613814082,-1.9756879214847383,59
-0.1125310940595533,-1.7247068899133358,59
-0.08423360439395135,-1.732467998743484,59
0.03184245581901698,-1.3628625771060583,59
0.0016592631728316765,-1.6399500814029506,59
0.4388787974030572,-1.4335973070998538,54
0.45692568541195566,-1.543630608296836,54
0.39232370327533733,-1.461296487436469,54
0.44390211928898465,-1.507192201129972,54
0.4388787974030574,-1.4335973070998511,54
0.4569256854119537,-1.5436306082968414,54
0.3923237032753374,-1.4612964874364687,54
0.4439021192889842,-1.5071922011299714,54
3.0149247229441274,0.8002210406483282,8
3.00381535046823,0.7178507879504188,8
3.0153437244306827,0.7614340057590371,8
3.0342530321925367,0.7844626901204577,8
2.947607880122236,0.7126736301793849,8
3.0642020034019173,0.8753423461710048,8
3.0904399432390046,0.8297918483141984,8
3.0476393238212744,0.7747219676359504,8
3.040228868319241,0.8585869039381634,8
3.023610772480459,0.7455194384269787,8
0.5706935414891819,-1.3889711626809609,54
0.34205417930481785,-1.448336364093088,54
0.35256454440340224,-1.5015371064482184,54
0.386342489045928,-1.4272588898393723,54
0.3785213084244634,-1.4374219740376815,54
0.5706935414876735,-1.3889711626824222,54
0.34205417930481785,-1.4483363640930893,54
0.3525645444034015,-1.5015371064482204,54
0.3863424890459278,-1.427258889839371,54
0.37852130842446363,-1.4374219740376808,54
0.7228189921684391,-1.1604598325822157,54
0.4158659306711498,-1.2913371694835045,54
0.5118220745001114,-1.2041534158906173,54
0.45955884763988814,-1.2692108408031846,54
0.43899606909285016,-1.3320443248939178,54
0.7228189921685015,-1.1604598325821716,54
0.41586593067114913,-1.291337169483505,54
0.5118220745001117,-1.2041534158906155,54
0.45955884763988797,-1.2692108408031844,54
0.43899606909285,-1.3320443248939167,54
3.03289232599611,0.7747735437758003,8
2.978750102755285,0.7097293122270227,8
2.945460248807912,0.7019048699354099,8
2.9367181923738577,0.6462473507212592,8
3.075364881752072,0.6526495463525621,8
3.0007654693629067,0.595201605293531,8
3.1356123398480324,0.7762424353815018,8
3.1365067689378865,0.8439721876470107,8
2.968898990991524,0.6676669008790687,8
2.9972371314568407,0.6153486722642102,8
3.0328923259961234,0.7747735437757302,8
2.9787501027552787,0.7097293122270677,8
2.9454602488079105,0.7019048699354516,8
2.9367181923738612,0.6462473507212761,8
3.0753648817520776,0.6526495463524113,8
3.0007654693629005,0.5952016052935498,8
3.1356123398479996,0.77624243538164,8
3.136506768937894,0.8439721876469822,8
2.968898990991522,0.6676669008790979,8
2.997237131456842,0.6153486722642092,8
0.18202733880212327,-2.37533586592177,53
0.1915700431231356,-2.37213605300088,53
0.11004932642315284,-2.415989018072421,53
0.2152601788264468,-2.363269209370528,53
0.1820273388023944,-2.375335865921544,53
0.19157004312291834,-2.372136053001072,53
0.1100493264230091,-2.415989018072511,53
0.21526017882647153,-2.363269209370504,53
3.5653539646256505,1.1263038496055686,2
3.5597735986686447,1.0668051261111213,2
3.5508523113328585,1.0776651780222357,2
3.565133695903573,1.1197858499059354,2
3.4561640558868953,1.0702705275062698,2
3.588625615323832,1.1911824468609742,2
3.5955432132047456,1.1838468220070724,2
3.5541341307987593,1.114553572122457,2
3.5638718443459676,1.2103020844354884,2
3.517932180895519,1.12316149832816,2
0.12193878776177512,-2.5013149533314167,53
0.2164992932377675,-2.286996506263983,53
0.10167670173382788,-2.4752042746761767,53
0.0682063561622232,-2.5082158163736445,53
0.14234673743187487,-2.361435464286417,53
0.12193878776181911,-2.5013149533313888,53
0.2164992932374288,-2.2869965062643143,53
0.10167670173383218,-2.4752042746761758,53
0.06820635616218698,-2.508215816373661,53
0.14234673743601994,-2.3614354642832756,53
0.16497220375137406,-1.2295387454938957,58
0.11157219848867504,-1.3834135824226386,58
0.11577341275733838,-1.2466157748705275,58
0.10489053968177578,-1.2756764823332913,58
0.1649722037513739,-1.2295387454938966,58
0.11157219848860071,-1.3834135824227465,58
0.11577341275733842,-1.2466157748705273,58
0.10489053968177404,-1.2756764823332947,58
2.429525637475474,1.3028852982155972,13
2.402744981520759,1.244307091118722,13
2.4057419815973358,1.2498480350946195,13
2.3624450590990733,1.3004781654375648,13
2.3668198108843033,1.2897073816087246,13
2.4732061199540665,1.4218903418444815,13
2.534798250382185,1.4107803075365577,13
2.458745685727353,1.3126910585892493,13
2.4350324552266014,1.4259580266119183,13
2.5702130478329406,1.3493883343628892,13
0.1945177301611453,-1.2171457868967481,58
0.11323705911209589,-1.159383137238501,58
0.03657086650057727,-1.3824349628456034,58
0.12653610374143692,-1.1665821578777429,58
0.08092596898674141,-1.2659380786837051,58
0.194517730161146,-1.2171457868967475,58
0.11323705911209601,-1.1593831372385008,58
0.0365708665006958,-1.382434962845414,58
0.12653610374143698,-1.1665821578777429,58
0.08092596898674151,-1.2659380786837042,58
0.2098533455951825,-0.9339770876904354,58
0.1064050064166499,-1.063609230178898,58
0.1678792329895832,-1.058153178930077,58
0.14717059201346544,-0.957633126358405,58
0.1287136245321388,-1.067122989710526,58
0.20985334559518323,-0.9339770876904406,58
0.10640500641664996,-1.0636092301788975,58
0.16787923298958304,-1.0581531789300767,58
0.14717059201346508,-0.9576331263584015,58
0.1287136245321388,-1.067122989710526,58
2.603191194304941,1.4220830317375535,13
2.627173191354514,1.2963989304643697,13
2.5028979071016955,1.339533741651287,13
2.4894114621623493,1.2673573895394734,13
2.5345393900447437,1.2251083124243158,13
2.5632382904860607,1.1427522165117159,13
2.539914540825606,1.316815770332132,13
2.553805121668188,1.4409800722730497,13
2.5576967937030535,1.3365639565263587,13
2.5201920563274793,1.1873519503112224,13
2.6031911942974464,1.4220830317532076,13
2.6271731913539846,1.2963989304656693,13
2.5028979070975876,1.3395337416599937,13
2.48941146267328,1.2673573882744171,13
2.534539390074129,1.225108312345219,13
2.563238290478741,1.1427522165360513,13
2.5399145408204333,1.3168157703439616,13
2.553805121621526,1.440980072366205,13
2.5576967937934496,1.336563956320088,13
2.5201920562133275,1.1873519506288213,13
0.08186809957533255,-1.7943759514851703,57
0.11247073264392896,-1.9064955278070383,57
0.05006472190561228,-1.8724253306843672,57
0.14090016782898956,-1.7970715423120331,57
0.08186809986054153,-1.7943759511896937,57
0.11247073230714853,-1.9064955281189142,57
0.050064721905092015,-1.8724253306848286,57
0.1409002025568537,-1.7970715070486558,57
3.1924466138008456,1.9469767697654305,0
3.155593948432419,1.879607419509096,0
3.151991941554949,1.892084207629801,0
3.0994242474126694,1.9188281248969954,0
3.0950152936738,1.8997918427392502,0
3.175698278210166,2.062629060734927,0
3.1861010768589066,2.027151023896399,0
3.1826288385719965,1.9698985342920634,0
3.115209009834755,2.0533281770509304,0
3.174897931663129,1.988870478758669,0
-0.028194450180005562,-2.19800984946376,57
0.09028220304675194,-1.7594840614147391,57
0.11538993802935649,-1.9547651148050287,57
0.07820671119442352,-1.8767416109177046,57
0.13577247019185815,-1.8597526396926005,57
-0.02819445426524148,-2.1980098524303404,57
0.09028220328318051,-1.7594840611991687,57
0.11538993821692524,-1.9547651146381686,57
0.07820671087442409,-1.8767416112300275,57
0.1357724703041567,-1.859752639583857,57
2.480340928078847,-1.6251562112453355,42
2.5092691031099554,-1.6574845156631008,42
2.592600450353454,-1.7012206573648057,42
2.403733842778679,-1.611318497312641,42
2.4803409280788458,-1.6251562112453342,42
2.5092691031099563,-1.6574845156631013,42
2.5926004503534554,-1.7012206573648008,42
2.403733842778678,-1.6113184973126395,42
0.6371637795699757,-4.019557448569598,46
0.672617958437456,-3.736805014940128,46
0.6455354266372504,-3.9015399134125044,46
0.8145870949775549,-3.739769543248599,46
0.7420836152536833,-4.001958856993006,46
0.540752230079776,-3.8145490621165625,46
0.6588409796706499,-3.6631255062288064,46
0.6149099089944683,-3.7350780645408985,46
0.6608095297855877,-3.6166677626891697,46
0.7099304520668998,-3.8301551970948142,46
2.66344400892031,-1.8307009255106335,42
2.4721771191938537,-1.6253189338724765,42
2.528818868989062,-1.6992418126109647,42
2.651281453643486,-1.7359316518874928,42
2.4773745374192147,-1.6745933229341776,42
2.6634440089201425,-1.8307009255109443,42
2.4721771191938537,-1.6253189338724734,42
2.5288188689890583,-1.6992418126109639,42
2.6512814536434854,-1.7359316518874908,42
2.4773745374192138,-1.6745933229341796,42
2.739172562828285,-2.033747963283146,42
2.7313953592176485,-1.9503047832826115,42
2.7181614109833605,-1.8223139070480072,42
2.930432941048982,-1.9707385624347338,42
2.752204909063617,-1.896323511639521,42
2.739172562829452,-2.033747963281311,42
2.7313953592180136,-1.9503047832819775,42
2.718161410983362,-1.8223139070480057,42
2.9304329410489856,-1.9707385624347287,42
2.752204909062946,-1.8963235116407902,42
0.6261449747674074,-3.771700367322791,46
0.7985319840577432,-3.6956091125834645,46
0.5313874264672905,-3.674440815451397,46
0.8693041551280852,-3.6530425949014966,46
0.5164881494569397,-3.7719432770620602,46
0.8056028116511239,-3.6864835234496,46
0.496292298249125,-3.8223851960702087,46
0.8518829711407451,-3.746565838282412,46
0.6037789028278987,-3.7729023578833325,46
0.9372278705013897,-3.7920991298193005,46
0.6261449746724218,-3.771700367337711,46
0.7985319859536704,-3.6956091122664203,46
0.531387426466259,-3.6744408154515606,46
0.8693041552626337,-3.6530425948743015,46
0.5164881494582694,-3.7719432770618635,46
0.8056028115489947,-3.6864835234687585,46
0.4962922982808574,-3.8223851960659365,46
0.851882379889481,-3.746565947060675,46
0.603778978123371,-3.772902346272577,46
0.9372275677514726,-3.792099189580046,46
-0.7096394529154741,-1.1586063687670498,62
-0.6764331134758702,-1.0933694781734458,62
-0.6799151446344759,-0.935783797081806,62
-0.7102301538409447,-1.0968504852092689,62
-0.7096394529154729,-1.1586063687670505,62
-0.6764331134758708,-1.093369478173444,62
-0.6799151446344763,-0.9357837970818056,62
-0.7102301538409442,-1.0968504852092684,62
2.0453122589319555,0.4529231310888151,6
2.10077349234403,0.28406663431610946,6
2.148895376113023,0.33044927958122966,6
2.1865172189309696,0.3347577986273597,6
2.1060460358984034,0.27132226785617586,6
1.9860437815883485,0.39922328055033585,6
2.1040950402036662,0.3128121907589416,6
2.067779319465691,0.2796484253310926,6
2.123144004766471,0.31906110967414236,6
2.0893094083316837,0.23063470392234492,6
-0.5754095616367055,-1.322532997006061,62
-0.7720085835398461,-1.2031487312533427,62
-0.6567087728264938,-1.0156253964647644,62
-0.6609194673190061,-0.8671219493689775,62
-0.6251083284333881,-0.9960705028214974,62
-0.5754095616367061,-1.3225329970060575,62
-0.7720085835398446,-1.2031487312533422,62
-0.6567087728264929,-1.0156253964647641,62
-0.6609194673190061,-0.8671219493689775,62
-0.6251083284333879,-0.9960705028214959,62
-0.5757414388604097,-1.3213587020378623,62
-0.725268957572375,-1.0461738511496372,62
-0.5749618829427275,-1.0079192875106076,62
-0.5845403086234382,-0.819495991700888,62
-0.6004045250014861,-1.0651264653620458,62
-0.5757414388604088,-1.3213587020378625,62
-0.7252689575723753,-1.0461738511496397,62
-0.5749618829427278,-1.0079192875106078,62
-0.5845403086234379,-0.8194959917008892,62
-0.6004045250014867,-1.0651264653620456,62
2.036435087287022,0.31713370584776457,6
2.151129531221735,0.168738141092006,6
2.0178656874535963,0.2801816733008603,6
2.1450052073405246,0.17010912191172953,6
2.039264406768977,0.20017904281384355,6
2.092338030014754,0.07591351385956062,6
2.0902230584745105,0.27589104045375334,6
2.2000129377002837,0.15894597417885697,6
2.0186474337171325,0.22607296491835985,6
2.0951545660118422,0.08299596582710558,6
2.0364350872870167,0.3171337058477641,6
2.1511295312217396,0.16873814109200608,6
2.017865687453597,0.2801816733008605,6
2.145005207340527,0.17010912191172903,6
2.0392644067689814,0.20017904281384244,6
2.0923380300147554,0.07591351385955791,6
2.090223058474512,0.2758910404537511,6
2.2000129377002855,0.15894597417885697,6
2.0186474337171365,0.22607296491835963,6
2.09515456601186,0.08299596582710542,6
-0.8007577938820793,-1.7721449778237277,61
-0.7484999846579204,-1.8004679899352676,61
-0.7682468084336949,-1.6728666728929171,61
-0.7443357416959065,-1.783090743281219,61
-0.8007577938820798,-1.7721449778237284,61
-0.7484999846579207,-1.8004679899352674,61
-0.7682468084336945,-1.6728666728929156,61
-0.7443357416959078,-1.783090743281219,61
2.72320400131006,0.7189126863039501,3
2.6996715071326354,0.599294221562228,3
2.767155723258679,0.6255509855380622,3
2.786357483439604,0.6506792069267676,3
2.656501405200716,0.5936355865526104,3
2.651383221724943,0.7317057766591543,3
2.626129423944592,0.6904432316193208,3
2.6380549291471147,0.6168271036576414,3
2.660567761365721,0.7253149952979681,3
2.554456127920318,0.6256104350405697,3
-0.792967948221318,-1.8526142500731948,61
-0.8358229269257499,-1.7901379390658203,61
-0.7516466904904308,-1.7174542492796427,61
-0.7586661439873583,-1.6170289888881006,61
-0.694278926360866,-1.6332142659076792,61
-0.7929679482213178,-1.8526142500731946,61
-0.8358229269257509,-1.7901379390658203,61
-0.751646690490431,-1.717454249279643,61
-0.7586661439873574,-1.617028988888101,61
-0.6942789263608652,-1.6332142659076783,61
-1.6210927018847665,0.43869089634486064,68
-1.67099558209358,0.5676437326352256,68
-1.4990125913977845,0.515411963160208,68
-1.655831520278383,0.5883277481339286,68
-1.6210927018849126,0.4386908963460447,68
-1.6709955820978506,0.567643732687929,68
-1.4990125913977856,0.5154119631602115,68
-1.6558315202785607,0.588327748131295,68
0.9754715255588726,1.4151760882689377,11
0.8616052514907737,1.2358302946238873,11
0.9559015959390628,1.2374822657571216,11
0.9334891498738266,1.3052224882095844,11
0.8857230457717901,1.1672423781826704,11
0.9389140595864268,1.5093059351940081,11
0.8929263908059833,1.3940702442145638,11
0.9188346742821939,1.3571982460297252,11
0.8563127949934214,1.457606916133928,11
0.8450137114399175,1.2299659466375366,11
-1.3597805650413424,-0.19288341710540077,68
-1.6062150196695162,0.33408920032881395,68
-1.648628665676221,0.5646841175536202,68
-1.3981678928846428,0.4730413857725769,68
-1.465718266684065,0.44188578241289594,68
-1.359780568968274,-0.19288340479482735,68
-1.6062150196573066,0.33408920028264055,68
-1.6486286656765001,0.56468411751504,68
-1.3981678928846415,0.47304138577256966,68
-1.4657182666840172,0.4418857824122755,68
-1.2154742360347117,0.009900234555923674,68
-1.381525244532947,0.21446986017555073,68
-1.469651490568637,0.36509817477158757,68
-1.264650316153533,0.38999165701180605,68
-1.3602589553621536,0.2847573271478901,68
-1.2154742360347666,0.009900234556024403,68
-1.3815252445329023,0.21446986017544353,68
-1.4696514906298954,0.3650981749499023,68
-1.2646503161529796,0.38999165701049376,68
-1.3602589555207711,0.28475732760397715,68
0.9707451085140997,1.3224371202250063,11
1.1099823658186965,1.1805587926539884,11
0.8936532248103808,1.3441067307457113,11
1.0546752954351222,1.2720454855110643,11
0.9870258440802621,1.169180073497249,11
1.0497081841581577,1.021469611199823,11
0.9249923707441854,1.3111283025602696,11
1.013315738215919,1.3240186199557966,11
0.9786258316213078,1.3077593913139347,11
0.9976587154992431,1.052972690951118,11
0.9707451085141058,1.3224371202250014,11
1.1099823658175587,1.180558792654538,11
0.8936532248103591,1.3441067307457168,11
1.0546752954185499,1.2720454855193737,11
0.9870258440801429,1.1691800734973066,11
1.049708184157012,1.0214696112002422,11
0.924992370744199,1.3111283025602614,11
1.0133157382163016,1.3240186199556336,11
0.9786258316213171,1.307759391313926,11
0.9976587154989662,1.0529726909512434,11
-1.1780374673777785,-0.8246313308317282,67
-1.1903195573187844,-0.7289823527693668,67
-1.1778152579703263,-0.4715952909046238,67
-1.2075840240757971,-0.8351829214441019,67
-1.1780374673818972,-0.824631330813318,67
-1.1903195573585363,-0.7289823526146002,67
-1.1778152579701981,-0.47159529090552627,67
-1.2075840238790048,-0.8351829222166729,67
2.0491454775540108,2.233848218105174,1
1.9521075362047575,2.1545191144014226,1
2.0160720366836866,2.180971053008123,1
1.993459371277805,2.1809247735312844,1
1.9270992813331427,2.099157759087244,1
2.023330577843247,2.3037308200164546,1
1.9195397007287596,2.2854998244818736,1
1.9881108166344705,2.2390888808777913,1
1.8934176410359587,2.3441217218517125,1
1.8960409256463069,2.213315463612339,1
-1.087581864485412,-1.1770902555961762,67
-1.2640640736683766,-0.9454129394868598,67
-1.1858636950217254,-0.785621833087465,67
-1.2390152514038775,-0.3887904228856238,67
-1.1759809953814684,-0.7806049156935376,67
-1.0875818682696432,-1.177090247720339,67
-1.2640640737335198,-0.9454129392625356,67
-1.1858636927794683,-0.7856218418313228,67
-1.239015251403862,-0.38879042288696863,67
-1.1759809958450744,-0.7806049137505029,67
-0.34785026385654527,-0.9863246634635952,64
-0.31916521231673,-0.9572975297835843,64
-0.3547409859012033,-0.8378131477992132,64
-0.317838023053621,-0.9086988119321108,64
-0.34785026385654527,-0.9863246634635955,64
-0.31916521231672984,-0.9572975297835846,64
-0.35474098590120295,-0.8378131477992132,64
-0.31783802305362113,-0.9086988119321101,64
2.177843587373912,1.129246905145967,7
2.220511039603245,0.9758752317138065,7
2.2211893023906666,0.9937666466863914,7
2.234647614894013,1.012138632845536,7
2.157600162944222,0.9412558884385539,7
2.152012843720366,1.1267170386062664,7
2.242699993193995,1.0705869351682458,7
2.221327427830413,0.9661596276811621,7
2.2429964040871657,1.07235347416178,7
2.1616692211317137,0.9386977753722778,7
-0.21034911595044498,-1.074674683090545,64
-0.4055501814775849,-1.0036311849773436,64
-0.35093501356049456,-0.9164054611642276,64
-0.3492070288102128,-0.7818697674691577,64
-0.3044440888779629,-0.8662501613602182,64
-0.21034911595044498,-1.0746746830905454,64
-0.4055501814775849,-1.0036311849773434,64
-0.3509350135604949,-0.9164054611642274,64
-0.3492070288102128,-0.7818697674691574,64
-0.30444408887796276,-0.8662501613602183,64
-0.21086004140847356,-0.9145725124154571,64
-0.40387368314753597,-0.8042960597849595,64
-0.27157612766213635,-0.7626424597264463,64
-0.29597199353653,-0.6372699957749726,64
-0.2786870532662087,-0.7964891323056175,64
-0.21086004140847375,-0.9145725124154571,64
-0.40387368314753574,-0.8042960597849587,64
-0.27157612766213635,-0.7626424597264463,64
-0.29597199353652986,-0.637269995774973,64
-0.27868705326620885,-0.7964891323056166,64
2.197482736063625,0.9509120950001994,7
2.3427106369939557,0.8318522634986396,7
2.192520460800675,0.9667556841594359,7
2.2430145707325266,0.814051200268708,7
2.2638803918362647,0.8528620557898604,7
2.233400702053938,0.7066627241984085,7
2.308927843164526,0.986256731979843,7
2.37306397150874,0.9292621258055119,7
2.140870252786497,0.8901587676311766,7
2.2436667871264424,0.7239114480808453,7
2.1974827360636247,0.950912095000197,7
2.3427106369939583,0.8318522634986386,7
2.1925204608006714,0.966755684159443,7
2.243014570732525,0.8140512002687091,7
2.2638803918362647,0.852862055789859,7
2.2334007020539386,0.7066627241984099,7
2.3089278431645273,0.9862567319798415,7
2.373063971508741,0.9292621258055129,7
2.1408702527864962,0.890158767631178,7
2.2436667871264424,0.7239114480808462,7
-0.5924879148285164,-1.8950576716341299,63
-0.5711127864671084,-1.8986842357079234,63
-0.5671939176883888,-1.7334182316019906,63
-0.5418181336098409,-1.8675526236612165,63
-0.5924879148285164,-1.8950576716341294,63
-0.5711127864671081,-1.8986842357079217,63
-0.5671939176883884,-1.7334182316019893,63
-0.5418181336098409,-1.8675526236612148,63
2.967838609842017,1.5503191455067222,4
2.9349579626641424,1.3927658917163708,4
2.9606098688778477,1.406524728069138,4
2.9667249375647224,1.4205816607115596,4
2.895846235691433,1.3632571658747368,4
2.9294417854638883,1.5837777194545888,4
2.8762247560860756,1.5357505402850695,4
2.8792606900852387,1.4718280928748875,4
2.9058829320688684,1.5557397999210996,4
2.7966254062103832,1.4236909970666192,4
-0.5045910651894893,-2.178683853004102,63
-0.6347778669402215,-1.9189895517465179,63
-0.5423644084722232,-1.8160721150168173,63
-0.5271013973647628,-1.6917159446096572,63
-0.4920140066216538,-1.73281014835907,63
-0.5045910651894884,-2.1786838530041006,63
-0.6347778669402215,-1.9189895517465179,63
-0.5423644084722234,-1.8160721150168202,63
-0.5271013973647634,-1.6917159446096603,63
-0.4920140066216541,-1.73281014835907,63
-0.694689099096296,-0.4479229263051317,66
-0.7083768396939887,-0.41091850081929304,66
-0.6917812730003629,-0.31785430822628413,66
-0.7250282763199406,-0.3266509262221702,66
-0.694689099096296,-0.4479229263051321,66
-0.7083768396939574,-0.4109185008194319,66
-0.6917812730003629,-0.3178543082262841,66
-0.7250282763199406,-0.32665092622217123,66
1.4638933972525607,1.6853447804844277,14
1.34474761133059,1.5269407626179814,14
1.3845576058205324,1.5046077216434859,14
1.3441721503355284,1.5509331902621453,14
1.3345055613932955,1.4794400294302235,14
1.474260874270673,1.722345732788142,14
1.4314680659667351,1.675230606589769,14
1.400693046695717,1.5652240780333975,14
1.3438743027022755,1.6388107234200833,14
1.3484975974331954,1.548225523942903,14
-0.5983053736757132,-0.7251003684440471,66
-0.7025143773679308,-0.48373283488039126,66
-0.7095627164563579,-0.4513520928483707,66
-0.6656860160170184,-0.31426729266855385,66
-0.6702189526418874,-0.3686519120962679,66
-0.5983053736757143,-0.7251003684440447,66
-0.7025143773679315,-0.4837328348803909,66
-0.709562716456329,-0.4513520928485216,66
-0.6656860160170182,-0.3142672926685537,66
-0.6702189526418862,-0.3686519120962685,66
-0.631681423586728,-0.4307326500109298,66
-0.7887098944173818,-0.2398687239689591,66
-0.732908119868374,-0.2623555966986314,66
-0.677876990128968,-0.12821689740657108,66
-0.6949674674877792,-0.3180015988341544,66
-0.6316814235867277,-0.43073265001092936,66
-0.7887098944173816,-0.239868723968959,66
-0.7329081198683719,-0.26235559669863545,66
-0.6778769901289681,-0.1282168974065712,66
-0.6949674674877797,-0.3180015988341543,66
1.5454077363726837,1.6471200188326536,14
1.619909765517489,1.515189833586271,14
1.4432851433362635,1.6468803760604633,14
1.498999166136384,1.5133523802374782,14
1.4898011246252798,1.5222507020490128,14
1.514615969109408,1.356125236184748,14
1.5044823714515925,1.6358373194511973,14
1.5364078861935062,1.601999035574671,14
1.4555931538178553,1.577853210955969,14
1.423851648879772,1.3419035501484189,14
1.5454077363726857,1.6471200188326507,14
1.619909765517491,1.515189833586272,14
1.4432851433362637,1.646880376060464,14
1.4989991661363855,1.513352380237479,14
1.4898011246252798,1.522250702049012,14
1.514615969109406,1.356125236184746,14
1.5044823714515927,1.635837319451195,14
1.5364078861935078,1.6019990355746683,14
1.4555931538178544,1.5778532109559702,14
1.423851648879769,1.3419035501484193,14
-0.8944727041539622,-1.110651543257097,65
-0.9173554476701774,-1.2360177258879286,65
-0.897167944427404,-0.937706434340078,65
-0.9092707228274219,-1.1923575448764356,65
-0.8944727041545816,-1.1106515432415205,65
-0.9173554482583418,-1.2360177229234919,65
-0.8971679444275269,-0.9377064343409245,65
-0.9092707228058688,-1.192357545013493,65
2.2959277424332822,2.4203949401183156,0
2.2013246702032623,2.306126546636816,0
2.2413041333160515,2.292654755905546,0
2.215090374262988,2.3196647204053495,0
2.192473710809186,2.2505176113730263,0
2.335500925792694,2.4388633482071924,0
2.264691719450881,2.4191647305833115,0
2.273398712437854,2.36701570096938,0
2.223260293087758,2.437205244861347,0
2.2239867897986616,2.33324455407331,0
-0.8126893705606056,-1.8229988625982416,65
-0.9080412085759916,-1.14945090620983,65
-0.9002214504310164,-1.1801875347923652,65
-0.882672816871106,-0.9020593885639279,65
-0.8636440615752062,-1.0501270792529245,65
-0.8126893705760524,-1.8229988625577729,65
-0.9080412085762734,-1.1494509062073885,65
-0.9002214501305176,-1.1801875370006394,65
-0.8826728168713389,-0.9020593885651161,65
-0.8636440615723151,-1.0501270791876924,65
1.8302715281354343,-1.6404958755502521,43
1.9683293149455856,-1.558516942485944,43
1.9806521518697555,-1.6684649063734196,43
1.826500680515186,-1.521564335543385,43
1.8302715281354343,-1.6404958755502506,43
1.968329314945584,-1.5585169424859444,43
1.9806521518697544,-1.6684649063734218,43
1.8265006805151867,-1.5215643355433848,43
1.4604936256654142,-3.114090552244861,51
1.674470960983331,-2.744397109239731,51
1.4916210707154909,-2.9072753686226607,51
1.7167050895385767,-2.8266352262761,51
1.5547558589155686,-3.117408580520657,51
1.6292039450114795,-2.8199053791929245,51
1.6506694067935543,-2.6927558303449524,51
1.6864070825346427,-2.693824122882247,51
1.7240651975264534,-2.649683290093208,51
1.6046366824649345,-2.9518802093884755,51
1.8762211709961423,-1.5528149243619127,43
1.8064084826191784,-1.5407502616419286,43
1.8562342056231407,-1.5081296084885771,43
1.9527059816989558,-1.6211963687293667,43
1.7873212258353564,-1.5557420831433266,43
1.876221170996142,-1.552814924361913,43
1.8064084826191795,-1.5407502616419289,43
1.8562342056231402,-1.5081296084885776,43
1.9527059816989563,-1.6211963687293665,43
1.7873212258353555,-1.5557420831433262,43
2.0405968695821093,-1.7373791243373797,43
1.845784943045298,-1.7469660684212822,43
1.898048617512396,-1.5989879610297821,43
2.064935221242579,-1.751287441797729,43
1.9593609933737903,-1.6683616779174069,43
2.040596869582108,-1.7373791243373788,43
1.845784943045299,-1.7469660684212813,43
1.8980486175123943,-1.5989879610297835,43
2.064935221242578,-1.7512874417977282,43
1.9593609933737912,-1.6683616779174044,43
1.59134322233696,-2.9186804848857735,51
1.6417696184742772,-2.98437671548365,51
1.5385622439569244,-2.8110551809769215,51
1.7370649932971514,-2.839886743011503,51
1.5534976158190574,-2.7658498482116474,51
1.7472755936034663,-2.8177389460873044,51
1.4768924149840388,-2.8376726913512553,51
1.7625146956498507,-2.8559289077996213,51
1.6465739646904576,-2.812082645946582,51
1.855639756779182,-2.877543646881234,51
1.5913432217910988,-2.918680485180085,51
1.6418389100607573,-2.9843395032340654,51
1.5385622394147553,-2.8110551834962423,51
1.737050793673372,-2.839895441302627,51
1.5534976151230084,-2.7658498486142467,51
1.7472755953670132,-2.81773894497372,51
1.4768924155250702,-2.8376726910739145,51
1.7625320603175252,-2.8559181255876753,51
1.6465739647741096,-2.8120826458968007,51
1.8556397574485366,-2.8775436464639927,51
-0.8182258071151436,-1.1770766936147286,62
-0.7287596960535825,-1.0762021621628335,62
-0.7871318967589526,-0.9839480072534839,62
-0.7607226657292518,-1.0950238144706272,62
-0.818225807115143,-1.177076693614729,62
-0.7287596960535836,-1.0762021621628337,62
-0.7871318967589528,-0.9839480072534857,62
-0.7607226657292522,-1.0950238144706277,62
1.7040514281688732,0.3516792478406412,6
1.7721335133906178,0.17815758014259528,6
1.7928181120999613,0.21124251303092123,6
1.8357536300335524,0.218775462175891,6
1.807410722783643,0.16593612808641664,6
1.630513499523653,0.33948789029505266,6
1.718333049887818,0.2434770882418423,6
1.690684438771897,0.2253085890439039,6
1.729550763107742,0.25983133326679947,6
1.7477017163182311,0.14419288570002237,6
-0.6383739575842698,-1.2731326986652751,62
-0.8171593359093542,-1.3040253011624718,62
-0.746686305577508,-1.0166731777068958,62
-0.7660069073196051,-0.94940276564912,62
-0.6919323477865698,-1.051808447752165,62
-0.6383739575842702,-1.273132698665275,62
-0.8171593359093539,-1.304025301162471,62
-0.7466863055775088,-1.0166731777068962,62
-0.7660069073196053,-0.9494027656491211,62
-0.6919323477865696,-1.051808447752167,62
-0.6401141693136886,-1.4390997255784455,62
-0.8297569138272858,-1.0952377758891645,62
-0.7098481307778872,-1.0007789228908717,62
-0.7192011771524464,-0.8987191333106164,62
-0.7033393322357961,-1.0920131716741566,62
-0.6401141693136875,-1.4390997255784415,62
-0.829756913827289,-1.0952377758891663,62
-0.7098481307778863,-1.0007789228908703,62
-0.7192011771524457,-0.8987191333106164,62
-0.7033393322357956,-1.0920131716741552,62
1.695857410259647,0.259816548719447,6
1.817763833731871,0.1355536128107465,6
1.7182896215592944,0.19656947594877142,6
1.7987564286900022,0.07530103968963696,6
1.7173599677637013,0.10323080551713805,6
1.7392560670048656,0.00684988423132707,6
1.7471382411596168,0.19196265674491736,6
1.8527319720619881,0.1469196047521411,6
1.7098204883386723,0.14021826813293076,6
1.754385230281798,0.006473280240790053,6
1.6958574102596458,0.25981654871944704,6
1.8177638337318682,0.13555361281074732,6
1.718289621559295,0.19656947594877175,6
1.7987564286900009,0.07530103968963729,6
1.7173599677637035,0.10323080551713784,6
1.7392560670048665,0.006849884231327095,6
1.7471382411596166,0.19196265674491714,6
1.852731972061988,0.14691960475214041,6
1.7098204883386732,0.14021826813293078,6
1.7543852302817973,0.006473280240790127,6
-0.8795559382857125,-1.691993317696634,61
-0.821101535005161,-1.6776488134159422,61
-0.8980040022445361,-1.581938238261526,61
-0.8089465613123878,-1.66665382408134,61
-0.8795559382857123,-1.691993317696633,61
-0.8211015350051598,-1.6776488134159453,61
-0.8980040022445376,-1.581938238261526,61
-0.8089465613123871,-1.666653824081338,61
2.4612754375399892,0.5126745642886282,3
2.341297019770746,0.3972904901019134,3
2.4379098393955196,0.40897532759609756,3
2.4224864205720436,0.43787991492296513,3
2.331969377707897,0.38565157848202325,3
2.3350134332391392,0.5457641538267451,3
2.244345607196871,0.5030074107037744,3
2.2885771202476284,0.4354101827450535,3
2.2649295497223245,0.5283068335750819,3
2.1589966562302965,0.44214868974935045,3
-0.7979403635740644,-1.6750005822514515,61
-0.897538903498279,-1.722727565731255,61
-0.8588054304859636,-1.6105553712467677,61
-0.9175346616586574,-1.5285142987599132,61
-0.800358378949594,-1.5704140082868299,61
-0.7979403635740642,-1.6750005822514495,61
-0.8975389034982793,-1.7227275657312553,61
-0.8588054304859642,-1.6105553712467673,61
-0.9175346616586574,-1.528514298759915,61
-0.8003583789495939,-1.5704140082868292,61
-1.775348691030159,0.29639066255452123,68
-1.7744854575106155,0.4034709261869947,68
-1.7430639401713093,0.3859658825808206,68
-1.7774247721698067,0.3568680911429236,68
-1.7753486910301504,0.2963906625544884,68
-1.7744854575105995,0.40347092618692426,68
-1.743063940171308,0.3859658825808077,68
-1.777424772169482,0.3568680911409928,68
0.597137824754035,1.255722649900513,11
0.48403196432407875,1.1195704567125682,11
0.5651404210347287,1.131752042993283,11
0.5370596702508232,1.1624262022716954,11
0.5254121952055755,1.0629914133579415,11
0.5496787968758642,1.3635355780624636,11
0.5217897780478268,1.240267176549078,11
0.5319366164649748,1.2199067977285984,11
0.48239896656653,1.2931022472638773,11
0.5191619789907725,1.1030180982937523,11
-1.3631080105523503,-0.275736855674535,68
-1.7119606815409303,0.1225508221613382,68
-1.7156380782630507,0.3602594068661002,68
-1.5653899567274028,0.2619879176606473,68
-1.5686457805905416,0.20809800271288556,68
-1.3631080105787838,-0.27573685555951766,68
-1.7119606815947328,0.1225508224029964,68
-1.7156380782632379,0.3602594068667703,68
-1.565389956727386,0.2619879176605964,68
-1.5686457805904939,0.2080980027127338,68
-1.3842611069919253,-0.02283207024615566,68
-1.6225680595960437,0.1477786023348701,68
-1.5802662324898542,0.3200093853514785,68
-1.4522035136431506,0.1944531217936981,68
-1.4655462529829923,0.10689911857287286,68
-1.3842611069918977,-0.022832070246247175,68
-1.6225680595960295,0.14777860233475598,68
-1.580266232489885,0.32000938535160217,68
-1.4522035136431501,0.194453121793698,68
-1.4655462529829932,0.10689911857287347,68
0.6366179136325603,1.2096376916920024,11
0.695706522326084,1.0673264673691334,11
0.5929961542810749,1.2398137699133631,11
0.5546742827117417,1.1390213213459068,11
0.5577263792164938,1.0529565469067028,11
0.6077469249201173,0.9477328168779556,11
0.5435965104061001,1.1844189925214674,11
0.577252422865204,1.1646544836552637,11
0.5873062867768998,1.1522364431199137,11
0.5572406563165401,0.9548029967288623,11
0.6366179136325593,1.209637691692003,11
0.6957065223260808,1.0673264673691367,11
0.5929961542810742,1.2398137699133636,11
0.5546742827221636,1.1390213213430471,11
0.55772637921649,1.0529565469067048,11
0.6077469249202292,0.9477328168779202,11
0.5435965104060992,1.1844189925214705,11
0.5772524228653051,1.1646544836552342,11
0.587306286776917,1.1522364431199086,11
0.5572406563165452,0.9548029967288622,11
-1.372268489906513,-0.657405741565131,67
-1.3754113155040761,-0.5695961999641391,67
-1.396231060748509,-0.5122080213825781,67
-1.4039518036131466,-0.5959165623003623,67
-1.3722684899064717,-0.6574057415653074,67
-1.3754113155040248,-0.5695961999644231,67
-1.3962310607485013,-0.5122080213826367,67
-1.4039518036129994,-0.5959165623011778,67
1.7901381594082566,2.0968070725841903,1
1.7012050981276488,2.0110189630294726,1
1.7674945479812187,2.039400192271092,1
1.7333137824930656,2.018945921076456,1
1.6759350592702913,1.9074779054337114,1
1.7412320536037091,2.169942863798852,1
1.6916523267209351,2.102721969335215,1
1.7470873920862613,2.088497035997758,1
1.6690610394347891,2.1620240777300768,1
1.642976807388974,2.0314022351607512,1
-1.2325080896246918,-0.8416589368223772,67
-1.397513041880058,-0.8973398581262055,67
-1.4032842306739461,-0.5163054423823038,67
-1.409677175278694,-0.436908153678597,67
-1.3499361156316954,-0.5475099076854103,67
-1.2325080896254028,-0.8416589368200774,67
-1.3975130417900632,-0.8973398583912408,67
-1.4032842306740336,-0.516305442381663,67
-1.4096771752786983,-0.43690815367857655,67
-1.349936115631657,-0.5475099076856172,67
-0.5606149936878047,-0.9913080505966356,64
-0.5053372617442271,-0.9377298831680805,64
-0.569214814600691,-0.9104992529695889,64
-0.49583151798779096,-0.9452072612311605,64
-0.5606149936878047,-0.9913080505966355,64
-0.5053372617442267,-0.9377298831680803,64
-0.5692148146006905,-0.9104992529695889,64
-0.49583151798779107,-0.94520726123116,64
1.9131790560542201,0.9561630394279126,7
1.892560185687554,0.8176304539043935,7
1.9168534333400356,0.8316384601820062,7
1.9496430462565555,0.8458881883168055,7
1.8962210564926325,0.7691760340731181,7
1.910890174009145,0.9921224949919314,7
1.9069841156109741,0.9069926926099107,7
1.8934113730345332,0.8341106800801273,7
1.9068769864006767,0.9198885938100225,7
1.8475922747023454,0.772293650223619,7
-0.38748401343904326,-1.0037013972117268,64
-0.5851299440910775,-1.0879228158053793,64
-0.5135852404423839,-0.8924730094363695,64
-0.5620277457089917,-0.8038805461206763,64
-0.464937838669846,-0.8658100128232248,64
-0.387484013439043,-1.0037013972117266,64
-0.5851299440910763,-1.0879228158053789,64
-0.5135852404423842,-0.89247300943637,64
-0.5620277457089917,-0.8038805461206764,64
-0.464937838669846,-0.8658100128232247,64
-0.38350314843667616,-0.8892994260573415,64
-0.5915952735609832,-0.8759195252129021,64
-0.44927010371106696,-0.7804223792200833,64
-0.5185824049326476,-0.7062682356978263,64
-0.45979518057687374,-0.8382674778272151,64
-0.3835031484366758,-0.8892994260573424,64
-0.5915952735609824,-0.8759195252129025,64
-0.44927010371106685,-0.7804223792200824,64
-0.5185824049326475,-0.7062682356978253,64
-0.45979518057687346,-0.838267477827214,64
1.9314753383338479,0.8266227915523695,7
2.0326279581288533,0.6808200235091085,7
1.8795842497241386,0.8146752060983585,7
1.9323596716916294,0.6586694378428353,7
1.8965635686779858,0.7216991564473136,7
1.9050072306886596,0.562705586431439,7
1.9428318613999065,0.8498692627805144,7
1.9888233913646984,0.8015806394824435,7
1.8839185235883114,0.7491000783943845,7
1.9171582169633452,0.5684789494235467,7
1.9314753383338468,0.8266227915523703,7
2.0326279581288533,0.6808200235091093,7
1.8795842497241415,0.8146752060983592,7
1.932359671691631,0.6586694378428352,7
1.896563568677986,0.7216991564473136,7
1.9050072306886576,0.562705586431438,7
1.9428318613999114,0.8498692627805139,7
1.9888233913646973,0.8015806394824441,7
1.8839185235883105,0.7491000783943847,7
1.9171582169633437,0.5684789494235468,7
-0.68999527168023,-1.7374895385857327,63
-0.6500946369919358,-1.7181171358684655,63
-0.7002241868383228,-1.6998473389675683,63
-0.6326763765567524,-1.6893474923305845,63
-0.6899952716802285,-1.737489538585734,63
-0.6500946369919366,-1.7181171358684673,63
-0.7002241868383228,-1.6998473389675677,63
-0.6326763765567519,-1.6893474923305851,63
2.712817549180251,1.4292179133988285,4
2.6483047557889425,1.1946317514909401,4
2.711661346296445,1.214624023114896,4
2.7076130905108715,1.2173389299717294,4
2.6661521842344538,1.1450669465758987,4
2.6793018844411014,1.4353029018765875,4
2.606229567059439,1.3344745930007713,4
2.6142696854841807,1.2519316813164694,4
2.611267918772327,1.3251169349631806,4
2.5394584927652546,1.2008153130552983,4
-0.5797503167830449,-1.9008256534313763,63
-0.7159308321370985,-1.7653036979502443,63
-0.6570670694444343,-1.6528793196296654,63
-0.6973190510816991,-1.6659643540410691,63
-0.6158488025947756,-1.5905743184117018,63
-0.579750316783045,-1.900825653431374,63
-0.7159308321370982,-1.765303697950242,63
-0.6570670694444347,-1.6528793196296674,63
-0.6973190510816991,-1.6659643540410687,63
-0.6158488025947746,-1.5905743184117023,63
-0.9196545446423082,-0.4902595881198579,66
-0.8971617232702152,-0.361852417715148,66
-0.9209639573349224,-0.33920405799617365,66
-0.925721333264292,-0.343782253246298,66
-0.9196545446423073,-0.4902595881198584,66
-0.8971617232702147,-0.36185241771514787,66
-0.9209639573349215,-0.33920405799617415,66
-0.9257213332642917,-0.3437822532462975,66
1.039705623667593,1.4857456782579466,14
0.8813188901472908,1.312169750390544,14
0.9380233058420666,1.2982363286433938,14
0.9223564153453196,1.3408361508753213,14
0.8884354981316056,1.2935466732501024,14
1.0383110593511393,1.539558082880383,14
0.9909100506105285,1.4315794301089646,14
0.9497113895125342,1.3563518760762177,14
0.9407696118545945,1.4253263053099194,14
0.8879000943636539,1.301515836553067,14
-0.7778773587015589,-0.7054794259381023,66
-0.9137050616579605,-0.48097160326881644,66
-0.9248103381971121,-0.3241733911857369,66
-0.8977074828972316,-0.2587739180458297,66
-0.8487904842536605,-0.31764715032173974,66
-0.7778773587015588,-0.7054794259381026,66
-0.9137050616579602,-0.48097160326881727,66
-0.9248103381971113,-0.3241733911857365,66
-0.8977074828972316,-0.2587739180458298,66
-0.8487904842536603,-0.31764715032173946,66
-0.8113009162339918,-0.4073106723287172,66
-1.0507773534360647,-0.32357488648599986,66
-0.9008082463728524,-0.23542731411668538,66
-0.9304255370514328,-0.19487096961997508,66
-0.8409034639326457,-0.3254483095039714,66
-0.8113009162339918,-0.40731067232871665,66
-1.0507773534360647,-0.323574886486,66
-0.9008082463728522,-0.2354273141166858,66
-0.9304255370514336,-0.19487096961997516,66
-0.8409034639326469,-0.325448309503971,66
1.144105862509468,1.4183764383698303,14
1.233497224236532,1.283432528291335,14
1.0827547020771808,1.4007319178352602,14
1.0311759833922356,1.2483826161684577,14
1.038692248516972,1.25160345634252,14
1.0869550073255374,1.1185121569459413,14
1.0399385278263673,1.4149547036596604,14
1.1241836471943014,1.3826074516316127,14
1.0245606166422057,1.3116320381142785,14
1.0058263083531087,1.112038956324699,14
1.144105862509469,1.4183764383698338,14
1.233497224236533,1.2834325282913355,14
1.0827547020771793,1.4007319178352593,14
1.0311759833922332,1.2483826161684568,14
1.0386922485169727,1.2516034563425196,14
1.0869550073255372,1.118512156945941,14
1.039938527826367,1.4149547036596624,14
1.1241836471943005,1.3826074516316116,14
1.0245606166422074,1.31163203811428,14
1.005826308353109,1.1120389563246984,14
-1.0408987622300465,-0.9832423230608355,65
-1.054445257457161,-0.9913923149040772,65
-1.0859164455883508,-0.9505007308375886,65
-1.0376603395904969,-1.003193489852243,65
-1.0408987622300454,-0.9832423230608335,65
-1.0544452574571619,-0.9913923149040553,65
-1.0859164455883514,-0.9505007308375886,65
-1.0376603395904993,-1.003193489852242,65
1.9688264577540089,2.2806279853613574,0
1.8687407555777489,2.135435540805915,0
1.8965567420292817,2.1245833684569324,0
1.8840478229764124,2.148346805114951,0
1.8720205252012656,2.0478387927434683,0
1.9598405099153138,2.322215051134167,0
1.9191490095260186,2.2603851406470232,0
1.9189326985890103,2.222796484160109,0
1.8834053589172828,2.2599357869677634,0
1.894183743144203,2.1410071115827303,0
-1.0167737983639442,-1.4547781861317275,65
-1.0496345846286534,-1.060041017822295,65
-1.0228434915348716,-0.936033582147765,65
-1.035118426690013,-0.8570826590470453,65
-0.9811653298710699,-0.8783715752465506,65
-1.01677379837077,-1.4547781861126439,65
-1.0496345846286521,-1.0600410178222957,65
-1.0228434915348716,-0.936033582147762,65
-1.0351184266900133,-0.8570826590470451,65
-0.9811653298710707,-0.87837157524655,65
1.9750762948821003,-1.6543850063410959,43
2.0731444300111086,-1.5206925214908542,43
2.10743591874564,-1.6347819542579367,43
1.9734710841926622,-1.5111039840750107,43
1.975076294882101,-1.6543850063410972,43
2.07314443001111,-1.5206925214908544,43
2.107435918745641,-1.6347819542579367,43
1.9734710841926648,-1.511103984075009,43
1.4013320929633875,-2.953672050669901,51
1.5592041530691714,-2.520955997170484,51
1.475782210964223,-2.7206089236759654,51
1.6660137738067196,-2.666695223023386,51
1.5540415260532123,-2.9902002089659714,51
1.5510918783215253,-2.599440487745753,51
1.6133012323415923,-2.399458425477551,51
1.6835439425757486,-2.392752408039405,51
1.6736765660808037,-2.412860926050773,51
1.6614718267434216,-2.6558342995526916,51
2.0823034358504984,-1.5937476859298192,43
1.9045858688730144,-1.572511184748026,43
2.0315916030492533,-1.5113663025512618,43
2.115372391484124,-1.648484201309386,43
1.974011393753951,-1.5934753215721098,43
2.082303435850498,-1.593747685929821,43
1.9045858688730142,-1.5725111847480264,43
2.0315916030492547,-1.511366302551262,43
2.115372391484126,-1.6484842013093859,43
1.9740113937539525,-1.59347532157211,43
2.268779648650778,-1.6912404590279462,43
2.067367860127751,-1.6781906062630947,43
2.13858564834806,-1.5406500940425663,43
2.2992303848499915,-1.6821769268228874,43
2.1723955933133725,-1.610150306832363,43
2.2687796486507783,-1.6912404590279457,43
2.0673678601277508,-1.678190606263096,43
2.1385856483480596,-1.5406500940425674,43
2.2992303848499946,-1.6821769268228883,43
2.1723955933133725,-1.6101503068323653,43
1.5164161763609412,-2.761022581110894,51
1.6072138283906172,-2.8209866161275747,51
1.4317141893532963,-2.6609163504154107,51
1.7519891451797727,-2.6003113300038883,51
1.4799287321510572,-2.521231851038212,51
1.7351169147048764,-2.521526772576377,51
1.4032699804268227,-2.6570495696562024,51
1.8071558279013584,-2.6584531667946867,51
1.599404406713715,-2.649450105969933,51
1.8260750889536732,-2.6608575566320476,51
1.5164161764827424,-2.7610225810402227,51
1.6072138250307255,-2.8209866180837504,51
1.4317141894530643,-2.6609163503551847,51
1.7519891451693506,-2.600311330012124,51
1.4799287322074908,-2.521231850997659,51
1.7351169147286458,-2.5215267725566166,51
1.4032699804100437,-2.6570495696661713,51
1.8071558279207989,-2.6584531667798497,51
1.599404406657038,-2.649450106007266,51
1.826075088961106,-2.6608575566263806,51
-1.3469120667199934,-0.7967881696426452,62
-1.3166117329625857,-0.7694517155294284,62
-1.3789646260683763,-0.7340143664466597,62
-1.3423732007587128,-0.7309398038608629,62
-1.3469120666909085,-0.7967881697157005,62
-1.3166117329616593,-0.7694517155321386,62
-1.3789646260004491,-0.7340143666170726,62
-1.3423732007588591,-0.7309398038604917,62
1.3865897995493783,0.3778112037215597,5
1.350040446367857,0.2559645584649896,5
1.4231945568789999,0.2995932690938494,5
1.3670887082758452,0.31969604380805106,5
1.4230716682800182,0.2866137024601021,5
1.3825218382665494,0.3874597348806494,5
1.2580709332409494,0.3939501313338646,5
1.3080753885256027,0.3200888143689972,5
1.2866977461491287,0.41202879817242694,5
1.349446368667969,0.31911786555440375,5
-1.1399242826362392,-0.8575312958604739,62
-1.290870341631496,-1.0140975200925113,62
-1.2887474311239184,-0.8523361108575198,62
-1.3302872224306772,-0.6822828154150028,62
-1.2125735036858154,-0.8388387091314078,62
-1.1399242826362295,-0.8575312958605171,62
-1.2908703416365221,-1.0140975200795013,62
-1.2887474311275668,-0.852336110848476,62
-1.3302872224165891,-0.6822828154560145,62
-1.2125735036864502,-0.8388387091298678,62
-1.108231382302549,-0.8547665261146048,62
-1.3666823253751161,-0.6570593091474214,62
-1.1968598719802395,-0.7053403018634071,62
-1.2491358014357083,-0.6860746186334711,62
-1.1908272607963533,-0.8291387355473686,62
-1.1082313823025667,-0.8547665261145578,62
-1.366682325357604,-0.6570593091954546,62
-1.1968598719802277,-0.7053403018634308,62
-1.249135801436802,-0.6860746186294937,62
-1.1908272607963424,-0.8291387355475527,62
1.272519331287055,0.41356765429075154,5
1.329486516566885,0.35468015534484576,5
1.311163485305425,0.3589084987295961,5
1.111373388111403,0.30990953718549835,5
1.3440770350457947,0.31781362071192293,5
1.2536964829756523,0.21665256596793367,5
1.402314842569814,0.38394801087271413,5
1.3991626505695376,0.42874395443498314,5
1.2585867706796319,0.33809175172789757,5
1.1940158123795295,0.2802512133755602,5
1.272519331287054,0.41356765429075204,5
1.3294865165668854,0.35468015534484465,5
1.311163485305425,0.3589084987295962,5
1.1113733881113907,0.3099095371855057,5
1.344077035045796,0.31781362071192293,5
1.2536964829756514,0.2166525659679336,5
1.4023148425698146,0.3839480108727144,5
1.3991626505695385,0.4287439544349828,5
1.2585867706796314,0.3380917517278976,5
1.1940158123795297,0.28025121337556036,5
-1.3066489615653643,-1.4019526168172887,61
-1.2514299517615375,-1.3603248827354892,61
-1.3063984139484162,-1.359911902779551,61
-1.2344654256117336,-1.400215700512865,61
-1.3066489615653294,-1.401952616817348,61
-1.2514299517615455,-1.3603248827354766,61
-1.306398413948482,-1.3599119027794289,61
-1.2344654256117091,-1.400215700512904,61
2.084066254101266,0.5000485716613766,3
1.8979125297156354,0.4576144318527727,3
2.0120958674996823,0.45146696430090416,3
1.9481643197166358,0.5107614209024998,3
1.9340682005542877,0.4939966306310038,3
2.054354169844042,0.5399956062458147,3
1.9130566272480938,0.5595039313232574,3
1.987172597275367,0.45474516308921903,3
1.957425885745734,0.5904162779394817,3
1.934736886634495,0.5264245114725606,3
-1.1867839436324905,-1.4517812775720176,61
-1.2672470845016868,-1.526929910986791,61
-1.2364264099391893,-1.3992264244815285,61
-1.2558276036893476,-1.3381278705321353,61
-1.1790449182710798,-1.4456229186610783,61
-1.1867839436325491,-1.4517812775719285,61
-1.267247084501752,-1.52692991098669,61
-1.236426409939031,-1.399226424481802,61
-1.255827603689372,-1.3381278705320958,61
-1.1790449182711307,-1.4456229186609968,61
-2.180003231639974,0.9382556403099844,68
-2.171677119899359,0.93572820791979,68
-2.191616703398769,1.00051234630988,68
-2.200777706534193,0.9358167282910487,68
-2.180003231639966,0.9382556403099864,68
-2.171677119899361,0.9357282079197915,68
-2.191616703398768,1.0005123463098795,68
-2.2007777065341934,0.9358167282910483,68
0.17965370021146704,1.490052294040449,10
0.1167281987756006,1.341371204129704,10
0.19028115053737513,1.3794009297508694,10
0.12284730309508762,1.3956794119275655,10
0.158850995848689,1.3950400183544498,10
0.21882745405110857,1.5674868995546776,10
0.12295354426504693,1.4365401107064542,10
0.17179821729221545,1.4269361801388931,10
0.07824415591328351,1.5079869539293598,10
0.1683993652654447,1.4750071515326193,10
-1.889675081056486,0.6203268458655228,68
-2.168270621181183,0.9097062156694314,68
-2.2250514564284316,0.9811760300787389,68
-2.0736746364030245,0.9590235846483042,68
-2.079954722783193,0.8433051748537544,68
-1.8896750810564906,0.6203268458655243,68
-2.1682706211811826,0.9097062156694302,68
-2.2250514564284307,0.9811760300787393,68
-2.0736746364030245,0.9590235846483043,68
-2.0799547227831927,0.8433051748537542,68
-1.801522235457326,0.6251699610978426,68
-2.0964347690667835,0.8980390430007045,68
-2.0351480690746255,0.8427336917457141,68
-1.8852287375015528,0.8185094041465422,68
-2.010298595701237,0.7713965890257986,68
-1.8015222354573222,0.6251699610978426,68
-2.0964347690667866,0.8980390430007055,68
-2.035148069074625,0.8427336917457139,68
-1.8852287375015524,0.8185094041465418,68
-2.0102985957012347,0.7713965890257979,68
0.09192560360312746,1.487231554831106,10
0.165384759595967,1.3595085525538089,10
0.050669000351193906,1.528677205246706,10
-0.05190492401556924,1.511112516028966,10
0.08173675902411145,1.3765807319198093,10
0.05634175544923985,1.2856771592708085,10
0.1312141510575288,1.5099674105630556,10
0.06301461189036218,1.585175756994233,10
0.06541958343216628,1.4021785740428108,10
0.025529254966597404,1.3209545246092314,10
0.09192560360312454,1.4872315548311077,10
0.16538475959596943,1.35950855255381,10
0.050669000351755734,1.5286772052467568,10
-0.05190492429706142,1.5111125160096563,10
0.08173675902411276,1.3765807319198087,10
0.05634175544914798,1.2856771592708056,10
0.1312141510575305,1.5099674105630543,10
0.0630146118904206,1.5851757569942337,10
0.06541958343216178,1.4021785740428105,10
0.025529254966590992,1.3209545246092294,10
-1.7708556714777524,0.1496841210079549,67
-1.77978121759445,0.19570900710524086,67
-1.7868267058306198,0.21069238019235828,67
-1.7920990086578026,0.19140677319266547,67
-1.7708556714777552,0.14968412100795514,67
-1.7797812175944485,0.19570900710524022,67
-1.7868267058306209,0.21069238019235773,67
-1.792099008657802,0.19140677319265806,67
1.3833606083100822,2.169647328663364,1
1.298682216353054,2.1593413518820554,1
1.3534602021793556,2.162368750595903,1
1.3334447489818761,2.246954072501824,1
1.2958735119884668,2.1954624212357468,1
1.3793436067460711,2.325611248853263,1
1.3065167178166985,2.2305229933342985,1
1.3649922853402434,2.1900055642642617,1
1.2947324903087294,2.36435913479431,1
1.2957697029147175,2.2530118856493995,1
-1.5436558984767965,0.030569791420958937,67
-1.7751100435412999,0.037446983049982584,67
-1.7860444695308493,0.2010621456604713,67
-1.7652792457723194,0.21114667904528683,67
-1.7434623809877896,0.16322341690572148,67
-1.5436558984767972,0.030569791420958874,67
-1.775110043541301,0.03744698304998283,67
-1.7860444695308626,0.20106214566056826,67
-1.7652792457723199,0.2111466790452798,67
-1.74346238098779,0.163223416905717,67
-1.0371596239584435,-0.6686052429259932,64
-1.0458611720763424,-0.6212685253684442,64
-1.1127769196658643,-0.6198593304560807,64
-1.0347830389612211,-0.6165637338664931,64
-1.0371596239584435,-0.6686052429259908,64
-1.0458611720763449,-0.621268525368441,64
-1.1127769196659163,-0.6198593304559259,64
-1.0347830389612187,-0.616563733866495,64
1.5231183870216007,1.026577952708597,12
1.4690577630196628,0.8769566346076718,12
1.547195605582148,0.941030465537089,12
1.5041824566171984,0.9316463761980187,12
1.5111562906160643,0.9421070383229635,12
1.4928878074628344,1.0463370328359294,12
1.4685102227927067,1.0067085358486656,12
1.5118716857735257,0.9394253119300895,12
1.4470996544997847,1.0274140214914302,12
1.4655252742350702,0.9584639034359036,12
-0.8898493652920499,-0.5838211382699867,64
-0.9853621912945953,-0.696597694497623,64
-1.0070489317950144,-0.6551584210605133,64
-1.0424825682911665,-0.5200421897942582,64
-0.9542237604272482,-0.6096206080746105,64
-0.8898493652920495,-0.5838211382699862,64
-0.985362191294595,-0.6965976944976224,64
-1.0070489317950144,-0.6551584210605174,64
-1.04248256829117,-0.5200421897942537,64
-0.9542237604272494,-0.609620608074611,64
-0.9005576913784631,-0.512775885147635,64
-1.1249169222098414,-0.5432521342384178,64
-0.9555659272778537,-0.5757224624654583,64
-1.0585141934487041,-0.5074363255011781,64
-0.9521839410152908,-0.6546490538926383,64
-0.9005576913784638,-0.5127758851476348,64
-1.124916922209844,-0.5432521342384098,64
-0.9555659272778555,-0.5757224624654573,64
-1.0585141934485867,-0.5074363255015638,64
-0.9521839410152915,-0.6546490538926389,64
1.4692839177601036,1.0175583883709227,12
1.558250189685461,0.9372227921190063,12
1.508043388295157,0.9805649795699045,12
1.3728304888269454,0.8517090331190258,12
1.5875539677982338,0.9160118019272575,12
1.4759584035291193,0.7591805382293567,12
1.60831904828468,1.0274448331364006,12
1.5612037899481508,1.143931694071969,12
1.3959624408015976,0.871008719827063,12
1.385672404199487,0.760370037889827,12
1.4692839177601038,1.0175583883709236,12
1.5582501896854606,0.9372227921190103,12
1.5080433882951563,0.9805649795699048,12
1.3728304888269447,0.8517090331190261,12
1.5875539677982358,0.9160118019272575,12
1.47595840352912,0.7591805382293558,12
1.6083190482846803,1.0274448331364028,12
1.5612037899481488,1.1439316940719695,12
1.3959624408015976,0.8710087198270621,12
1.3856724041994872,0.7603700378898273,12
-1.1634471624585334,-1.4493305542138921,63
-1.1476013400422518,-1.3809402550683154,63
-1.1810924849844842,-1.49351685661687,63
-1.1368076312267101,-1.332383738271536,63
-1.163447162458047,-1.4493305542147703,63
-1.1476013400421339,-1.380940255068514,63
-1.181092484984427,-1.4935168566169628,63
-1.1368076312266993,-1.33238373827155,63
2.081094790084161,1.5399582321931033,4
1.9351047488088524,1.3746320103728324,4
1.9831359547611311,1.3643785004944795,4
2.013486448321928,1.4332082512263287,4
1.9504577770390155,1.3956180697977987,4
2.035683000757365,1.511719204214284,4
1.9437203766079718,1.5380269949008318,4
1.975760003301188,1.375699396921585,4
1.9422644298498457,1.5743478428776216,4
1.886477280979459,1.4649066197028962,4
-1.0395619075713725,-1.2390870647785228,63
-1.1513125788675849,-1.4590959469238063,63
-1.1406219638157666,-1.4643464824413424,63
-1.1747170107119576,-1.4499013001116736,63
-1.0964491225714024,-1.4094507151619706,63
-1.039561907571355,-1.2390870647785743,63
-1.151312578867635,-1.4590959469237146,63
-1.1406219638175261,-1.4643464824379429,63
-1.1747170107363911,-1.4499013000625047,63
-1.096449122571565,-1.409450715161642,63
-1.5046047005493506,0.2385461600887671,66
-1.4639815218730237,0.2728796345539528,66
-1.5406030022307378,0.33747170931484854,66
-1.5034977023802412,0.30373593394486226,66
-1.5046047005493495,0.23854616008876675,66
-1.4639815218730243,0.27287963455395264,66
-1.5406030022307384,0.3374717093148492,66
-1.503497702380238,0.30373593394486137,66
0.7743751541256211,1.8162608901134387,12
0.6947411017303544,1.7012501537533067,12
0.7533087147969383,1.7064690333132828,12
0.7031228955101618,1.7122377252559797,12
0.6997475949593268,1.7594507596926523,12
0.7453316354885214,1.8778760288475267,12
0.611065383561502,1.7656869700191402,12
0.7089739582717983,1.7442805356628106,12
0.5577210059586684,1.7709226233981468,12
0.6141264115158068,1.7708148023431796,12
-1.3620964335372243,0.09947753470952374,66
-1.4584943932146262,0.24225328254996967,66
-1.5481359673974222,0.32612030451993546,66
-1.4840762241195817,0.3548675524386694,66
-1.5011796851005756,0.3118566529242515,66
-1.362096433537224,0.099477534709524,66
-1.4584943932146262,0.24225328254996936,66
-1.5481359673974229,0.3261203045199344,66
-1.4840762241195815,0.35486755243866996,66
-1.501179685100574,0.31185665292425196,66
-1.379866142690734,0.17202334391085872,66
-1.7245857466868284,0.3958946665747805,66
-1.569133672268525,0.35738579315070784,66
-1.5573341818084547,0.3934831807888177,66
-1.518665346863942,0.27159406382228735,66
-1.3798661426907342,0.17202334391085844,66
-1.7245857466868153,0.3958946665747413,66
-1.5691336722685256,0.3573857931507084,66
-1.5573341818084536,0.39348318078881805,66
-1.5186653468639395,0.27159406382228723,66
0.6902761427094312,1.811151887061113,12
0.720893947231234,1.680302692692779,12
0.6478783074488228,1.816561910256628,12
0.5142250799688136,1.6420270498381018,12
0.653246311080944,1.6786239547225794,12
0.5714953448990938,1.505953439295924,12
0.7146409781514751,1.8335373506819153,12
0.6022039846205083,1.8957425555993193,12
0.5745428195195952,1.6522633703315803,12
0.47009082585734724,1.5053714168634882,12
0.6902761427094405,1.8111518870611119,12
0.7208939472311303,1.6803026926927755,12
0.6478783074488254,1.8165619102566282,12
0.5142250799688243,1.6420270498381042,12
0.653246311080941,1.6786239547225779,12
0.5714953448990987,1.5059534392959228,12
0.7146409781514679,1.8335373506819097,12
0.6022039846207503,1.8957425555993426,12
0.5745428195195953,1.652263370331579,12
0.4700908258573477,1.5053714168634866,12
-1.4106163119845399,-0.25327814722289155,65
-1.3688078985437913,-0.19593765526568607,65
-1.4182784546800902,-0.23922024754450558,65
-1.383755892338675,-0.21722942566869646,65
-1.4106163119845396,-0.25327814722289177,65
-1.3688078985437921,-0.19593765526568646,65
-1.4182784546800902,-0.23922024754450558,65
-1.3837558923386752,-0.21722942566869657,65
1.5181350414363008,2.3798160183608603,0
1.4599595307183078,2.333044368543802,0
1.470564979268098,2.27555803649841,0
1.488301083581768,2.3703524728486336,0
1.4333581742799257,2.3096179626761884,0
1.5038971438225703,2.42268733741263,0
1.3981580770807722,2.4191534158713983,0
1.4546371560735833,2.3398857304451433,0
1.3868162035401508,2.4612334014938475,0
1.3913107084577954,2.3826193894807304,0
-1.3194913614429606,-0.36410034668560387,65
-1.37071785084646,-0.3909756859474474,65
-1.3731618842947468,-0.2380150603535205,65
-1.3819052840069959,-0.2334545435836857,65
-1.309484723769727,-0.2521502892606133,65
-1.3194913614429615,-0.3641003466856041,65
-1.3707178508464606,-0.3909756859474471,65
-1.3731618842947475,-0.23801506035352032,65
-1.3819052840069956,-0.2334545435836858,65
-1.3094847237697265,-0.2521502892606134,65
2.007227069398813,-1.263425085531548,44
2.1626175006650143,-1.2179320021982585,44
2.1256106385352553,-1.2474352241002276,44
2.0270344877051376,-1.1927924833198362,44
2.0072270693988123,-1.2634250855315483,44
2.1626175006650175,-1.2179320021982578,44
2.125610638535253,-1.2474352241002276,44
2.0270344877051385,-1.1927924833198362,44
1.4755609748022975,-2.8941725066971435,52
1.6973486029841116,-2.425285021264469,52
1.5389327795810452,-2.6477403268180932,52
1.814067789187009,-2.599156044433425,52
1.618909375524539,-2.8802975866337768,52
1.5907628091499546,-2.5453044660448434,52
1.7415425993300573,-2.284155495726234,52
1.706033820980986,-2.232243581975079,52
1.8125186522308334,-2.301392639697045,52
1.7041420157899143,-2.4866485744132514,52
2.2846091849540957,-1.2609599397520102,44
1.9301467617632513,-1.1976072957079753,44
2.0735823541829386,-1.1783562406855848,44
2.114558326959522,-1.2117547356374014,44
1.918860435024986,-1.155185242917552,44
2.2846091849540957,-1.2609599397520102,44
1.9301467617632517,-1.1976072957079744,44
2.073582354182939,-1.1783562406855845,44
2.114558326959522,-1.2117547356374014,44
1.9188604350249872,-1.1551852429175518,44
2.3570093761553745,-1.2069249448938557,44
2.106989678365826,-1.2247629130711546,44
2.3303204356149316,-1.2028739359817686,44
2.4634743900602407,-1.2609533946901095,44
2.1484383258539066,-1.1451888324975141,44
2.357009376155376,-1.2069249448938553,44
2.1069896783658284,-1.2247629130711548,44
2.330320435614932,-1.202873935981768,44
2.46347439006024,-1.2609533946901088,44
2.148438325853908,-1.1451888324975135,44
1.5371322481648861,-2.5991891836864376,52
1.5703657005137355,-2.812898090891695,52
1.4721116486294679,-2.4777507734781867,52
1.6800534359622665,-2.564309683142956,52
1.5585319304178107,-2.3486432289161887,52
1.7198683210849401,-2.5051731947678557,52
1.5258247552330833,-2.347469815287912,52
1.766231431177357,-2.540015957136496,52
1.6298107151398156,-2.5319704396108413,52
1.7647166466277162,-2.627843976256148,52
1.5371322491186756,-2.599189183045464,52
1.570365699718829,-2.8128980913454944,52
1.4721116481770957,-2.4777507738001483,52
1.680053435967161,-2.5643096831393395,52
1.5585319300121803,-2.3486432292695185,52
1.7198683206935632,-2.505173195086462,52
1.525824753373804,-2.347469816889834,52
1.7662314311773877,-2.5400159571364695,52
1.6298107160816029,-2.531970438904502,52
1.764716646619561,-2.627843976262308,52
0.08931377089005876,-1.9253635642909945,56
0.1520050343203008,-1.8102898162039416,56
-0.021810427106441033,-1.939519088416038,56
0.1394188663449011,-1.791845531082745,56
0.08931377089005743,-1.9253635642909979,56
0.15200503432030213,-1.810289816203941,56
-0.021810427106443226,-1.9395190884160356,56
0.13941886634489933,-1.7918455310827437,56
2.6131654209855215,0.379793090527511,8
2.6450384742903097,0.23789892612090527,8
2.6669706851456616,0.2944268418160556,8
2.7007353871284243,0.3096012774621226,8
2.69702358535015,0.25452385923825094,8
2.594342092054716,0.3222126720815401,8
2.683652406323837,0.28406218585884,8
2.597544180255467,0.23812730931101714,8
2.6902674245834004,0.31596211688910664,8
2.6803159428278196,0.21138343437536308,8
0.07971829633311642,-2.1670193834844382,56
-0.10573534300530489,-2.078122704036379,56
0.011609584539381474,-1.8801837205440062,56
-0.07860948375490007,-2.0182983685708966,56
-0.040333652672339966,-1.9602821509807238,56
0.07971829634808693,-2.1670193834736597,56
-0.10573534300530392,-2.078122704036379,56
0.011609584539381912,-1.8801837205440033,56
-0.07860948375489975,-2.0182983685708944,56
-0.04033365267234225,-1.960282150980725,56
0.2038935246590947,-1.9599537966287903,56
-0.12866581862866372,-2.00709141076919,56
0.1278520788666499,-1.7128471397671652,56
-0.017970745826427437,-1.8986226527505516,56
-0.04122128131178371,-1.9759157047064786,56
0.20389352465911817,-1.9599537966287661,56
-0.12866581862866186,-2.0070914107691866,56
0.12785207886664682,-1.7128471397671678,56
-0.017970745824545373,-1.898622652749227,56
-0.04122128131178585,-1.9759157047064806,56
2.5657738902568137,0.2848125257394859,8
2.811021304877835,0.26273630289954764,8
2.592917355132609,0.24861130830511172,8
2.6819227744227647,0.16035372694131933,8
2.587818170963934,0.1680637146075081,8
2.760782098159169,0.11601240353931874,8
2.680384185382097,0.22700596386998265,8
2.9306159098154865,0.3014603976274058,8
2.66936050959037,0.1969751423972377,8
2.8160278049578635,0.14253601155510126,8
2.565773890256815,0.28481252573948584,8
2.811021304877832,0.2627363028995474,8
2.5929173551326072,0.24861130830511063,8
2.6819227744227656,0.16035372694131972,8
2.5878181709639367,0.1680637146075091,8
2.760782098159171,0.11601240353931883,8
2.680384185382097,0.227005963869983,8
2.9306159098154834,0.3014603976274056,8
2.6693605095903714,0.19697514239723934,8
2.8160278049578658,0.1425360115551012,8
0.06475703233555234,-2.385331263320159,55
0.033700956383966044,-2.43346378971961,55
0.012903358467829683,-2.425371220248968,55
0.07741725552155666,-2.4163779020546037,55
0.06475703233646019,-2.3853312633195958,55
0.033700956383930745,-2.4334637897196285,55
0.012903358467844663,-2.4253712202489606,55
0.07741725552121831,-2.4163779020547853,55
3.2538872139754687,0.7165658466398002,2
3.2681049403340765,0.6161721948487436,2
3.3053906878907884,0.668427353853989,2
3.3583433551187283,0.6942082087878415,2
3.313377391141894,0.6396864933189934,2
3.244181017253694,0.7362305271892569,2
3.3587925758789288,0.732726073244873,2
3.256020131537362,0.6504334129631314,2
3.365608941056346,0.793266289425528,2
3.2833424702149427,0.6874294565635541,2
0.04355469779626301,-2.3880350904653014,55
0.011750068026092032,-2.375155186598208,55
-0.006564493225320453,-2.437894312461527,55
-0.029523964860579125,-2.5195863775336633,55
0.03629784771272997,-2.408546688844841,55
0.04355469779575707,-2.3880350904655825,55
0.011750068025889081,-2.3751551865983163,55
-0.006564493225327186,-2.4378943124615335,55
-0.029523964860579052,-2.5195863775336624,55
0.03629784771272191,-2.4085466888448495,55
-0.31379021332305906,-2.245601119956786,60
-0.34986692415710796,-2.3544804829694486,60
-0.33839367653558583,-2.201400884218596,60
-0.3456136275680466,-2.3147291197469744,60
-0.313790213323074,-2.245601119956821,60
-0.34986692415710796,-2.3544804829694486,60
-0.3383936765355859,-2.2014008842185957,60
-0.34561362756804626,-2.314729119746975,60
2.151210550681619,1.1887849980943472,9
2.118649178404017,1.057321406716892,9
2.1264419781774273,1.021531173119285,9
2.0730315192320177,1.086824343442492,9
2.0976148755656956,1.0690991072771723,9
2.1235914709586243,1.2863561444957037,9
2.2374882180070466,1.2559607512441184,9
2.1724360442326347,1.1204524461878667,9
2.1568707944868453,1.3203448953773151,9
2.2822141635710924,1.1593624412856551,9
-0.25765573993373625,-2.244062009562678,60
-0.36732366684837486,-2.3127583947927275,60
-0.36980366371173407,-2.222277230068603,60
-0.3003002666026656,-2.0426299929033283,60
-0.3490692203045945,-2.2304165670626,60
-0.2576557399337364,-2.2440620095626787,60
-0.36732366684837503,-2.3127583947927284,60
-0.3698036637117338,-2.2222772300686033,60
-0.3003002666089051,-2.04262999291713,60
-0.3490692203045993,-2.2304165670626115,60
-0.188855906382877,-1.9903212764399452,60
-0.2745495451508763,-1.903927222212308,60
-0.21317602933502336,-1.861225480899407,60
-0.17592641112249488,-1.6376341921928375,60
-0.25521009532386657,-1.963534436229415,60
-0.18885590698268195,-1.99032127746104,60
-0.27454954512816254,-1.9039272221640846,60
-0.21317603497540993,-1.8612254924808955,60
-0.17592646077257115,-1.6376342830686004,60
-0.25521009589727833,-1.963534437432196,60
2.1984010889653893,1.131872052485348,9
2.309838564641585,0.9531459912494339,9
2.1325657332592236,1.1146420894401075,9
2.2067292997582273,0.9827888647210961,9
2.1671360673404068,0.8794604093490944,9
2.3428102910375532,0.8063764903577227,9
2.168381463325917,1.0490527693513525,9
2.285240520495905,1.2248144881575924,9
2.2424878637761396,1.015528933967697,9
2.2529242944343184,0.8571060370188008,9
2.198401088625755,1.1318720536978504,9
2.309838568675802,0.9531459765235253,9
2.132565733277892,1.1146420893749676,9
2.2067293188219748,0.9827887890211999,9
2.167136067591954,0.8794604084064676,9
2.3428102949038285,0.8063764732457825,9
2.1683814626320403,1.049052772165866,9
2.2852405218437144,1.2248144845180837,9
2.242487870303114,1.0155289157014271,9
2.2529242938390412,0.8571060403387721,9
-0.08177584819040201,-1.8819997852044648,59
-0.05035544326857137,-2.0697498612273955,59
-0.0917913841308674,-1.9239560122682928,59
-0.036908827316146614,-2.0262271169022106,59
-0.08177584819002943,-1.8819997852040549,59
-0.0503554432571827,-2.0697498612180887,59
-0.0917913838932042,-1.9239560120268473,59
-0.03690882912991138,-2.026227118287301,59
2.849023236975292,1.749876627970073,1
2.8067881782483086,1.738610160233953,1
2.8490243215047455,1.78061826067249,1
2.821523148736468,1.814671213661843,1
2.78907914205204,1.802551128343827,1
2.8470634803823955,1.8725216910438225,1
2.860366892030865,1.889021557825024,1
2.8263712420375233,1.8449715916361604,1
2.844321991769987,1.9659439821557674,1
2.8332137240376056,1.9000718678204152,1
-0.10152787522858081,-2.1620396658438485,59
-0.16204140353005783,-2.032933486025825,59
-0.12644264615420794,-2.126884721342221,59
-0.13722082072281977,-1.9940943892786216,59
-0.14601901555878505,-2.2006771817697373,59
-0.1015278752286314,-2.162039665843886,59
-0.16204140352987814,-2.0329334860256183,59
-0.1264426461541987,-2.126884721342213,59
-0.1372208207227642,-1.9940943892785543,59
-0.14601901555883204,-2.2006771817697826,59
0.16998654809941835,-2.253576643190918,54
0.10897931711436336,-2.353831761099373,54
0.042827951678417416,-2.3830890537571157,54
0.17063346703297883,-2.267457791984402,54
0.1699865480995357,-2.2535766431908106,54
0.108979316927556,-2.3538317612324184,54
0.042827951673236095,-2.3830890537600884,54
0.1706334670333992,-2.2674577919839747,54
3.0741095466530663,0.9461027010810591,8
3.0755633294488005,0.9023661580188729,8
3.080097944110506,0.8943721169727787,8
3.127398870779292,0.931171485650593,8
3.050609946772093,0.8723995938307589,8
3.173175189172416,1.0261582237027662,8
3.215089886671821,1.0019876060784378,8
3.124545169495988,0.9405954343881965,8
3.1811293376459124,1.0455353444118833,8
3.1106879249763284,0.9224279994695701,8
0.13680844485085894,-2.461114872994186,54
0.11089794475415111,-2.242140147242436,54
0.022582623634857402,-2.4287946484405176,54
0.00728283227057029,-2.455859581925343,54
0.1249190304402586,-2.2453058121056104,54
0.13680844485258958,-2.4611148729930625,54
0.11089794475280222,-2.2421401472434392,54
0.02258262363437533,-2.4287946484407947,54
0.007282832270569705,-2.455859581925343,54
0.12491903044040908,-2.245305812105487,54
0.3260524072942327,-2.098480129676666,54
0.09619090247169038,-2.217650468694285,54
0.23341930318078943,-2.130250023551421,54
-0.02288285225809213,-2.442230811448484,54
0.09670617071888567,-2.3690160988771116,54
0.3260524072934121,-2.0984801296776756,54
0.09619090270700283,-2.2176504685129306,54
0.23341930318053947,-2.130250023551661,54
-0.0228828522582835,-2.4422308114485904,54
0.09670617071579808,-2.369016098879147,54
3.0797042757417046,0.8571325178368235,8
3.158178354391644,0.8445426242511276,8
3.0271489709934674,0.850503644176959,8
3.025455860677384,0.733694444401893,8
3.109019775642601,0.7870058593204255,8
3.1177479407459785,0.7148114917740802,8
3.225108072285329,0.8853344123060267,8
3.281373597884447,0.9531816695105763,8
3.009943942703384,0.7814943038282784,8
3.1034603523344546,0.7270413561743437,8
3.0797042757416575,0.8571325178370335,8
3.158178354391936,0.8445426242495669,8
3.0271489709934554,0.8505036441770215,8
3.025455860677085,0.7336944444041772,8
3.109019775642581,0.7870058593205611,8
3.1177479407463164,0.7148114917708821,8
3.225108072285149,0.8853344123068155,8
3.281373597884053,0.9531816695120442,8
3.0099439427034196,0.7814943038280957,8
3.1034603523344435,0.7270413561744121,8
-0.0273044505775154,-2.858462760322217,53
-0.0005540193649421503,-2.752891622598243,53
-0.05304177547006765,-2.8845541192409443,53
0.02549790981512949,-2.741812424480015,53
-0.02730445057751505,-2.8584627603222175,53
-0.0005540193649419251,-2.7528916225982405,53
-0.053041775470067755,-2.8845541192409443,53
0.025497909815129446,-2.7418124244800155,53
3.5852988946865474,1.3307627628286876,2
3.586353722561832,1.2247821717625362,2
3.58891783091671,1.2712892296754015,2
3.637259962451626,1.3227948419992055,2
3.544861638988261,1.2602202930487827,2
3.627928894274162,1.4017083873668748,2
3.6511298911745373,1.3854208810098005,2
3.5720434767669813,1.3249264630648,2
3.6320806610395002,1.4355305722405327,2
3.5572037588870247,1.3187956408431656,2
0.01047643941038172,-2.9171611854775867,53
-0.01753914924180108,-2.788355274407338,53
-0.02073421322932269,-2.8333392691048287,53
-0.06769932693623802,-2.9818178919080074,53
-0.010028575406343264,-2.7534062306874345,53
0.010476439410381906,-2.9171611854775885,53
-0.01753914924180112,-2.7883552744073374,53
-0.020734213229322746,-2.8333392691048287,53
-0.06769932693623815,-2.9818178919080096,53
-0.010028575406343125,-2.7534062306874327,53
-0.12408934360239858,-2.2926479660360886,58
-0.19612377529410677,-2.430744200199658,58
-0.13427717170568124,-2.292377958914259,58
-0.167936925259778,-2.3427781005141304,58
-0.12408934360240348,-2.292647966036092,58
-0.19612377529410724,-2.4307442001996598,58
-0.13427717170565912,-2.2923779589142272,58
-0.1679369252597787,-2.342778100514131,58
2.5002130758637273,1.4465120725693126,13
2.498793818477837,1.433368863312388,13
2.4624971710861856,1.3636609243508484,13
2.437492582729981,1.4294314753254103,13
2.4319072298512614,1.435110162881343,13
2.584180812697461,1.55439695337899,13
2.700911964675423,1.5621463426352264,13
2.561954089421302,1.4353010005431077,13
2.5846871219038623,1.5335120816316217,13
2.6391923462343145,1.4738155326050204,13
-0.11514114691087911,-2.3088572843693487,58
-0.08748122367012016,-2.144905792704976,58
-0.1939071645415792,-2.3664012036855495,58
-0.09680676889011958,-2.210757865770869,58
-0.1412881615110136,-2.243731432376371,58
-0.11514114691263079,-2.3088572843711885,58
-0.08748122348425276,-2.144905792547239,58
-0.19390716454157914,-2.3664012036855495,58
-0.09680676896395565,-2.2107578658391187,58
-0.14128816151105716,-2.2437314323764173,58
0.14986589954290996,-1.806056329734613,58
-0.026393679420300468,-1.9664168008430836,58
0.04009135048287105,-1.9693038642058804,58
0.05271914665609356,-1.8837967280846641,58
0.025164814748591807,-1.969399618739177,58
0.1498658904401373,-1.8060563389924433,58
-0.02639381738469211,-1.9664169214856597,58
0.040091353304724686,-1.9693038617647496,58
0.052719150414070465,-1.8837967244130154,58
0.02516481674393407,-1.9693996169110122,58
2.603060723424838,1.474239929055159,13
2.7055095316947924,1.3185263486335566,13
2.492262132333842,1.4609972593803975,13
2.4176379684528,1.2646556137854048,13
2.563765768175939,1.3307278925111237,13
2.5716474579360056,1.2130768999209354,13
2.6570451457723494,1.4275994427697791,13
2.654569877134389,1.5011530104164774,13
2.5364869203355878,1.3962141869794644,13
2.4822203351079875,1.246782478072691,13
2.603060723393335,1.474239929116597,13
2.705509531698604,1.3185263486241798,13
2.4922621323378786,1.4609972593728207,13
2.417637968437817,1.2646556138192115,13
2.5637657681291635,1.3307278926168118,13
2.5716474579371216,1.2130768999177748,13
2.657045145911929,1.4275994424871952,13
2.6545698773270545,1.5011530100333466,13
2.536486920339203,1.3962141869720779,13
2.4822203351205148,1.2467824780416155,13
-0.11034735467800488,-2.374261596475169,57
-0.11083870144547693,-2.571867381295689,57
-0.1482003322147592,-2.555297540494529,57
-0.09018589409503552,-2.496709274017738,57
-0.1103473546780048,-2.3742615964751663,57
-0.1108387014454764,-2.5718673812956867,57
-0.1482003322147592,-2.5552975404945304,57
-0.09018589409503529,-2.4967092740177383,57
3.230831852360865,1.9935741709139665,0
3.228357775798646,1.9517232819971233,0
3.2041820236150578,1.9367379821138884,0
3.21211883602317,1.965453409771364,0
3.1629917295301637,1.9634269257139303,0
3.2490656017314477,2.1149317060760544,0
3.302475726579153,2.133656416657459,0
3.231488244815581,2.0722188012806364,0
3.242525082591606,2.160141926611811,0
3.2372426141305635,2.078940246182778,0
-0.09464855662761681,-2.6271600304103413,57
-0.09241306477820165,-2.3418442195365192,57
-0.08349165378190102,-2.6095176070994253,57
-0.14300495199526808,-2.6110633542988446,57
-0.09201572437315353,-2.5775670062830374,57
-0.09464855662761676,-2.627160030410341,57
-0.09241306477820242,-2.341844219536518,57
-0.08349165378190074,-2.609517607099423,57
-0.14300495199526786,-2.6110633542988446,57
-0.09201572437315365,-2.577567006283039,57
2.6031767323004993,-1.75553229477808,42
2.637806105276103,-1.8208469965176173,42
2.647365566187215,-1.7979109790403656,42
2.5355371128288615,-1.7995259560795371,42
2.6031767323004975,-1.755532294778085,42
2.637806105276096,-1.8208469965176302,42
2.647365566187221,-1.7979109790403582,42
2.535537112828888,-1.79952595607949,42
0.6886094974410045,-4.303644969474087,46
0.74040095305561,-4.105562259620103,46
0.6897022642689253,-4.2384042644330675,46
0.9140655306630188,-4.144751242243005,46
0.7993915309040937,-4.3719921052733275,46
0.5655249240924827,-4.091638834212771,46
0.6795166670358248,-4.011388745008905,46
0.5936190425935649,-4.022836918481553,46
0.6948235976347975,-3.968976060080312,46
0.651612689375661,-4.171184077094544,46
2.7228325611028676,-1.906635623334361,42
2.6122700310988565,-1.77232447955417,42
2.6244366735197113,-1.8207871621937843,42
2.6413039326765073,-1.7727316596238591,42
2.5732882764919265,-1.8341558663048023,42
2.7228325611026674,-1.9066356233347197,42
2.6122700310988534,-1.772324479554173,42
2.624436673519589,-1.820787162194015,42
2.641303932676504,-1.772731659623861,42
2.5732882764924376,-1.8341558663038673,42
2.8302511957393497,-2.109351510904935,42
2.7293702604791634,-1.9714767662976322,42
2.731196953796228,-1.8756545602556025,42
2.89541998280215,-1.9788318946488335,42
2.7446451695029754,-1.9901959576837183,42
2.830251195737091,-2.1093515109082523,42
2.72937025962277,-1.9714767678009029,42
2.731196953796112,-1.8756545602558181,42
2.8954199828021854,-1.9788318946487762,42
2.744645169518841,-1.9901959576543222,42
0.546511384319702,-3.9880624445250583,46
0.7886463050113159,-4.087195244493276,46
0.46287675851829474,-3.9250081376314654,46
0.8242934250179206,-3.976503850368599,46
0.41122858564129866,-4.04565357894364,46
0.7301302007864234,-3.9682947500174515,46
0.43218151307894476,-4.049536348423612,46
0.8304532071449682,-4.1164974523616555,46
0.5561657206564767,-4.048472910401189,46
0.8669027304999788,-4.1591352655140446,46
0.5465113700801778,-3.988062446113679,46
0.7886463056100345,-4.087195244396007,46
0.46287675856373905,-3.9250081376265737,46
0.82429344686149,-3.976503846562234,46
0.4112285874304523,-4.04565357879921,46
0.7301302150093593,-3.9682947478547,46
0.4321815161861775,-4.0495363481539135,46
0.8304528205792484,-4.1164975199992355,46
0.5561656051291058,-4.048472923355812,46
0.8669027694689234,-4.159135258250124,46
0.05132493256064062,-1.65022201487932,56
0.09447652395587283,-1.6420732880052242,56
0.011449562031550111,-1.5991487890307206,56
0.08990667422493603,-1.6511596903245649,56
0.05132493256064065,-1.65022201487932,56
0.09447652395587262,-1.6420732880052262,56
0.011449562031549974,-1.599148789030722,56
0.08990667422493631,-1.6511596903245624,56
2.64497178225127,0.29040829191571704,8
2.6704352733730135,0.15611684620468663,8
2.695912316016147,0.21105553331891208,8
2.68981537375081,0.26706961401403706,8
2.6938018313124297,0.18309795695313227,8
2.571195130561244,0.25704300608435704,8
2.6922358457868896,0.24235246383198888,8
2.596318076928541,0.18554273555402223,8
2.647948531587697,0.27928142137806805,8
2.668525877078531,0.16966034404222724,8
0.15934190420418168,-1.7225785631121002,56
-0.07346615896487592,-1.73280805425297,56
-0.057397475000073236,-1.6801157266173912,56
-0.024751336222751406,-1.6418752240144066,56
-0.027495459578782914,-1.6958939473830423,56
0.1593419042041277,-1.7225785631121486,56
-0.07346615896487603,-1.7328080542529696,56
-0.05739747500007337,-1.6801157266173923,56
-0.024751336222750407,-1.641875224014407,56
-0.02749545957878295,-1.695893947383041,56
0.2964971961183468,-1.6437655941151228,56
-0.036079983995818916,-1.5903417079024247,56
0.10572207482394919,-1.4476502173444012,56
0.03035028429909466,-1.4865012707099334,56
0.012556078459388354,-1.6101369529968539,56
0.2964971961182152,-1.6437655941152465,56
-0.036079983995819125,-1.590341707902425,56
0.10572207482394956,-1.4476502173444004,56
0.030350284299094917,-1.4865012707099334,56
0.012556078459388545,-1.6101369529968503,56
2.5244043304172687,0.2507709987513861,8
2.6530734567267196,0.2085675705253834,8
2.5104319531538737,0.1791193467773767,8
2.5788558907656793,0.13259277861671762,8
2.584219382516041,0.11207532231841066,8
2.64000850417286,0.07673091993306956,8
2.6532609926551154,0.175932056902872,8
2.777727605821677,0.21348499985799385,8
2.569490244681839,0.14940349026596442,8
2.7098974368586077,0.10758164306818543,8
2.5244043304172674,0.2507709987513863,8
2.6530734567267205,0.2085675705253836,8
2.5104319531538772,0.17911934677737715,8
2.5788558907656802,0.13259277861671773,8
2.584219382516043,0.11207532231841137,8
2.6400085041728603,0.07673091993306945,8
2.653260992655115,0.1759320569028725,8
2.7777276058216795,0.2134849998579947,8
2.56949024468184,0.14940349026596428,8
2.7098974368586064,0.10758164306818585,8
0.13772807000079876,-2.2736595607781886,55
0.13335672836148546,-2.3477588834754357,55
0.13370751662110117,-2.2528060959935123,55
0.17217964075185765,-2.3072056442317375,55
0.13772807000231702,-2.27365956077704,55
0.1333567283617169,-2.347758883475282,55
0.13370751662149677,-2.252806095993198,55
0.1721796407517864,-2.307205644231788,55
3.252256535579621,0.6212665799151189,2
3.2382187558691315,0.5342488166317214,2
3.2800895785395454,0.5729030458656167,2
3.309132295731317,0.600573232660323,2
3.2086623576415243,0.5325851755823001,2
3.2397752178657977,0.6480425249025116,2
3.292609579136383,0.6907818699757524,2
3.2635140032083454,0.584248838935584,2
3.2765051906213833,0.7294997057603848,2
3.2135983984881054,0.6058242483231169,2
0.09712661844264857,-2.3073336734174594,55
0.02988281534056904,-2.3192101148695454,55
0.09274998498726367,-2.3223283941456754,55
0.13522029598031643,-2.269749654119627,55
0.11554082461088122,-2.3204394838621933,55
0.09712661844692701,-2.307333673414603,55
0.029882815344124035,-2.319210114867447,55
0.09274998498809145,-2.322328394145112,55
0.13522029598294713,-2.2697496541176703,55
0.11554082461085649,-2.3204394838622115,55
-0.25784637082048156,-1.7593478654304162,60
-0.3169194054040719,-1.977358092456543,60
-0.2811104224488854,-1.7325003376648211,60
-0.3105233179135641,-1.9287202464112496,60
-0.2578463695333069,-1.7593478623928067,60
-0.3169194054045128,-1.977358092457658,60
-0.2811104225134861,-1.7325003378293709,60
-0.3105233177532505,-1.9287202459777975,60
2.1331800294559784,1.1975189183513497,9
2.131984854163187,1.0819995088767442,9
2.1576250394331433,1.0920726955637645,9
2.12213577771202,1.1433650541039557,9
2.0918444772359637,1.0688622534383023,9
2.1209483076071747,1.3195687441509176,9
2.219226853110718,1.286009406162789,9
2.1537975974250845,1.1828486007633316,9
2.1609352448142904,1.3874520375709214,9
2.279023229152075,1.1619906251711891,9
-0.2186276832658745,-1.8256833813450193,60
-0.3302815138835192,-1.8360878277747612,60
-0.33746038370385467,-1.8559842930820571,60
-0.22062811718535366,-1.5413972154626856,60
-0.3092574972838342,-1.8286558373383925,60
-0.21862768326226398,-1.8256833813377829,60
-0.33028151387036137,-1.8360878277359731,60
-0.3374603837124998,-1.8559842931071324,60
-0.22062811887057557,-1.5413972188088982,60
-0.3092574972712177,-1.8286558373022799,60
-0.0682760843364237,-1.478640889096356,60
-0.12359890936564899,-1.3128407523801795,60
-0.12512404225647178,-1.4357753376795481,60
-0.07372095714878717,-0.9746997734691863,60
-0.17350224539761816,-1.5114573561123634,60
-0.068276146634335,-1.4786409937843954,60
-0.12359890593671301,-1.3128407443085084,60
-0.12512410936453164,-1.4357754672119156,60
-0.0737209571376571,-0.9746997741205214,60
-0.1735022471253625,-1.5114573593296692,60
2.2037093557943583,1.1952639468193584,9
2.3117344654557184,1.0085086952289157,9
2.1451567139776797,1.1383892394029245,9
2.226495774195777,1.009755927466139,9
2.248526445533167,0.9199177145042976,9
2.3912337138028863,0.8146918280141489,9
2.1564119971251805,1.0578209738228854,9
2.2239789877655536,1.2553076720593532,9
2.261304110341128,1.0285995435863606,9
2.285245756385279,0.87827595640825,9
2.2037093543851367,1.195263951262153,9
2.3117345432152367,1.0085084432290528,9
2.1451567138407515,1.1383892398985396,9
2.22649578295708,1.0097559021756972,9
2.2485266924501173,0.9199169016057475,9
2.391233695403064,0.81469195356939,9
2.1564119973548324,1.0578209729311794,9
2.2239789881451437,1.2553076709420041,9
2.2613041332072275,1.028599478798001,9
2.285245756121143,0.878275957469165,9
-0.10330913399942784,-1.779644458134439,59
-0.11329011948948257,-1.9347886921407929,59
-0.11423426721563729,-1.7592559785488313,59
-0.11571580371492028,-1.9165101568460068,59
-0.10330913395804445,-1.7796444580762647,59
-0.11329011949732451,-1.934788692149263,59
-0.11423426721836742,-1.7592559785537576,59
-0.11571580371711114,-1.9165101568484257,59
2.8139183247669592,1.8442465119859217,1
2.8068039999495955,1.8583390324805036,1
2.838683425906895,1.8444616996287706,1
2.769388717118512,1.8766332195907063,1
2.729689513410632,1.856360636325908,1
2.767467934240438,2.012089986679137,1
2.82586314372108,2.033850042724773,1
2.8324043071511213,2.004392402438928,1
2.7666153229737023,2.0650959843837224,1
2.8439376612314486,2.023021871089329,1
-0.10687488132964217,-2.0386002216683745,59
-0.15790386984852187,-1.8757484790339582,59
-0.15972308484782116,-1.9702911730640702,59
-0.09120972033188388,-1.7301843288231324,59
-0.11752802321685239,-1.9126733902267914,59
-0.10687488132594676,-2.0386002216653507,59
-0.15790386984955818,-1.8757484790354704,59
-0.15972308484819084,-1.970291173064527,59
-0.09120972050867242,-1.7301843291015944,59
-0.1175280232169601,-1.912673390226909,59
0.2850174100620829,-1.8561221965366017,54
0.2660831771160277,-1.9624539792427216,54
0.25418523619861283,-1.8541678050853223,54
0.28062435741538205,-1.9091761946674641,54
0.28501741006208275,-1.8561221965365988,54
0.26608317711603763,-1.9624539792427123,54
0.2541852361986095,-1.8541678050853272,54
0.2806243574153829,-1.909176194667465,54
3.0973105517292727,0.9003271054214697,8
3.107806370013238,0.8736687691159313,8
3.1116195279237253,0.900799806760143,8
3.1458915542422647,0.911987863375533,8
3.0512300480573327,0.8429197975050223,8
3.151331141025472,0.9796664512521795,8
3.2133915845070096,0.9978544258502078,8
3.1291252644360785,0.9341053048657233,8
3.1609866802661317,1.017136212459805,8
3.109657832821919,0.8843800540099329,8
0.3397732084574722,-1.9801078219065462,54
0.21501925629182753,-1.8076818350107469,54
0.14915232602715062,-1.9699983959570835,54
0.2439594069009089,-1.8525102127627702,54
0.23193786900537255,-1.858107739215735,54
0.33977320845668707,-1.980107821907463,54
0.21501925629182703,-1.8076818350107473,54
0.14915232602723485,-1.9699983959570042,54
0.24395940690091322,-1.8525102127627617,54
0.23193786900537824,-1.8581077392157286,54
0.4991845061009336,-1.6133523573887747,54
0.3021041145418134,-1.6903435511452116,54
0.36933946532244155,-1.6014066731985552,54
0.2979830092218616,-1.748554597659868,54
0.2850440867565535,-1.7537774526701133,54
0.49918450610082443,-1.6133523573889013,54
0.3021041145417863,-1.6903435511452407,54
0.3693394653224396,-1.6014066731985577,54
0.29798300922081916,-1.7485545976611698,54
0.2850440867565525,-1.753777452670112,54
3.0932162884584944,0.8709238428109181,8
3.0540623730648293,0.8243452046466913,8
3.004173847616806,0.8105077967345393,8
2.929688364287553,0.707357561011385,8
3.1344290508826202,0.7666367519705336,8
3.0166737143522555,0.6727179573660345,8
3.2173597651670893,0.8716541062640144,8
3.1606854365208936,0.9302101443262398,8
2.994249678306276,0.7564310673496945,8
3.0116939164326673,0.6833524900190251,8
3.093216288458505,0.8709238428108782,8
3.0540623730648955,0.8243452046463348,8
3.004173847616795,0.8105077967345675,8
2.929688364287572,0.7073575610112596,8
3.134429050882584,0.7666367519707176,8
3.0166737143522733,0.672717957365861,8
3.21735976516696,0.8716541062646084,8
3.1606854365210704,0.9302101443254838,8
2.9942496783062804,0.7564310673496718,8
3.0116939164326477,0.6833524900192459,8
0.0639204623418381,-2.6607944842302396,53
0.04950531907116762,-2.635454317922607,53
0.032188064406969405,-2.6520890984193755,53
0.09391517553364719,-2.6121640706237916,53
0.06392046234183775,-2.660794484230242,53
0.049505319071167585,-2.6354543179226066,53
0.03218806440696952,-2.652089098419375,53
0.09391517553364695,-2.612164070623792,53
3.556559671390098,1.2554753778878853,2
3.5975640708135246,1.24163060904686,2
3.573688548204505,1.2382564269950664,2
3.6069053119333625,1.27633352523603,2
3.4971644982050503,1.2059586219144014,2
3.5648916990138284,1.355643832442539,2
3.6314756210545616,1.3644554497055543,2
3.5816497276450048,1.2876610321783934,2
3.5941032856666535,1.3953672879016028,2
3.532616340695089,1.2719635470541797,2
0.05230533361215783,-2.728555609996055,53
0.07324497064801229,-2.5552374930048156,53
0.008916933497128748,-2.6966844402850105,53
0.017848053649037122,-2.717481547446289,53
0.0388957015914496,-2.6102462531278556,53
0.052305333612158035,-2.7285556099960537,53
0.07324497064801237,-2.555237493004815,53
0.008916933497128783,-2.6966844402850096,53
0.017848053649034377,-2.7174815474462926,53
0.03889570159144938,-2.610246253127858,53
0.09592265200782696,-1.6665665694492882,58
-0.027186936358313617,-1.8788672352502316,58
0.019291311348625224,-1.7105116569158065,58
-0.009354787450403272,-1.7497921248115202,58
0.09592265198556267,-1.6665665694824057,58
-0.02718693767033105,-1.8788672362284213,58
0.01929131136656689,-1.710511656893404,58
-0.009354787438001359,-1.7497921247987067,58
2.498744327713738,1.4255478707702838,13
2.4456829990678313,1.4049341487332863,13
2.430147056790746,1.36249510604216,13
2.395026326275116,1.414528503520076,13
2.363983541073154,1.3945666874061033,13
2.5564455397216537,1.5623429628149084,13
2.6079216313111937,1.551505887639864,13
2.503491203625379,1.4452328764739668,13
2.503749761499663,1.5564342503535034,13
2.567871293632535,1.450753592381855,13
0.1295928368862649,-1.7021371575585973,58
0.05785943904269963,-1.552980129254814,58
-0.1168879805396209,-1.8930094731648577,58
0.04490557601011468,-1.6135252234469617,58
-0.062327796054313475,-1.8233675640612477,58
0.12959285984103877,-1.7021371328366983,58
0.05785943904269255,-1.5529801292548246,58
-0.11688798077633657,-1.8930094734488994,58
0.044905576016726165,-1.6135252234385828,58
-0.06232779616762889,-1.8233675641661424,58
0.19300982358244106,-1.330779230461447,58
0.07021738714471185,-1.4441057088123181,58
0.11096596399872079,-1.4321306594826932,58
0.11550889480504345,-1.290473331903948,58
0.07031708486092073,-1.435870284904651,58
0.19300982358245009,-1.3307792304614317,58
0.07021738714377734,-1.4441057088135936,58
0.11096596399770167,-1.4321306594841254,58
0.1155088948050057,-1.2904733319040076,58
0.07031708486075888,-1.4358702849048972,58
2.5321422413838004,1.4823601786376144,13
2.6258855548370676,1.352820504774157,13
2.444835029420765,1.4409281852944216,13
2.368721350249653,1.3136397716642045,13
2.5291668894962265,1.3522949548369194,13
2.531198494305615,1.2489679668048057,13
2.570508681240614,1.4290336472213785,13
2.532953790202714,1.5271654956833838,13
2.4659850914621737,1.379420086433153,13
2.424005079507219,1.2526878358569493,13
2.5321422413857357,1.4823601786340317,13
2.625885554809112,1.3528205048346726,13
2.444835029423865,1.440928185288578,13
2.3687213502516977,1.3136397716596957,13
2.529166889550757,1.352294954723422,13
2.531198494301652,1.248967966815129,13
2.5705086812456015,1.4290336472115923,13
2.532953790251067,1.5271654955945073,13
2.465985091459527,1.379420086438404,13
2.4240050794957373,1.2526878358831086,13
-0.04164690184604333,-2.195461388187189,57
-0.06894275434703065,-2.3213970367770966,57
-0.09372855909054768,-2.2915778060605962,57
-0.04391130294104782,-2.242781005247744,57
-0.04164690185180418,-2.1954613881915006,57
-0.06894275434798813,-2.321397036777956,57
-0.0937285590905443,-2.2915778060605905,57
-0.04391130293723632,-2.2427810052447277,57
3.190744101074155,2.0722811963442047,0
3.16965380067668,2.0472938879206035,0
3.1607325050535526,2.0274110342590026,0
3.1152857754878336,2.0508859849560093,0
3.0867373200221295,2.033998211920268,0
3.1592862241898017,2.225142104092332,0
3.1992498557180067,2.2021337080235104,0
3.17689468468774,2.140407234548557,0
3.1207190399341815,2.223672505352636,0
3.1666596339873645,2.1514108102661695,0
-0.08576190960673317,-2.4840731721224847,57
-0.01087589850961422,-2.1172193581088816,57
-0.10530213345425177,-2.3899294300850524,57
-0.10341736440676666,-2.358904082262657,57
-0.06596423677273495,-2.3234954705831425,57
-0.08576190960673333,-2.4840731721224842,57
-0.010875898508147077,-2.11721935810785,57
-0.10530213345425239,-2.3899294300850538,57
-0.1034173644067666,-2.358904082262654,57
-0.06596423677352532,-2.3234954705838335,57
2.5204126938272315,-1.7380328801097058,42
2.557626336783792,-1.7468439394296051,42
2.6376061803884827,-1.8290567330574654,42
2.4417368253080793,-1.7059965155752939,42
2.5204126938272338,-1.738032880109705,42
2.5576263367837924,-1.746843939429606,42
2.6376061803884814,-1.8290567330574685,42
2.441736825308079,-1.7059965155752934,42
0.7078651094471732,-4.3091634358265125,46
0.7473800126365187,-4.032805958983165,46
0.7130224405190201,-4.20469403001995,46
0.9145438898770507,-4.0350967990324635,46
0.7786993356712022,-4.297308243494653,46
0.5535572779268141,-4.086050889249416,46
0.7006224051387054,-3.8906372297039176,46
0.6480674420303981,-3.9965053715051853,46
0.7094855438286813,-3.866127727254164,46
0.7111861045337647,-4.097189905220616,46
2.6504568611522683,-1.9825436707969493,42
2.5727510722099303,-1.765054911877614,42
2.590164807107302,-1.8278597756829766,42
2.683807698502951,-1.8708590510133558,42
2.5321341856471626,-1.836124883349711,42
2.650456861151338,-1.9825436707986175,42
2.5727510722099303,-1.7650549118776149,42
2.590164807107306,-1.8278597756829762,42
2.6838076985029287,-1.8708590510133967,42
2.5321341856471538,-1.836124883349733,42
2.7789833036910485,-2.14589138745377,42
2.6948449086279767,-2.0512171855157986,42
2.720439963489757,-1.929699047977867,42
-2.1449823507316514,2.1351393965983907,42
2.7566594193280767,-2.054980223608172,42
2.778983303691029,-2.145891387453798,42
2.6948449086275015,-2.0512171855165144,42
2.7204399634897705,-1.9296990479778353,42
-2.144982350731648,2.1351393965983894,42
2.756659419327777,-2.0549802236086325,42
0.6515149351928288,-4.058098027882875,46
0.8259803336688375,-3.9799622481824133,46
0.5182440373980796,-3.9292100354901986,46
0.8909752718813511,-3.8701820102641897,46
0.5168964288189979,-4.057948537005913,46
0.8309055587902096,-3.92047016597014,46
0.4994251245151595,-4.090767074775558,46
0.8790208025838094,-4.025143648396928,46
0.6032829535623144,-4.037406937621238,46
0.9552519552901534,-4.02890693322312,46
0.6515166219017009,-4.058097808389703,46
0.8259803311684224,-3.979962248617805,46
0.5182440373803513,-3.92921003549227,46
0.8909784006567354,-3.870181408994437,46
0.5168958767930197,-4.057948594422268,46
0.8309055551442179,-3.920470166603618,46
0.4994251265367538,-4.090767074588343,46
0.8790213383235599,-4.025143549779159,46
0.6032829535654801,-4.0374069376208475,46
0.9552519637432648,-4.028906931436765,46
-0.7416368579132505,-1.2920860532740062,62
-0.7042737779016572,-1.2894003862822314,62
-0.7140722965291808,-1.175309655049359,62
-0.7226057090244575,-1.2531976787262662,62
-0.7416368579132508,-1.2920860532740062,62
-0.704273777901657,-1.2894003862822327,62
-0.7140722965291805,-1.1753096550493571,62
-0.722605709024458,-1.2531976787262664,62
2.1531657267924724,0.5140391600817363,6
2.1875085858225627,0.36263942308984204,6
2.241111413106661,0.4022841535236941,6
2.240364734981712,0.41011977199036737,6
2.2037770341820266,0.33745852531932946,6
2.0694095438915507,0.4530034347148829,6
2.155334006821616,0.4069436924028524,6
2.1061487115024904,0.37583236743566034,6
2.142710930169097,0.41126778961592364,6
2.1256521935611215,0.3006328762637298,6
-0.6166109612780338,-1.5156723510634016,62
-0.7807929358738983,-1.3559124388900967,62
-0.75575916931424,-1.299091832375235,62
-0.7086683051804497,-1.108940035490635,62
-0.6885374376202859,-1.239423037794583,62
-0.6166109612780347,-1.5156723510634018,62
-0.7807929358738978,-1.3559124388900965,62
-0.7557591693142396,-1.2990918323752356,62
-0.7086683051804509,-1.1089400354906356,62
-0.6885374376202856,-1.2394230377945805,62
-0.6462202258441045,-1.4279136616966295,62
-0.7902576299532594,-1.2947919623621609,62
-0.6789100003199291,-1.2360869649030577,62
-0.6608931867898213,-1.0997709911534381,62
-0.6990211631788924,-1.3005425989560748,62
-0.6462202258441037,-1.4279136616966286,62
-0.7902576299532595,-1.29479196236216,62
-0.6789100003199292,-1.2360869649030573,62
-0.6608931867898212,-1.0997709911534383,62
-0.6990211631788923,-1.3005425989560733,62
2.0618998983401156,0.3467705132069942,6
2.182341300308574,0.19181280469522297,6
2.06006941616065,0.3213566721401797,6
2.138757616246533,0.17749334956873689,6
2.080587057563789,0.21892405118552072,6
2.0933890669578332,0.07864134852276129,6
2.1230025234851784,0.285051470124043,6
2.230995980655951,0.16914016617426203,6
2.033494422888036,0.25625015931643086,6
2.1281799939683195,0.07613789117767578,6
2.061899898340115,0.34677051320699415,6
2.1823413003085714,0.19181280469522288,6
2.0600694161606494,0.3213566721401796,6
2.1387576162465325,0.17749334956873727,6
2.0805870575637875,0.21892405118552066,6
2.0933890669578337,0.07864134852276118,6
2.12300252348518,0.28505147012404297,6
2.230995980655951,0.16914016617426206,6
2.033494422888037,0.25625015931643086,6
2.128179993968319,0.07613789117767585,6
-0.7892866005890268,-1.8128664582915437,61
-0.7416344511224562,-1.8502362935032524,61
-0.7686899291465202,-1.723606090530006,61
-0.6959843584025315,-1.8210404015053983,61
-0.7892866005890267,-1.8128664582915444,61
-0.7416344511224561,-1.8502362935032517,61
-0.76868992914652,-1.7236060905300055,61
-0.6959843584025323,-1.821040401505401,61
2.720825341195969,0.8631220090900962,3
2.7307260417777917,0.7569855814569387,3
2.792709869454897,0.8079041297330959,3
2.7986857066951476,0.7898578301934381,3
2.687271366459272,0.7240911273868701,3
2.6229483168102754,0.7926584697284119,3
2.643092232543432,0.8413084375306316,3
2.6067566063228216,0.7886109878637038,3
2.647774412558411,0.8514266148169971,3
2.5649989012756764,0.7627047831932083,3
-0.8010389683625087,-1.967715288227363,61
-0.8150646709171958,-1.821429849510922,61
-0.7670641534080527,-1.8124339593157182,61
-0.7650854759495266,-1.7035474291452828,61
-0.7088116726028968,-1.7191470454855502,61
-0.8010389683625093,-1.967715288227366,61
-0.8150646709171924,-1.8214298495109227,61
-0.7670641534080533,-1.8124339593157146,61
-0.7650854759495265,-1.703547429145284,61
-0.7088116726028968,-1.7191470454855498,61
-1.6575964049363958,0.17054209532561834,68
-1.7264839931106797,0.33572273147177334,68
-1.570336748855292,0.29414599701261923,68
-1.6743815898565808,0.32849923426773947,68
-1.657596407314888,0.17054210922745128,68
-1.7264839953539106,0.3357227387305662,68
-1.570336748841845,0.29414599696896915,68
-1.6743815906647403,0.3284992371512188,68
1.0269098188748607,1.5039871284101438,11
0.8501632787075404,1.3404477526327456,11
0.9757492923328502,1.3541705851724863,11
0.9212824120019087,1.4024499469097982,11
0.8908448435234833,1.2784655188337217,11
0.9483984345797497,1.500969137293408,11
0.868150457130773,1.4715386666062729,11
0.8959167494471348,1.4015775497079148,11
0.8054278639968524,1.4679113906466095,11
0.7983606501171892,1.2698495979413729,11
-1.3061011961057263,-0.6708697454355977,68
-1.620760756153994,0.025435495485460733,68
-1.744750560737622,0.3186442520874142,68
-1.4193446099320357,0.19931106425377423,68
-1.5309724922125143,0.13956610220323562,68
-1.306099658267433,-0.6708747867943616,68
-1.6207607542816334,0.025435486437524513,68
-1.7447505288932739,0.318644123572362,68
-1.4193446099095373,0.1993110641998269,68
-1.5309724921724954,0.13956610208705672,68
-1.272470086612088,-0.35080920430231494,68
-1.4571861680957898,0.07354674665645988,68
-1.5893758786264334,0.16402678521803946,68
-1.3235547316932645,0.1744160126127201,68
-1.4608932269988624,0.017419422237567705,68
-1.2724700878513173,-0.3508091950177389,68
-1.4571861680958904,0.07354674665685594,68
-1.5893758781590366,0.16402678316113567,68
-1.323554731693847,0.17441601261377018,68
-1.4608932270005233,0.017419422244689755,68
0.902320105455256,1.3729014684757512,11
1.036901749185474,1.2254082997253877,11
0.7968625855331278,1.367504936518508,11
0.895945876685598,1.253465358862648,11
0.8573907899350347,1.1674455334150953,11
0.9317833315370153,1.0285143689949754,11
0.7861377594741948,1.26669377087246,11
0.9152942018377561,1.335485049105284,11
0.8517450993262845,1.2802241232996947,11
0.8553892879930557,1.056703559248656,11
0.902320105455255,1.3729014684757508,11
1.0369017491854688,1.2254082997253921,11
0.796862585533127,1.367504936518507,11
0.8959458766855461,1.2534653588626634,11
0.8573907899350348,1.1674455334150944,11
0.9317833315370248,1.0285143689949698,11
0.7861377594741941,1.26669377087246,11
0.9152942018376933,1.3354850491053092,11
0.8517450993262844,1.2802241232996947,11
0.8553892879930552,1.0567035592486547,11
-1.1303261809642287,-0.9710185335339304,67
-1.08204460595459,-0.9701757011276007,67
-1.0595596706855113,-0.7882158730412598,67
-1.1232366588141727,-1.0423116398181456,67
-1.130326180964619,-0.9710185335323156,67
-1.0820446059679472,-0.9701757010671047,67
-1.059559670685592,-0.7882158730408492,67
-1.1232366587347888,-1.0423116400700607,67
1.9772701768410528,2.246243114059035,1
1.9044064609863847,2.17343727655819,1
1.9410010514289857,2.1756640502745856,1
1.9435792428849106,2.2028834687724,1
1.8759558048598897,2.1107696874861155,1
1.9537399836543703,2.3046303284811405,1
1.880876414453082,2.3078810275343478,1
1.904335673652337,2.281331890785651,1
1.8747451534868376,2.339158246603622,1
1.8382359579511847,2.2495506562506082,1
-1.1272180733843278,-1.2258768985389317,67
-1.1980767452394308,-1.0335430518370528,67
-1.1101128467748087,-1.004570102167051,67
-1.09293856833537,-0.7122663719121688,67
-1.1045161351000972,-0.9906550487299637,67
-1.127218071391468,-1.225876902402606,67
-1.1980767452389611,-1.033543051838956,67
-1.1101128468026944,-1.004570102076212,67
-1.0929385683331565,-0.7122663719191752,67
-1.1045161351070785,-0.9906550487002004,67
-0.3868744839818366,-1.2721340825677945,64
-0.3844293106302016,-1.268304725594237,64
-0.4014224600544162,-1.1272866183219843,64
-0.3709260068256114,-1.2013734603796813,64
-0.38687448398183616,-1.272134082567795,64
-0.3844293106302018,-1.2683047255942375,64
-0.4014224600544163,-1.1272866183219852,64
-0.3709260068256111,-1.2013734603796813,64
2.3233624765934286,1.3465089035674604,7
2.3747253511003064,1.1985088898795566,7
2.3719893575049817,1.2174401730343887,7
2.400383639725644,1.2071684140169434,7
2.350313749902982,1.1170110522355172,7
2.335906036960996,1.2824912725307351,7
2.4137848652681586,1.2913213995882429,7
2.3841083805735943,1.196265231743879,7
2.3824854168044016,1.2769632165720537,7
2.343876945478204,1.0735786405088235,7
-0.34247908181825193,-1.5014934133418492,64
-0.45243587430940585,-1.224288495858967,64
-0.43993472261941197,-1.3174205336479416,64
-0.3814403873484683,-1.0327977359439517,64
-0.3549695515733915,-1.1577888390741204,64
-0.3424790818182519,-1.5014934133418507,64
-0.4524358743094053,-1.2242884958589682,64
-0.439934722619412,-1.3174205336479428,64
-0.3814403873484687,-1.0327977359439533,64
-0.35496955157339266,-1.1577888390741187,64
-0.311588332727371,-1.2925319366614212,64
-0.4906055902700343,-1.1880328917494607,64
-0.37472735763230597,-1.189838903046311,64
-0.3775197869774716,-1.0117123218603776,64
-0.3657345676383234,-1.1746818395007361,64
-0.3115883327273707,-1.2925319366614212,64
-0.49060559027003386,-1.1880328917494607,64
-0.3747273576323056,-1.1898389030463128,64
-0.3775197869774715,-1.0117123218603798,64
-0.36573456763832335,-1.1746818395007361,64
2.306110090746113,1.1180405254681125,7
2.5030332944051366,1.0168702226282316,7
2.2915771844530255,1.140605170397921,7
2.3257455786108463,0.9287959584733578,7
2.3688437376304923,0.990924427751325,7
2.304101273860784,0.7925830756189652,7
2.440232877407364,1.0936924983731509,7
2.4966775765013973,1.0476359973910516,7
2.235477069367849,0.9952317075967764,7
2.3391530618260785,0.8169565824366257,7
2.306110090745902,1.1180405254685784,7
2.503033294405124,1.016870222628273,7
2.2915771844544337,1.1406051703948965,7
2.3257455786108423,0.9287959584733597,7
2.3688437376304887,0.9909244277513304,7
2.304101273860785,0.7925830756189651,7
2.4402328774072877,1.0936924983733298,7
2.496677576501391,1.047635997391064,7
2.235477069367855,0.9952317075967626,7
2.339153061826081,0.8169565824366245,7
-0.5955902762861689,-2.1442189520477593,63
-0.5593612105350582,-2.189546414999277,63
-0.5796702821157655,-2.026168236320347,63
-0.5368152270990042,-2.142792937706836,63
-0.5955902762861688,-2.144218952047761,63
-0.5593612105350582,-2.189546414999278,63
-0.5796702821157664,-2.026168236320348,63
-0.5368152270990036,-2.142792937706834,63
3.019267483030439,1.6825027330116318,4
2.9978926055987585,1.5503016448409757,4
3.0089355434661718,1.588173603873511,4
3.018363282781203,1.5867799335204136,4
2.9496329441725804,1.536100372060135,4
2.9842616144631586,1.7269055198244816,4
2.9605353434943646,1.705611628265897,4
2.956422020523092,1.6391830443573363,4
2.9970972751981577,1.7183045603765046,4
2.8715082546770825,1.6006430503106586,4
-0.5171026533030214,-2.420264993225248,63
-0.649158934564344,-2.1319824464158867,63
-0.5699049507023666,-2.1617423941469407,63
-0.5753592688549236,-2.0043064918021227,63
-0.5233068260878823,-2.0199382349726176,63
-0.5171026533030213,-2.4202649932252482,63
-0.6491589345643436,-2.1319824464158894,63
-0.569904950702367,-2.1617423941469402,63
-0.5753592688549236,-2.0043064918021223,63
-0.5233068260878824,-2.019938234972619,63
-0.7773978206307074,-0.7985994068367651,66
-0.7912173432752168,-0.8655441883402517,66
-0.7575379736862238,-0.6389257836816743,66
-0.7879780253553094,-0.7238646489592473,66
-0.7773978206305449,-0.7985994068254659,66
-0.7912173432415923,-0.8655441913256999,66
-0.757537973685821,-0.6389257836864745,66
-0.7879780253528494,-0.7238646490596433,66
1.5960978410382123,1.8493186500240408,14
1.467190197775541,1.7065838416476824,14
1.5145877766748805,1.687362098044019,14
1.458192358862668,1.7256926528153504,14
1.4496033068344032,1.6609863479185856,14
1.6073328598740237,1.8793984264458587,14
1.5195995604073351,1.8481718314693492,14
1.4904598259752848,1.7354875475314344,14
1.4284417402441025,1.8064035187320917,14
1.4275879648535346,1.7116220603111814,14
-0.6688796535617227,-1.320550962118478,66
-0.7921598852601188,-0.7898516848098293,66
-0.8130004083483713,-0.9175415271294234,66
-0.7178383884174675,-0.5996515713320542,66
-0.7483396901974159,-0.7495331118947477,66
-0.6688796553078754,-1.3205509302929375,66
-0.7921598852601344,-0.7898516848089684,66
-0.8130004096950171,-0.917541545422114,66
-0.7178383884174759,-0.5996515713319571,66
-0.7483396902061856,-0.7495331117494928,66
-0.7064356474784643,-0.7700428553860712,66
-0.8501328721040133,-0.5329286570390047,66
-0.8574007493635963,-0.7027409028810749,66
-0.7601626870092153,-0.3901156291597315,66
-0.7854262769764495,-0.6796593728227838,66
-0.7064356474784651,-0.7700428553860852,66
-0.8501328721040374,-0.5329286570388526,66
-0.8574007493633813,-0.7027409028941042,66
-0.7601626870092195,-0.3901156291597132,66
-0.7854262769765242,-0.6796593728215483,66
1.559551070522725,1.76831910421262,14
1.6553743619441954,1.6313295483803272,14
1.4489012080319439,1.7480393263623335,14
1.4616536751946503,1.5706320582905728,14
1.4896556346159284,1.6467853126851157,14
1.513698020457349,1.4329331119844466,14
1.5222326023967658,1.756827354233938,14
1.5833676070197233,1.758024257206456,14
1.4502510153999726,1.6428118426456708,14
1.4439327802018262,1.4374230344594618,14
1.5595510705227233,1.7683191042126192,14
1.6553743619441952,1.6313295483803274,14
1.4489012080319412,1.7480393263623317,14
1.461653675194652,1.5706320582905708,14
1.4896556346159302,1.646785312685114,14
1.513698020457352,1.432933111984449,14
1.5222326023967658,1.7568273542339363,14
1.583367607019725,1.7580242572064546,14
1.4502510153999733,1.6428118426456704,14
1.4439327802018276,1.4374230344594636,14
-0.8586071664371155,-1.5081247373100295,65
-0.8585602760200667,-1.6675403103677795,65
-0.8493428328382084,-1.4019895522281236,65
-0.8580911434171312,-1.6289618585794026,65
-0.8586071664371944,-1.508124737309909,65
-0.8585602760416043,-1.66754031030839,65
-0.849342832850957,-1.4019895522058112,65
-0.8580911434218382,-1.6289618585629198,65
2.3437059261851316,2.5123737991923445,0
2.2375375848676375,2.416565129480856,0
2.2751877198194825,2.4093303199272365,0
2.2501565241652264,2.431582496324802,0
2.2260678357325543,2.3624018526286372,0
2.368316907331403,2.5671506311422356,0
2.3022954225237227,2.529527452891986,0
2.2995722433028574,2.4889208066431467,0
2.2725498031532068,2.5374038574913858,0
2.2341841200109394,2.4558927297900914,0
-0.7772414378282549,-2.061223904817641,65
-0.8903041733724727,-1.4765965569111337,65
-0.8413841214180227,-1.6159578670090855,65
-0.8424065510546391,-1.3651353263509205,65
-0.7821636141394285,-1.510125095835551,65
-0.7772414378282548,-2.0612239048176417,65
-0.8903041733724724,-1.4765965569111357,65
-0.8413841214110053,-1.6159578670357677,65
-0.8424065510818785,-1.3651353263011181,65
-0.78216361414126,-1.5101250958332126,65
1.9328337361452927,-1.7979793896368532,43
2.0636954712189324,-1.747281935103256,43
2.041853047607923,-1.863912738689184,43
1.9184110656682074,-1.7208707704114097,43
1.9328337361452927,-1.7979793896368534,43
2.063695471218934,-1.7472819351032554,43
2.0418530476079253,-1.8639127386891847,43
1.9184110656682074,-1.7208707704114101,43
1.4193118608445032,-3.393569738900759,51
1.6125934698648807,-3.03826041842763,51
1.4417195129198426,-3.2061793079522927,51
1.640191938850905,-3.133023724770891,51
1.497746150403761,-3.3670229091857014,51
1.5705415750153024,-3.1346064641020557,51
1.5849411976299774,-3.014285404971746,51
1.6337198716926227,-3.006729826411533,51
1.6515175006652305,-2.976328728334529,51
1.5557238957214496,-3.221857991998245,51
1.9571525783201353,-1.7854658551207425,43
1.896307850880764,-1.7215277524301302,43
1.9169909427335563,-1.713536351218107,43
2.002995166832211,-1.834923688931181,43
1.852106317725105,-1.7452610934394681,43
1.9571525783201358,-1.7854658551207423,43
1.8963078508807665,-1.7215277524301296,43
1.91699094273356,-1.7135363512181052,43
2.0029951668322106,-1.834923688931181,43
1.852106317725105,-1.7452610934394694,43
2.120323883549034,-1.9728297070005647,43
1.9456741203008956,-1.932134428023028,43
2.017911273340328,-1.8175833380344009,43
2.1769472415114963,-1.9948867250233457,43
2.023966608763467,-1.8786674538169674,43
2.120323883549035,-1.9728297070005647,43
1.9456741203008958,-1.9321344280230284,43
2.0179112733403266,-1.8175833380343998,43
2.1769472415114994,-1.9948867250233444,43
2.023966608763466,-1.8786674538169679,43
1.4557154029229133,-3.147691342300959,51
1.4933178325689112,-3.214786790495205,51
1.444319032410994,-3.00060643964951,51
1.673904351575755,-3.080330317257614,51
1.4665333730154233,-3.005795185614222,51
1.6750134152523732,-3.0232320637057173,51
1.4002679799830506,-3.0714099793436485,51
1.6652836785379947,-3.09887005945816,51
1.5513450227634655,-3.041311702889777,51
1.6897522493798904,-3.149644844558489,51
1.4557154078935353,-3.1476913401156494,51
1.4933178332987254,-3.214786790164787,51
1.4443190321869463,-3.0006064397532777,51
1.6739043506353708,-3.0803303177500685,51
1.4665333759182342,-3.005795184239222,51
1.6749877509247866,-3.0232458995625002,51
1.4002695227582336,-3.071409286301922,51
1.6653096221008254,-3.0988564777741723,51
1.5513450229120493,-3.041311702816394,51
1.6897522442497441,-3.1496448471685823,51
-0.8528574606095604,-1.3061964713016372,62
-0.7638073434238702,-1.2208471888594985,62
-0.8437716785304519,-1.17137432147994,62
-0.7902211167374283,-1.233699349757066,62
-0.8528574606095601,-1.3061964713016363,62
-0.7638073434238697,-1.220847188859499,62
-0.8437716785304512,-1.17137432147994,62
-0.7902211167374289,-1.2336993497570645,62
1.8074702342117999,0.3834569845341792,6
1.8336063171996992,0.22369170926785595,6
1.8785367377983555,0.25139296177100323,6
1.8735398766080025,0.264258130172322,6
1.894185658752281,0.19866424500403246,6
1.7246426011145863,0.3944965044751625,6
1.775573242028539,0.3093315775703798,6
1.7196235785048322,0.2981853986408082,6
1.752909829869449,0.32536641671466165,6
1.7594385457024373,0.20721250753672046,6
-0.7043371819883043,-1.4723392841958851,62
-0.8814647962123324,-1.4475294414155646,62
-0.8323903441438061,-1.2563473856210619,62
-0.831540031439597,-1.1090215153062832,62
-0.7561484322045574,-1.230619757773934,62
-0.7043371819883041,-1.4723392841958858,62
-0.8814647962123338,-1.4475294414155653,62
-0.8323903441438048,-1.2563473856210616,62
-0.8315400314395971,-1.1090215153062832,62
-0.7561484322045564,-1.2306197577739344,62
-0.7095204704314902,-1.495758466448432,62
-0.9148799723557377,-1.3209451404775954,62
-0.7973101022282696,-1.2377909362003523,62
-0.8013238858488263,-1.115178182157645,62
-0.7906068671530075,-1.3108030919111058,62
-0.7095204704314897,-1.4957584664484296,62
-0.9148799723557363,-1.320945140477594,62
-0.797310102228271,-1.2377909362003483,62
-0.8013238858488263,-1.115178182157645,62
-0.7906068671530084,-1.3108030919111062,62
1.7692933135400661,0.27817841833341855,6
1.9094337278291846,0.16847542822085937,6
1.7692289975715365,0.21984672246240125,6
1.8357773416482746,0.08950116113870128,6
1.8206452243091424,0.10608816731631505,6
1.7515300428058573,0.02757662390036374,6
1.8432778215651888,0.19122397111048187,6
1.9488034083619905,0.1561998037887138,6
1.7354095182828728,0.1817986310134858,6
1.8045046916159317,0.027648184123305046,6
1.7692933135400648,0.27817841833342166,6
1.909433727829184,0.16847542822085917,6
1.7692289975715374,0.21984672246240092,6
1.8357773416482739,0.0895011611387012,6
1.8206452243091413,0.10608816731631542,6
1.7515300428058584,0.0275766239003637,6
1.8432778215651895,0.19122397111048164,6
1.9488034083619923,0.15619980378871326,6
1.735409518282876,0.18179863101348673,6
1.8045046916159293,0.02764818412330492,6
-0.8958353433948268,-1.7012661777876927,61
-0.8345141629188859,-1.695781427866862,61
-0.907429519825402,-1.6631206261721339,61
-0.8057882338077322,-1.6819201353727864,61
-0.8958353433948256,-1.7012661777876927,61
-0.8345141629188866,-1.695781427866861,61
-0.9074295198254013,-1.6631206261721363,61
-0.8057882338077331,-1.6819201353727917,61
2.4300757238529394,0.6353703872929523,3
2.340463079620704,0.5269976233259022,3
2.392052944841486,0.5549268215280472,3
2.3944058798333376,0.5416734403149337,3
2.309418847345261,0.5051464242627838,3
2.3222019625359067,0.6728629949436365,3
2.23436756987673,0.6536798090792741,3
2.2598179300441967,0.5902273416112914,3
2.239712217256348,0.6761932788462096,3
2.172000850884439,0.5794666352433385,3
-0.8434429824347852,-1.7056045454209803,61
-0.9111933075001601,-1.7714021774027933,61
-0.8819332234757675,-1.6800902922170615,61
-0.9266090280146608,-1.6299896305046555,61
-0.8211898264709339,-1.645932133231188,61
-0.8434429824347847,-1.7056045454209796,61
-0.9111933075001601,-1.7714021774027946,61
-0.8819332234757681,-1.6800902922170617,61
-0.9266090280146604,-1.6299896305046562,61
-0.8211898264709341,-1.6459321332311885,61
-1.8398958031822086,0.09920594796281994,68
-1.8581193748970954,0.22173814366445704,68
-1.8228942910994825,0.2094377161810154,68
-1.8334665704484743,0.16051966780823043,68
-1.839895802877477,0.0992059468028581,68
-1.8581193749446976,0.22173814388824092,68
-1.8228942911004629,0.20943771618541476,68
-1.8334665704463904,0.16051966780046628,68
0.6466060183375125,1.352907835912786,11
0.5415293758423112,1.2199733279183445,11
0.6167746839231468,1.2262336943007686,11
0.5789219532289098,1.2531390658001553,11
0.5633053829762019,1.1567614200500032,11
0.6137342845989981,1.391465567992656,11
0.5518534341672259,1.2891707111996122,11
0.5543575356476425,1.26509974667571,11
0.4862458892208575,1.3240245858231083,11
0.5384554227898419,1.1347495157994203,11
-1.435194024855062,-0.5127087792318606,68
-1.793762929280974,-0.08765170718840726,68
-1.8325590272296206,0.1294018181926391,68
-1.6702150126016215,0.12522147984140652,68
-1.6687822720084664,0.04135661222890979,68
-1.435194026026436,-0.5127087738167521,68
-1.79376292915708,-0.08765170786554125,68
-1.8325590270859073,0.12940181765549064,68
-1.670215012601694,0.12522147984184337,68
-1.668782272008855,0.041356612230865605,68
-1.4428053606910347,-0.17935750093790434,68
-1.7451934212272282,0.00832489806184437,68
-1.6974021252876565,0.19448207820717064,68
-1.5702578925138562,0.07827337714912255,68
-1.5905402722175237,-0.04833191661244756,68
-1.4428053606961664,-0.17935750091426123,68
-1.7451934212290194,0.008324898072786786,68
-1.697402125290551,0.19448207822274768,68
-1.570257892513857,0.0782733771491316,68
-1.5905402722175799,-0.048331916612173294,68
0.6218711642561475,1.2859306117483085,11
0.7197408739729381,1.1442052755678707,11
0.5437939206505582,1.2967309283335144,11
0.5711415073123394,1.1991727161971122,11
0.5333837644389965,1.1036401518839425,11
0.6244526406985554,0.9622950654591693,11
0.504437680676845,1.1963054625580374,11
0.5950531832688326,1.2112815989829406,11
0.5505296260395075,1.1853689958522413,11
0.5779905224733126,0.9937969637257246,11
0.6218711642561479,1.2859306117483067,11
0.7197408739729375,1.1442052755678693,11
0.5437939206505588,1.2967309283335144,11
0.5711415073147887,1.1991727161963635,11
0.5333837644389964,1.103640151883942,11
0.6244526406985517,0.9622950654591683,11
0.5044376806768447,1.1963054625580372,11
0.5950531832688791,1.2112815989829253,11
0.5505296260395078,1.1853689958522406,11
0.5779905224733181,0.9937969637257212,11
-1.349176127361469,-0.8181408179566283,67
-1.2708749924060248,-0.7667127545139234,67
-1.3201461493091848,-0.6939383505819817,67
-1.2929244511602904,-0.8258267292647343,67
-1.3491761273613383,-0.818140817957009,67
-1.2708749924059148,-0.7667127545144022,67
-1.3201461493091646,-0.6939383505820808,67
-1.292924451160004,-0.8258267292656967,67
1.6760945532813198,2.0547050842066676,1
1.6170406625703329,1.9671736640903816,1
1.6647298183689048,1.9812256684580964,1
1.648283059893992,1.980417109566462,1
1.593348082493353,1.8593950883325627,1
1.6554231871671468,2.1734533294275296,1
1.5754726850668006,2.094998592037493,1
1.621413672569925,2.098090832000784,1
1.5735339811050348,2.1342506749784516,1
1.5452280711575106,2.011778302466739,1
-1.2083367333495176,-0.8733295287137496,67
-1.3681600975389656,-1.012100438393439,67
-1.3324398367146097,-0.682279844704307,67
-1.3617132532177105,-0.6373983620607332,67
-1.2768521638422015,-0.8273972443923242,67
-1.2083367333493433,-0.8733295287142875,67
-1.368160097540091,-1.0121004383900132,67
-1.3324398367148247,-0.6822798447033955,67
-1.361713253217712,-0.6373983620607175,67
-1.276852163842932,-0.8273972443899719,67
-0.6218332429755924,-1.261316816064853,64
-0.5777163972524736,-1.2397605538312622,64
-0.6402166113606115,-1.2067246484064738,64
-0.5708218046750474,-1.214436843731766,64
-0.6218332429755924,-1.2613168160648527,64
-0.5777163972524743,-1.2397605538312624,64
-0.6402166113606109,-1.2067246484064744,64
-0.5708218046750476,-1.214436843731766,64
2.054824100944189,1.19731380268861,7
2.000237904074477,1.0247129873830547,7
2.0060277838917564,1.0361389548287365,7
2.031976824220569,1.0270472070213152,7
2.006740057285864,0.9328205735283774,7
2.072229030345209,1.2296525331298913,7
2.04747577606896,1.1443687348690708,7
2.0189373609192396,1.0454054331425964,7
2.02968019917326,1.1480805916439232,7
1.9755984973013285,0.9492321807690194,7
-0.48009658212390666,-1.4052071849851104,64
-0.6563512549894914,-1.3617190105482941,64
-0.61328988859068,-1.20266558205988,64
-0.6351486155330788,-1.0503330953364123,64
-0.5432153724085935,-1.1501547505120762,64
-0.48009658212390643,-1.4052071849851107,64
-0.6563512549894912,-1.3617190105482933,64
-0.6132898885906805,-1.2026655820598813,64
-0.6351486155330784,-1.0503330953364116,64
-0.5432153724085942,-1.1501547505120764,64
-0.4632885492130973,-1.2123886315579173,64
-0.7006612145914476,-1.206246065593381,64
-0.560526422056124,-1.122645777584798,64
-0.6528681718160155,-1.074873251440413,64
-0.5574873952103409,-1.146685458710997,64
-0.4632885492130975,-1.2123886315579184,64
-0.7006612145914476,-1.206246065593383,64
-0.5605264220561239,-1.1226457775847982,64
-0.6528681718160154,-1.0748732514404091,64
-0.5574873952103411,-1.1466854587109958,64
2.0048026446371483,0.9539991710804024,7
2.1864289174761686,0.8365731580627952,7
1.9693706116094347,0.9519825887509223,7
2.0227132686842104,0.7601312672019749,7
1.979684496891873,0.8392048660828801,7
2.0184410821870302,0.6810796349116237,7
2.0382671684909144,0.9800118547675816,7
2.105038347653138,0.9764603889656418,7
1.9511872211658665,0.836952493266595,7
2.0346068070153334,0.6752610784332145,7
2.0048026446371545,0.953999171080394,7
2.1864289174761358,0.8365731580627886,7
1.9693706116094378,0.9519825887509118,7
2.0227132686842104,0.7601312672019747,7
1.9796844968918725,0.8392048660828803,7
2.01844108218703,0.6810796349116242,7
2.038267168490855,0.9800118547677674,7
2.105038347652898,0.9764603889663804,7
1.9511872211658672,0.836952493266595,7
2.034606807015335,0.6752610784332151,7
-0.7272174903439386,-1.972928630034437,63
-0.6775596773225135,-1.984256788123471,63
-0.7392507290958508,-1.9527127729606657,63
-0.6550639329540465,-1.9624997463787242,63
-0.7272174903439387,-1.9729286300344357,63
-0.6775596773225141,-1.9842567881234705,63
-0.7392507290958508,-1.9527127729606648,63
-0.6550639329540469,-1.9624997463787228,63
2.7367074762420516,1.6337938219921297,4
2.694055969855888,1.4498514307280188,4
2.729123329453804,1.4648779608031743,4
2.7057837905378457,1.4624250681941742,4
2.681387180865868,1.3606673247443544,4
2.670756898583934,1.6614547398435109,4
2.6972008297053773,1.5744307729046567,4
2.6807913901035962,1.5159060293342594,4
2.650947872867448,1.6051166478598335,4
2.6439717282882325,1.4478037415033955,4
-0.6132288803896297,-2.1623423564701634,63
-0.761469278465313,-1.9653185954847385,63
-0.7003008809668754,-1.9337699522303635,63
-0.7387553364236412,-1.9039106850205794,63
-0.6530297993728582,-1.8719014555894542,63
-0.61322888038963,-2.162342356470164,63
-0.7614692784653131,-1.9653185954847388,63
-0.7003008809668754,-1.933769952230365,63
-0.7387553364236408,-1.9039106850205794,63
-0.6530297993728582,-1.871901455589454,63
-1.0607308732808776,-0.8378124035701616,66
-1.0533386963330047,-0.6535041240450019,66
-1.0692217616134734,-0.5760302393878524,66
-1.0714143847793907,-0.5895102344420707,66
-1.0607308732758285,-0.8378124037286495,66
-1.053338696336763,-0.653504124033878,66
-1.0692217616134596,-0.576030239387902,66
-1.0714143847793998,-0.5895102344420438,66
1.1690882159317622,1.6787653183813591,14
1.0118035823832636,1.5008243191670385,14
1.0437665204399398,1.4764334393580951,14
0.9988368715001696,1.512505072961141,14
0.9914185498255266,1.4521206656431553,14
1.155383008355195,1.7589383710713518,14
1.0899306779295224,1.6084210794847649,14
1.0413174894400086,1.5518052979859853,14
1.020753645378728,1.5989193672164062,14
0.9994413422918526,1.4743133099254653,14
-0.9137794336755376,-1.0620950202691815,66
-1.0459492889310584,-0.7321174990860106,66
-1.09215997150533,-0.6346597047846081,66
-1.0291366973806064,-0.4839962197293402,66
-1.0039104456120702,-0.5592451665409568,66
-0.91377943366745,-1.0620950204268191,66
-1.045949288931066,-0.7321174990859627,66
-1.092159971505163,-0.6346597047852081,66
-1.029136697380604,-0.48399621972933976,66
-1.0039104456120684,-0.559245166540974,66
-0.8781449111584537,-0.6947101424395429,66
-1.1964946851491367,-0.5334736801077324,66
-1.093735956749772,-0.4703171487041626,66
-1.0823635060269485,-0.3809137345380156,66
-1.0045291197058515,-0.5680955782331407,66
-0.8781449111584542,-0.6947101424395423,66
-1.1964946851491443,-0.5334736801077137,66
-1.0937359567497713,-0.4703171487041629,66
-1.0823635060269468,-0.3809137345380162,66
-1.004529119705849,-0.5680955782331436,66
1.2142448394807392,1.6236589636581253,14
1.3324825322218798,1.5000302721058847,14
1.114363861879474,1.576372908682753,14
1.124570763488003,1.4143912576723654,14
1.0779029803499849,1.4476654810927403,14
1.1352523178846188,1.2265420164174266,14
1.1315466816161315,1.6060974723669554,14
1.2082141007704623,1.595193348965496,14
1.0689994204621527,1.4747827624948358,14
1.063915802164349,1.2712341336800546,14
1.214244839480739,1.6236589636581251,14
1.3324825322218836,1.5000302721058831,14
1.114363861879475,1.5763729086827545,14
1.1245707634880042,1.4143912576723672,14
1.0779029803499842,1.4476654810927416,14
1.1352523178846186,1.2265420164174254,14
1.1315466816161295,1.6060974723669597,14
1.2082141007704628,1.5951933489654921,14
1.0689994204621536,1.4747827624948362,14
1.0639158021643491,1.271234133680054,14
-1.0842629939456052,-1.2525643854159652,65
-1.0677717060177803,-1.3029771977623317,65
-1.1155530668622564,-1.2013794990143052,65
-1.0481571381281949,-1.3238607106471478,65
-1.0842629939457524,-1.2525643854156032,65
-1.067771706015737,-1.3029771977674778,65
-1.1155530668623042,-1.2013794990141906,65
-1.04815713812806,-1.3238607106474893,65
1.977981707573274,2.382738230227644,0
1.8830143773800452,2.2546400488229312,0
1.9046094444412534,2.2343012669436573,0
1.8848799314759883,2.265291598157633,0
1.8557511087020853,2.16294657645353,0
1.9730565725475997,2.4555806320764013,0
1.928459794405621,2.380510420959853,0
1.9327325610881603,2.32735019625145,0
1.8942075435351424,2.378976049969319,0
1.8853295583819423,2.2432931281400936,0
-1.0042022920522127,-1.6275178725958526,65
-1.1148543442940737,-1.285803322687296,65
-1.0414801519118049,-1.204912078817166,65
-1.0634003877992044,-1.0999880802338677,65
-1.000969003989111,-1.2085471697912509,65
-1.0042022920664944,-1.627517872564161,65
-1.1148543442940573,-1.285803322687324,65
-1.0414801519123467,-1.2049120788153294,65
-1.0634003877992044,-1.0999880802338686,65
-1.0009690039892642,-1.208547169790672,65
2.0499202293511196,-1.7439762067579678,43
2.1427824942498916,-1.610971266119656,43
2.1585151323780165,-1.7566122897894332,43
2.02860627078661,-1.6293844549010457,43
2.04992022935112,-1.7439762067579647,43
2.142782494249894,-1.610971266119656,43
2.1585151323780165,-1.7566122897894318,43
2.028606270786612,-1.6293844549010446,43
1.3328458798758431,-3.2026494129592975,51
1.4774867779883005,-2.829448961326853,51
1.4028005721083512,-3.0236963682791504,51
1.5845991912403465,-2.966594559269754,51
1.4230461034035182,-3.2358359992860426,51
1.4906170127855685,-2.890693640415174,51
1.5241198354476215,-2.712762592463744,51
1.5640419336910802,-2.73476378996566,51
1.6152580935795053,-2.74815369914086,51
1.537354867126869,-2.9598752550657492,51
2.1090846490869244,-1.7054542362280614,43
2.013205715018294,-1.6811602576098619,43
2.0376877906636675,-1.6302608251205715,43
2.155633240565467,-1.7651167322759167,43
2.010165637227839,-1.7250183601658209,43
2.1090846490869244,-1.70545423622806,43
2.0132057150182967,-1.681160257609862,43
2.037687790663666,-1.630260825120572,43
2.155633240565464,-1.7651167322759143,43
2.010165637227839,-1.7250183601658213,43
2.2862869389545297,-1.8277578208005956,43
2.1339373630510687,-1.779991631757312,43
2.195570247840062,-1.6770210375402008,43
2.3404563109403353,-1.8212233986877449,43
2.232217594699993,-1.7692957796502289,43
2.2862869389545297,-1.8277578208005933,43
2.133937363051067,-1.779991631757313,43
2.1955702478400614,-1.677021037540201,43
2.340456310940332,-1.8212233986877453,43
2.2322175946999954,-1.7692957796502287,43
1.384053688573601,-3.011810731127625,51
1.4581038387499217,-3.0672947596339237,51
1.3321825644338925,-2.8652081299673924,51
1.6800454137941931,-2.907296803932925,51
1.394976137840328,-2.8154837328301174,51
1.6237675962194453,-2.7675215808926454,51
1.3358866511636336,-2.874521989037088,51
1.7189778571404857,-2.9145574996965324,51
1.4820437999494673,-2.9063014788428854,51
1.694563890804559,-2.9670346654524793,51
1.3840536885473709,-3.0118107311399096,51
1.4581038388485728,-3.067294759587579,51
1.332182564432128,-2.8652081299682757,51
1.6800454138850105,-2.907296803880999,51
1.3949761378342496,-2.815483732833359,51
1.623767596229095,-2.7675215808868274,51
1.3358866511640362,-2.874521989036886,51
1.7189778569807659,-2.9145574997899963,51
1.482043799926824,-2.9063014788546147,51
1.6945638902572655,-2.9670346657546176,51
-2.0204883092260473,0.9162218201799427,62
-1.8802289191821304,0.8602120377276061,62
-2.0383721051890586,0.9208375869452997,62
-1.9564063997264731,0.8278365807135009,62
-2.020488319701844,0.9162216859233435,62
-1.8802289191821262,0.860212037727602,62
-2.038372105261647,0.9208375865883168,62
-1.9564063989053553,0.8278365833502733,62
1.6951812088362763,0.5537364578889337,5
1.733335564135598,0.2857430512845941,5
1.8142603391432632,0.3295984314590511,5
1.7153307152234303,0.33520622283396145,5
1.7281308240015967,0.19306632659504133,5
1.7368773302975213,0.43563103200223147,5
1.6973710871844034,0.36449632078170296,5
1.8250020457441896,0.3062711916998136,5
1.6752258330488836,0.3371893698124409,5
1.7800795901334932,0.2629583650427814,5
-1.4283106381941568,0.5478777014259264,62
-2.1146594853914107,0.9229428223861541,62
-1.900203165269708,0.7349919752652873,62
-1.8631607041772482,0.8266182787774904,62
-1.7374382885864557,0.7440408544745303,62
-1.4283099076615495,0.5478768744099366,62
-2.114659281945672,0.9229466317927797,62
-1.9002031653632379,0.734991974369722,62
-1.8631607040248155,0.8266182792391606,62
-1.737438288451795,0.7440408523360523,62
-1.682478918480243,-0.41816490256381483,61
-1.5171936408567652,-0.4472442555476891,61
-1.6541647760298215,-0.32050941342602773,61
-1.492697817749853,-0.4960343271530026,61
-1.6823343632804428,-0.4187054852819079,61
-1.517188079382429,-0.44727475414993473,61
-1.6540382286935185,-0.3210936369016932,61
-1.492700262598349,-0.4960233695769362,61
2.4754882734211705,1.9038077089488332,3
2.778756297403578,0.4834875702667288,3
2.910244423061303,0.4066860646806817,3
2.8201507194141815,0.46611261827674305,3
2.75380572886883,0.44143225859371416,3
2.8701600477257987,1.1537005377197038,3
2.868306224997295,0.4711572569172667,3
3.00528693442291,0.33180632886994943,3
2.7650617242962023,1.0627661969482387,3
2.78048407102137,0.9622523214187706,3
-1.1286756131036682,-0.5683236055219426,61
-1.678770367739616,-0.4833355260783995,61
-1.5753771569138735,-0.3207912778534439,61
-1.5785145130808638,-0.07528579739817821,61
-1.381543625583949,-0.3104650266321445,61
-1.1286756059037342,-0.5683236208736424,61
-1.6770968588686759,-0.48864767432306117,61
-1.5753800011612222,-0.32077289517910895,61
-1.5785172838884893,-0.07527215121526248,61
-1.3815436228596492,-0.31046504586590234,61
-2.385209376594983,1.49023605546425,68
-2.3830865994487445,1.422641774235074,68
-2.4238287842118047,1.5175328519082154,68
-2.4760618336660443,1.4680167102424042,68
-2.3852093765949847,1.490236055464251,68
-2.383086599448745,1.422641774235075,68
-2.4238287842118034,1.5175328519082163,68
-2.476061833666044,1.468016710242405,68
-0.1646176005343945,3.043977889524051,10
-0.4540718366773146,2.8721433226315876,10
-0.4189535411475649,2.8977610535474336,10
-0.445725626518927,2.846882645917149,10
-0.4955539491656325,2.793689034365724,10
-0.20987079158526237,3.125878663754951,10
-0.2007095810916344,2.947333681355739,10
-0.23734500167791892,3.0781282094098836,10
-0.3370257124506556,2.929454822118458,10
-0.3140728834273291,3.0037247403503224,10
-2.14685439327424,1.2215605170949675,68
-2.426847538982167,1.4869172262349446,68
-2.386061606693396,1.4135414136605962,68
-2.326458207571512,1.4737864995791836,68
-2.352038544533965,1.4374520279034686,68
-2.14685439327424,1.2215605170949662,68
-2.4268475389821673,1.4869172262349437,68
-2.3860616066933975,1.4135414136605964,68
-2.326458207571515,1.473786499579183,68
-2.352038544533965,1.4374520279034697,68
-2.086561972074721,0.8297108067959066,67
-2.0544408350662966,0.8336178546096993,67
-2.101321811909677,0.8734884284129307,67
-2.082238629968989,0.8153178543479753,67
-2.0865619720747195,0.8297108067959073,67
-2.054440835066296,0.8336178546096984,67
-2.101321811909675,0.8734884284129306,67
-2.0822386299689892,0.8153178543479762,67
1.5127460597434212,3.381447358023999,1
1.433588382560396,3.3329221577671237,1
1.442996030551609,3.3426480039180366,1
1.4048427634459826,3.2753740721002105,1
1.397966413019303,3.2621896790483373,1
1.485591603374618,3.480497879467956,1
1.4242926758336476,3.419320847333242,1
1.5176608900188417,3.4480647169226866,1
1.3537083108693615,3.40502324521466,1
1.3786499283653333,3.439823202444976,1
-1.8334706217017818,0.6662614037776502,67
-2.086984399337753,0.8408767955776127,67
-2.0307562497401572,0.8412353761049086,67
-2.0066762863324104,0.8854149896755644,67
-1.9143675812960683,0.8262798137081455,67
-1.8334706217017809,0.6662614037776508,67
-2.086984399337754,0.8408767955776123,67
-2.030756249740159,0.8412353761049081,67
-2.0066762863324112,0.8854149896755639,67
-1.9143675812960703,0.8262798137081466,67
-1.251576781649708,0.5396236384722669,64
-1.1714119446697842,0.41144564968598635,64
-1.3063729377240934,0.5298795106390881,64
-1.1826881653496804,0.3587390590495705,64
-1.2515767816501726,0.539623638472864,64
-1.1714119446711102,0.41144564968830416,64
-1.3063729376858166,0.5298795105853978,64
-1.182688165349763,0.3587390590497589,64
1.305923816150902,1.529739828861302,12
1.3929167668927984,1.3842555275694395,12
1.4229503667608585,1.4255955510712215,12
1.3568672324118527,1.3807100910658512,12
1.2821147022637258,1.3140848564796794,12
1.342391599722721,1.622588881905272,12
1.4948411454310897,1.5661670518152393,12
1.4643501542039614,1.56040604498683,12
1.4516166432098743,1.5500882941314948,12
1.4066180037826337,1.5153280848830897,12
-1.0612535008442117,0.47424544428785775,64
-1.1988930121772612,0.43031726622558436,64
-1.1770560332949258,0.37551756119402846,64
-1.2125382616756195,0.47551465493730927,64
-1.1506898898856845,0.3642129475218431,64
-1.0612535008429649,0.4742454442864093,64
-1.1988930121781185,0.4303172662270742,64
-1.177056033294917,0.37551756119400326,64
-1.2125382616755456,0.4755146549371906,64
-1.1506898898857063,0.3642129475218925,64
-1.4622284736565931,-0.15178939180566214,63
-1.1444748781653395,-0.111284175557361,63
-1.4629362179328433,-0.10526052577986103,63
-1.200009834395629,-0.17885216270464865,63
-1.4622285623661162,-0.15178776702363717,63
-1.1444748861904857,-0.1112843191934652,63
-1.4629361988858571,-0.10526094950643625,63
-1.200009994178937,-0.17885355576345002,63
2.144542697072803,2.2302130589913847,4
2.110331519427071,2.0677330899214996,4
2.127759727424017,2.1028301063431014,4
2.1130709410884942,2.0692026951090496,4
2.0776252629240597,2.058146480999684,4
2.1638969885736308,2.1932655043498923,4
2.165904174518205,2.207916923853608,4
2.1991694540496414,2.175285940404341,4
2.108808831137879,2.1886985296417216,4
2.1181674028646724,2.1605950487307064,4
-1.0606544501594972,0.020664685726132757,63
-1.5266266240970998,-0.2147785175968022,63
-1.3257641746110984,-0.15238117884097438,63
-1.4425942535036416,-0.03113409010170301,63
-1.1662093796292536,-0.0675930437207302,63
-1.060654456369085,0.020665434830483373,63
-1.526624941760468,-0.21479260855090937,63
-1.3257642717423659,-0.15238166626917637,63
-1.44259432980695,-0.031134758291376838,63
-1.166209382400341,-0.0675931376750144,63
-1.8695823434466121,1.0697033927517279,66
-1.8201017313026622,1.0034798613627662,66
-1.919502138210663,1.0930722349094242,66
-1.8794002408852986,1.0259836516392447,66
-1.8695823434466121,1.0697033927517277,66
-1.820101731302663,1.003479861362766,66
-1.9195021382106616,1.0930722349094233,66
-1.8794002408852992,1.0259836516392458,66
0.35994978000305605,2.706074227421957,12
0.3612212508774253,2.6146990172052487,12
0.3255056360575561,2.5823982153040275,12
0.22278487944356679,2.576190424806485,12
0.12904089355918294,2.5712670693066744,12
0.5265788451868582,2.7607712105964266,12
0.5109729443968094,2.702310643736719,12
0.5201670862265213,2.7262640482297162,12
0.37903619902923286,2.6878152606571617,12
0.41221913229720436,2.760885645814616,12
-1.8541877534647513,1.0232600494228756,66
-1.8334960165600795,1.0183598998074672,66
-1.8317698281299242,0.9847195382494506,66
-1.8317891914685245,1.0459331584515588,66
-1.8437145438896927,1.0432380544061797,66
-1.854187753464751,1.0232600494228752,66
-1.8334960165600815,1.0183598998074685,66
-1.831769828129925,0.9847195382494516,66
-1.8317891914685211,1.045933158451557,66
-1.8437145438896914,1.04323805440618,66
-1.812283577860401,0.5978225695989704,65
-1.6662740776397704,0.6219074564244785,65
-1.7868426131192352,0.5990223065632876,65
-1.7363810659150705,0.6009871328855868,65
-1.812283577860401,0.597822569598971,65
-1.6662740776397715,0.6219074564244781,65
-1.786842613119236,0.5990223065632879,65
-1.7363810659150725,0.6009871328855869,65
1.4506843021898055,3.1917158052380286,1
1.415454464429994,3.10279774238337,1
1.4054537805998037,3.075694249223209,1
1.36501381306966,3.053667930901715,1
1.3504994603809957,3.0506126824358426,1
1.4421595150338882,3.2279938585589876,1
1.4083468333323685,3.213351019313783,1
1.4533806362677635,3.1771306826662835,1
1.3399742693453576,3.1811725039261107,1
1.3820335600931344,3.1779772614906947,1
-1.7489875451248058,0.6837283610325534,65
-1.7724033550129534,0.5471771751984513,65
-1.6699287991598322,0.6112095690738222,65
-1.796831150714452,0.6453603721611767,65
-1.642428000948496,0.644552416800332,65
-1.748987545124807,0.683728361032553,65
-1.772403355012952,0.5471771751984508,65
-1.6699287991598335,0.6112095690738225,65
-1.7968311507144503,0.6453603721611769,65
-1.642428000948494,0.6445524168003327,65
2.076999349601167,-1.5317755140467462,44
2.317918824904039,-1.436788688355164,44
2.2806501007544426,-1.4218946471038052,44
2.1430397939882155,-1.4340261624207,44
2.0769993496011656,-1.5317755140467462,44
2.3179188249040386,-1.4367886883551653,44
2.280650100754442,-1.4218946471038068,44
2.1430397939882138,-1.4340261624206996,44
1.991440317299581,-2.8284406481541913,52
2.05792274803069,-2.5215457273655457,52
2.023010151367939,-2.661431293004472,52
2.1820985296716717,-2.6495922532993603,52
2.0771658235751773,-2.8624424367800336,52
1.9879535426676163,-2.7486305049804205,52
2.0612177338567355,-2.659447156583788,52
-2.4418493960967567,2.0247964484552394,52
-2.2964232576138968,1.947109694438368,52
2.1073406826347303,-2.7484078231436135,52
2.1461333825878657,-1.4387142754884186,44
2.061544914601222,-1.4338084283861392,44
2.257845697081411,-1.3125704164784342,44
2.2828024927686346,-1.3659103518998155,44
2.0625463909367014,-1.3790931342931998,44
2.146133382587866,-1.438714275488418,44
2.061544914601221,-1.4338084283861374,44
2.2578456970814162,-1.3125704164784344,44
2.2828024927686337,-1.3659103518998155,44
2.0625463909366997,-1.3790931342931996,44
2.3892832235438632,-1.3826405669515636,44
2.1501387978944875,-1.2476192167443614,44
2.331996103775884,-1.222876081604371,44
2.4112235232889208,-1.2534127223828475,44
2.253242236350028,-1.234479488514942,44
2.3892832235438632,-1.382640566951565,44
2.1501387978944875,-1.2476192167443614,44
2.331996103775881,-1.2228760816043722,44
2.4112235232889194,-1.2534127223828497,44
2.2532422363500295,-1.234479488514941,44
2.05336161935115,-2.6925766754950624,52
2.1478332000705818,-2.7908190349071798,52
1.9415294247653498,-2.562541130779939,52
-2.3292906431185054,1.9166764574656954,52
2.042619243927431,-2.564700760526315,52
2.2279606971170347,-2.6331240049118962,52
1.9673829861283731,-2.522893857943619,52
2.2783960366479223,-2.717917132396351,52
2.076143481642036,-2.6169368056612634,52
-2.463557045330848,2.025311011018644,52
2.0533616193511413,-2.692576675495068,52
2.1478332000708558,-2.7908190349069604,52
1.9415294247653236,-2.562541130779962,52
2.1500933024566575,-2.6349247925852106,52
-2.1273677559121316,1.798082417230347,52
2.227960697117108,-2.633124004911836,52
1.9673829861282706,-2.522893857943713,52
-2.4752673501382105,2.121667131203971,52
2.0761434816420143,-2.6169368056612856,52
2.2249457458528537,-2.7274974788767987,52
-1.9465584200872272,0.9156591459252759,62
-1.7225670998839326,0.8240377316280386,62
-1.908214664621963,0.8913367533377319,62
-1.7940387691755724,0.8170520277413924,62
-1.9465584179308386,0.9156591244709951,62
-1.7225670998809055,0.824037731621052,62
-1.9082146646226317,0.8913367533250468,62
-1.7940387692549826,0.8170520269037105,62
1.6458037476636345,0.43683814866106185,5
1.635987812786517,0.2414584885608586,5
1.7204841091266452,0.2839023236747517,5
1.672185876526557,0.2905405864313116,5
1.6526748207512703,0.18914868998505677,5
1.6467770808674984,0.3898847436422737,5
1.645671439091285,0.32683559165177944,5
1.713211473888553,0.2786764592176052,5
1.6311580848863347,0.31826196592926603,5
1.7003543288551413,0.2308686959168526,5
-1.3155775032878125,0.5389801726347413,62
-2.037409959318059,0.9168007569335903,62
-1.7151833610738327,0.7405687891942399,62
-1.7773340607078505,0.8474831397172776,62
-1.673611649245585,0.7619190450843711,62
-1.3155775454218017,0.5389802216211865,62
-2.0374097131228623,0.9168029749194815,62
-1.7151833610534757,0.7405687890291288,62
-1.777334060723004,0.8474831397421995,62
-1.6736116492004762,0.7619190450281871,62
-1.6256179988448414,-0.30037975292086483,61
-1.481628653392744,-0.2612996566797525,61
-1.6087139533424972,-0.2255710201459869,61
-1.4664773205058272,-0.29653211443379884,61
-1.6256171151013707,-0.30038464211857324,61
-1.481635652891798,-0.2612508191816256,61
-1.6087154412699698,-0.22556329379161702,61
-1.4664786593642962,-0.2965229562457665,61
2.804953048192527,0.7227826988816523,3
2.696894855939585,0.3790691296919571,3
2.805662931559107,0.39927433173006877,3
2.7160130170795593,0.40217671174857095,3
2.7037581690666737,0.33765382792620074,3
2.490656586843717,1.7423875949755991,3
2.7220322834424375,0.4823800377356421,3
2.9122862979037363,0.3262219035401627,3
2.711907985790316,0.4929693553612387,3
2.712404843342077,0.44771882011263286,3
-1.0467312227835415,-0.47276475009010377,61
-1.6973152963937024,-0.39517001985472244,61
-1.5013218491969147,-0.13609928397578547,61
-1.512305579470748,-0.0023451048639718,61
-1.2593631372314107,-0.1739177357983448,61
-1.0467312189864304,-0.4727647585181594,61
-1.6972506154876288,-0.39540248363635283,61
-1.501305997042943,-0.1362118903141524,61
-1.5123060033968867,-0.0023763395295176813,61
-1.2593634503182594,-0.17391941718049816,61
-2.371831938568897,1.4485305449197747,68
-2.3108229198501467,1.360658954719641,68
-2.3829847153049517,1.4424215853316262,68
-2.4069841229053357,1.4050832403083209,68
-2.371831938568898,1.4485305449197752,68
-2.310822919850147,1.360658954719641,68
-2.3829847153049517,1.4424215853316271,68
-2.406984122905335,1.4050832403083215,68
0.09428545637749823,2.8239660921623813,10
-0.25984894554338056,2.5876059025658225,10
-0.13721342628384378,2.662724642092764,10
-0.28996529156042716,2.6026900950888003,10
-0.30859003620096476,2.535486251171458,10
0.059616947281144854,2.8888244663220166,10
-0.002174038114611802,2.6932580784772284,10
0.07164784855796753,2.821198970350725,10
-0.14175573439772157,2.7134036368055927,10
-0.2229256744455783,2.7532871712791147,10
-2.096619240847424,1.198877067379729,68
-2.4141754881360695,1.4488208648988714,68
-2.3072430201599254,1.3715414204262109,68
-2.3092145545623404,1.4219617331382974,68
-2.318657402233023,1.4087973330225565,68
-2.096619240847425,1.1988770673797304,68
-2.4141754881360686,1.4488208648988707,68
-2.3072430201599254,1.3715414204262122,68
-2.3092145545623413,1.4219617331382977,68
-2.318657402233025,1.4087973330225572,68
-2.1293308834339393,0.8358806120475778,67
-2.1103436276639704,0.9042371200011038,67
-2.1381952372321247,0.8806540936754483,67
-2.1568808525546914,0.8965882898653046,67
-2.129330883433937,0.8358806120475778,67
-2.110343627663968,0.904237120001103,67
-2.1381952372321233,0.8806540936754486,67
-2.1568808525546905,0.8965882898653044,67
1.592558175845947,3.196822236843182,1
1.5143064932861052,3.1618258856628207,1
1.560458448515647,3.152839324776555,1
1.495725021888219,3.095145169747675,1
1.4618022525344643,3.082379802551281,1
1.5629682490323686,3.29733455101206,1
1.506575237988825,3.2523943893768132,1
1.5940946054842078,3.280805932394432,1
1.4447909348926051,3.280393029565928,1
1.420664715291161,3.278986535068177,1
-1.8706280672242377,0.6954545018815331,67
-2.167922744981197,0.8763324042661554,67
-2.0566934623251427,0.8957546190019221,67
-2.062079829025444,0.8884996254855271,67
-1.9895618781769027,0.8775307072700792,67
-1.8706280672242372,0.6954545018815336,67
-2.167922744981196,0.8763324042661553,67
-2.0566934623251414,0.8957546190019222,67
-2.0620798290254436,0.8884996254855272,67
-1.9895618781769027,0.8775307072700776,67
-1.2033649233563029,0.4555781755537325,64
-1.0904927409414247,0.3756781414251227,64
-1.2359989288846494,0.439146144764829,64
-1.1083989413983588,0.324960050238219,64
-1.2033649233539823,0.4555781755500628,64
-1.0904927409413943,0.3756781414250523,64
-1.2359989288887274,0.43914614477204955,64
-1.108398941398362,0.32496005023822255,64
1.4006212389525599,1.4097907223042214,12
1.4166126442776092,1.2494998201314518,12
1.4444377433752684,1.2857692249811317,12
1.4119631829098853,1.2813081148801557,12
1.3706048427340554,1.1834622059826267,12
1.373859675520609,1.4222257795488165,12
1.491094551478361,1.4110194601316808,12
1.4804517124410148,1.3750452821316241,12
1.4420628010987298,1.3785263820771436,12
1.4057593245400097,1.3251634198241247,12
-0.9628761436165609,0.4192689615602252,64
-1.1598732044637736,0.35905838581248306,64
-1.1139795332609,0.3566179686180753,64
-1.1467463567691858,0.39192569447791975,64
-1.0769151373290486,0.30833491377628314,64
-0.9628761436165997,0.41926896156026966,64
-1.159873204462379,0.359058385809546,64
-1.1139795332609008,0.35661796861807815,64
-1.1467463567691987,0.3919256944779366,64
-1.0769151373290553,0.30833491377629335,64
-1.4970521223816984,-0.12550135980475255,63
-1.1513145416857355,0.020926981083912714,63
-1.4789887829577126,-0.07822844548831336,63
-1.2138636091798913,-0.016854375870460975,63
-1.4970522893949663,-0.12550003865036405,63
-1.1513145423490416,0.020926990980114087,63
-1.4789887736433767,-0.07822903239047951,63
-1.2138636103363714,-0.01685424002856744,63
2.147509048844416,2.1193851461927933,4
2.1150098439806237,1.9576664934725314,4
2.1329263621932197,1.984734488877167,4
2.1388448555907384,1.9872562342244338,4
2.102734893593641,1.9693217910307923,4
2.1505238841525105,2.1299937049712723,4
2.1689865253630134,2.1226888329258697,4
2.18050247645505,2.0775428629199797,4
2.105162324334773,2.094248197651208,4
2.10887804007295,2.065785323076902,4
-1.0050594767346521,0.05415310672203452,63
-1.5387983351684094,-0.32321279468944386,63
-1.2991511704834218,-0.028748481832476466,63
-1.4381313132976743,-0.028353699732199814,63
-1.1620978649431288,-0.0023979121103899765,63
-1.0050594781236577,0.054153168845970816,63
-1.5387962050408561,-0.32324411610474935,63
-1.2991511551198585,-0.028748376750283074,63
-1.4381314237468026,-0.02835456697857277,63
-1.162097865793447,-0.002398042547695037,63
-1.8847478336130297,1.0438136068422168,66
-1.8125517530146131,0.9639224491712596,66
-1.8868610343042258,1.01983348617137,66
-1.8830813329145446,0.991912937302409,66
-1.8847478336130281,1.043813606842215,66
-1.8125517530146116,0.9639224491712585,66
-1.8868610343042267,1.0198334861713698,66
-1.883081332914544,0.9919129373024083,66
0.48475019378577444,2.6002884997077444,12
0.43120426447073645,2.4725254582444847,12
0.43897019203529214,2.4810781962343826,12
0.37409754020642877,2.459356983311517,12
0.2623449635148194,2.4672931480105245,12
0.5834775926547693,2.638200122450463,12
0.5761592360467436,2.6001611859977336,12
0.5903025725552434,2.5920309306259304,12
0.4886684454830439,2.5811244790109034,12
0.46104975141381993,2.600012485548063,12
-1.7932187257448964,0.9656814983714799,66
-1.8374781337174704,0.9784188351725374,66
-1.7894231747614742,0.9450165929865484,66
-1.7983584863361473,0.9790918576975237,66
-1.8050566923935836,1.00293839760488,66
-1.793218725744894,0.9656814983714791,66
-1.8374781337174708,0.9784188351725379,66
-1.7894231747614744,0.9450165929865486,66
-1.7983584863361473,0.9790918576975244,66
-1.8050566923935836,1.0029383976048798,66
-1.9491161405854371,0.6171687859232571,65
-1.7633332013529346,0.6625920185682727,65
-1.9058401970890921,0.6033867810389745,65
-1.8411546663777554,0.6519053761900048,65
-1.9491161405854367,0.6171687859232566,65
-1.763333201352935,0.6625920185682725,65
-1.9058401970890977,0.6033867810389761,65
-1.8411546663777567,0.6519053761900057,65
1.4998794055108713,3.0691104988296103,1
1.449120228514388,2.9905421481086933,1
1.4640923509791377,2.961478687335527,1
1.4175211049500056,2.943511641474128,1
1.385596389072795,2.9391895004638395,1
1.4730439959159787,3.096354125514274,1
1.4568744013825183,3.0941103496546556,1
1.491296278262896,3.0453393807571443,1
1.4079533014905754,3.0662500755213165,1
1.4198333552955449,3.0634224702322044,1
-1.807459584421946,0.7032233186958162,65
-1.9078702931417413,0.5382570201758087,65
-1.7614682594082178,0.6503657347150399,65
-1.9118726378994926,0.6434731009704423,65
-1.7254994332045763,0.6726220253036558,65
-1.8074595844219459,0.7032233186958139,65
-1.907870293141743,0.5382570201758091,65
-1.7614682594082205,0.6503657347150392,65
-1.911872637899495,0.6434731009704412,65
-1.725499433204576,0.672622025303657,65
2.1270933438478,-1.5239253795837786,44
2.369991264388367,-1.434435216957891,44
2.32950602292289,-1.4118771744492982,44
2.181951780020958,-1.3839901572265718,44
2.1270933438477972,-1.523925379583782,44
2.3699912643883665,-1.4344352169578893,44
2.329506022922891,-1.411877174449298,44
2.181951780020949,-1.3839901572265823,44
1.88969704121037,-2.918887187040721,52
2.030412097634944,-2.5662335044507625,52
1.974819832725821,-2.729486570163919,52
2.123220068317855,-2.7000544439769856,52
2.061614931483195,-2.9502600110166486,52
1.9141890824836498,-2.773332102585878,52
-2.348023387488254,1.8897083969606479,52
2.0875886178800096,-2.790626091600713,52
2.0716378081437767,-2.6589423949633306,52
2.1076572261411752,-2.789939952596762,52
2.2168884966814995,-1.4480540050165136,44
2.0967367394943626,-1.4535046263239175,44
2.353342142384252,-1.311214750210258,44
2.3261062334665836,-1.3490573993624388,44
2.1247082509043547,-1.3528619401553845,44
2.2168884966814995,-1.448054005016515,44
2.096736739494362,-1.4535046263239195,44
2.3533421423842515,-1.3112147502102582,44
2.326106233466585,-1.3490573993624386,44
2.124708250904356,-1.3528619401553845,44
2.440662639211524,-1.3688944615864747,44
2.218147318062653,-1.2612604210464877,44
2.428144489049203,-1.27508817934504,44
2.4779236870601133,-1.2839825040869486,44
2.298927728717465,-1.2305913041932963,44
2.4406626392115243,-1.3688944615864744,44
2.2181473180626514,-1.2612604210464886,44
2.428144489049203,-1.2750881793450402,44
2.4779236870601147,-1.2839825040869488,44
2.2989277287174636,-1.2305913041932954,44
1.9885308017005086,-2.727186732346899,52
2.1050552451159716,-2.8551906237654046,52
-2.018622094414028,1.6043474391402706,52
-2.3731742628470394,1.9046704081827803,52
1.9880952522260331,-2.5867389280432778,52
-2.4059840875653253,2.012129476802436,52
1.9410645753217095,-2.6029308299873666,52
2.284173800757836,-2.811471820425593,52
1.9923855944345685,-2.6651543361573165,52
2.1856260763068436,-2.7847176807397167,52
1.9885308017005896,-2.727186732346838,52
-2.6043360151846286,1.9681059686773097,52
1.86330568851993,-2.595542629925247,52
2.1045751801656563,-2.6857645724362906,52
1.9880952522259299,-2.5867389280433666,52
-2.4059840875653262,2.012129476802438,52
1.9410645753187123,-2.6029308299898815,52
2.2841738007598966,-2.811471820423914,52
1.9923855944397408,-2.6651543361531647,52
2.1856260763061184,-2.7847176807402994,52
-1.5687300939697004,0.02821870770123141,62
-1.2517330743096753,0.06861651175396012,62
-1.5208941265224958,0.21551125994584555,62
-1.3612649527589247,0.04137140108413328,62
-1.568730253406328,0.028219625078889504,62
-1.251733072240909,0.06861650628098157,62
-1.5208939588193202,0.2155107571073297,62
-1.3612649487108925,0.04137127159141746,62
1.6770223437362197,0.3684646364134551,5
1.6538967202621038,0.1549398191215303,5
1.7248189599754384,0.19137949077767374,5
1.7016892661342076,0.1987194893199893,5
1.7356676739576535,0.1383246055877532,5
1.7058372423295842,0.30869235776149073,5
1.620570857786533,0.23521597022369645,5
1.6829269221509522,0.15923529825490867,5
1.664176566579826,0.234909100365132,5
1.712411144727742,0.16805120838516774,5
-1.0045771204235954,-0.1318328566596112,62
-1.604106394333211,-0.010107559545148971,62
-1.1879022294638306,0.053559452548242556,62
-1.3055696883061079,0.20258616253698136,62
-1.1303930234009147,0.06575321647518403,62
-1.0045771224737328,-0.13183284674850473,62
-1.604129535983666,-0.010018913176407889,62
-1.1879022295610817,0.053559452878528056,62
-1.3055696877757386,0.20258615961289345,62
-1.130393023914697,0.06575321806297432,62
-1.2900266817265298,-0.8715335374038811,61
-1.0342511030754944,-0.7213075802696214,61
-1.2168769223638782,-0.7389524335287562,61
-1.1168910262981506,-0.7488066678027269,61
-1.2900266149268853,-0.8715337081508605,61
-1.0342511082672212,-0.7213075595107532,61
-1.216876988365486,-0.7389521699657148,61
-1.1168910088620592,-0.7488067313826162,61
2.72849316598555,0.5059073440977481,3
2.483149045296475,0.28971480139631195,3
2.634223342344797,0.3857680359982832,3
2.573813190394201,0.4214538029670959,3
2.6100770530929354,0.4076038825124733,3
2.775804170832586,0.4915252801921267,3
2.5891303972380957,0.4331037374558399,3
2.7174236553615723,0.2622093356552778,3
2.60736097498022,0.487465489373173,3
2.691957949104679,0.3995411820451146,3
-0.8388067971353876,-0.8995491558106634,61
-1.2097798268124835,-1.1845849315489114,61
-0.9046055651800339,-0.6747887435706228,61
-1.1628813401870697,-0.4854581198239275,61
-0.8905004302269963,-0.7560229096405121,61
-0.8388067971352097,-0.8995491558195672,61
-1.2097798163225144,-1.184584956384903,61
-0.9046055651939615,-0.6747887426636013,61
-1.1628813675510203,-0.4854580076554043,61
-0.890500430593887,-0.7560229056878723,61
-2.0259266039685917,1.2526705319797096,68
-2.03935311563373,1.2727061404355697,68
-2.0821796470271643,1.3248100881604068,68
-2.1009420345673457,1.3048204603344402,68
-2.025926603968593,1.2526705319797093,68
-2.0393531156337343,1.27270614043557,68
-2.0821796470271634,1.3248100881604046,68
-2.100942034567345,1.3048204603344398,68
0.4944838298183469,2.3996914844458375,10
0.3300601274353781,2.107971932377196,10
0.4382905392289281,2.147710685653265,10
0.32623416859945154,2.2019351598151613,10
0.41761659056047323,2.195708385290609,10
0.573876018201169,2.5228543110419754,10
0.49930025903827535,2.245101934850131,10
0.5196495716582821,2.2635715397752656,10
0.4310024869238696,2.349363078348156,10
0.5223288007970943,2.408537948071708,10
-1.6558022156519314,0.9494842420363242,68
-2.0895048326098595,1.2832913308657812,68
-1.98504421790894,1.214168242187873,68
-1.9013260609492213,1.2382321252908375,68
-1.925028434616485,1.214306390527766,68
-1.6558022156519308,0.9494842420363233,68
-2.0895048326098586,1.2832913308657812,68
-1.9850442179089403,1.2141682421878743,68
-1.9013260609492244,1.2382321252908375,68
-1.9250284346164863,1.214306390527767,68
-1.6615512829465118,0.6597589461140727,67
-1.59336023662493,0.7218522873537905,67
-1.7193083707810255,0.7188851075443039,67
-1.6331850904706917,0.7073914804881823,67
-1.6615512829465098,0.6597589461140743,67
-1.5933602366249273,0.7218522873537904,67
-1.7193083707810244,0.7188851075443048,67
-1.6331850904706922,0.7073914804881827,67
1.776041281497306,2.8869840649585314,1
1.683426502410094,2.862423481625302,1
1.718968908216249,2.8425993261543616,1
1.685626303418724,2.8465418043982265,1
1.6799370287481223,2.8496565708861077,1
1.7311050019984435,2.9503977892834117,1
1.6951333842491467,2.9287960372504194,1
1.7502206821809327,2.920459780933919,1
1.6703760990096235,3.0021114894087164,1
1.699558540074643,2.9947254246682933,1
-1.2614736940184437,0.3838946558243062,67
-1.6790082831120572,0.6215599213379258,67
-1.4950248616289856,0.5964396542431397,67
-1.5976059936320652,0.7078919149053797,67
-1.469144570842033,0.6213930068987219,67
-1.2614736940184474,0.3838946558243155,67
-1.6790082831120547,0.621559921337925,67
-1.4950248616289847,0.5964396542431396,67
-1.5976059936320586,0.7078919149053952,67
-1.4691445708420325,0.6213930068987219,67
-0.9210145630233054,-0.050923461838829114,64
-0.8581961130391049,-0.052842036219778454,64
-0.9368049280743204,-0.034002033485859236,64
-0.9136399309484526,-0.05951876752068838,64
-0.9210145630233061,-0.05092346183882879,64
-0.8581961130391045,-0.052842036219778024,64
-0.9368049280743211,-0.03400203348585699,64
-0.9136399309484524,-0.059518767520687806,64
1.7042756301446045,1.2104070891779786,12
1.6605703069750106,1.005623352101784,12
1.6997054182497335,1.0262335274936283,12
1.668990598045081,1.06800509638258,12
1.607766866544723,1.0415605874045126,12
1.6519818849602637,1.1756112777059997,12
1.6790069836602752,1.1426823046908638,12
1.737733987521929,1.0397037152788573,12
1.6454346984518247,1.1303178894914654,12
1.6295766110628467,1.0688112886625118,12
-0.6448026493539277,-0.1823207066739904,64
-0.9345510357677795,-0.11899678188597258,64
-0.7805469817062236,-0.052148459502522164,64
-0.8548055156903389,0.01659063430605118,64
-0.7333893375465061,-0.0771931669174243,64
-0.6448026493539276,-0.18232070667399078,64
-0.9345510357677661,-0.11899678188600517,64
-0.7805469817062233,-0.052148459502522226,64
-0.8548055156903385,0.016590634306050945,64
-0.7333893375465055,-0.07719316691742431,64
-1.1020955785822548,-0.6073334317432214,63
-0.8819393695019406,-0.45918154140612955,63
-1.0703004723632894,-0.5274692339946881,63
-0.980190488712781,-0.5175784554082743,63
-1.1020955785474011,-0.6073334318569062,63
-0.8819393695025988,-0.4591815414038246,63
-1.070300471944284,-0.5274692353751348,63
-0.9801904887063779,-0.5175784554271354,63
2.4394759423860255,1.9081932209863792,4
2.29371399240465,1.7007041248207577,4
2.3544107276650323,1.744294499702735,4
2.3279584998222504,1.7401294298382142,4
2.2995510788842406,1.7788859957153924,4
2.3857770479356852,1.8742668649962604,4
2.3166204063685436,1.892364003129333,4
2.393725148190578,1.809960031775805,4
2.281234031196396,1.860012612849877,4
2.2853360828471376,1.8683631192756796,4
-0.7310735914389002,-0.6517024642523398,63
-1.1187643758218393,-0.7017371748421682,63
-0.7883527539269011,-0.5595182133421276,63
-0.9872328600759862,-0.4530070461783332,63
-0.7833514389949501,-0.49597423855108347,63
-0.7310735914389009,-0.651702464252341,63
-1.1187643756914745,-0.7017371752371282,63
-0.7883527539269352,-0.5595182133417166,63
-0.9872328600896187,-0.45300704613212983,63
-0.7833514389962795,-0.49597423854336853,63
-1.2418355550950784,0.5704629817798818,66
-1.2228984048569498,0.5681325278619823,66
-1.294018853385637,0.6257871670434803,66
-1.2736337849579016,0.6060683413112884,66
-1.2418355550950788,0.5704629817798821,66
-1.2228984048569498,0.5681325278619811,66
-1.2940188533856367,0.62578716704348,66
-1.2736337849579011,0.6060683413112884,66
1.0120517166164043,2.242367994009029,12
0.9519533275112165,2.1006318908754555,12
0.9625216574106028,2.0563569244447057,12
0.8829267808659719,2.0780422911192704,12
0.8557255627618859,2.1023096654385482,12
0.9552903128195879,2.2923684796866612,12
0.9386873282011423,2.251690023624206,12
1.006086507485198,2.1900518296974476,12
0.8398741483829557,2.242704448818812,12
0.8243392349428036,2.2202150930090703,12
-1.0928849763470136,0.37313580815404435,66
-1.2321501729764157,0.5251159130266579,66
-1.1676906926878998,0.5114024257616336,66
-1.1990652773328723,0.5948758559016699,66
-1.1190847749668653,0.5251124734571403,66
-1.0928849763470143,0.3731358081540444,66
-1.232150172976415,0.5251159130266579,66
-1.1676906926878985,0.5114024257616333,66
-1.199065277332872,0.5948758559016695,66
-1.1190847749668649,0.5251124734571403,66
-1.1879816605112365,0.2124372433120555,65
-1.0757539469594204,0.2769259099195748,65
-1.18127584109955,0.220757128121885,65
-1.1220138198185947,0.25900387863711083,65
-1.1879816605112372,0.21243724331205588,65
-1.0757539469594202,0.27692590991957494,65
-1.18127584109955,0.22075712812188522,65
-1.1220138198185947,0.25900387863711066,65
1.7868798385095805,2.8152453167204823,1
1.7336190369744198,2.7405234599528985,1
1.7414964610991643,2.691682102168393,1
1.7167312989933528,2.720085989933454,1
1.668433655917701,2.739282180753695,1
1.7483387189679644,2.8183305537214047,1
1.6959325335120048,2.8347949038092417,1
1.7435979352532422,2.8009360535254366,1
1.650429881902991,2.8353559090556244,1
1.679869164127698,2.870561092322094,1
-0.9778955379819828,0.058018935446967616,65
-1.213170793433879,0.10458385927478078,65
-1.0515420007674041,0.20851642742984686,65
-1.1327129509964893,0.2326196344218434,65
-1.0002945345567842,0.21256736248061378,65
-0.9778955379819828,0.05801893544696759,65
-1.2131707934338802,0.10458385927478099,65
-1.0515420007674052,0.20851642742984716,65
-1.1327129509964897,0.2326196344218434,65
-1.0002945345567842,0.21256736248061414,65
2.160866701500653,-1.5899270500677944,44
2.3760299678280368,-1.4585750833494717,44
2.3306139270527897,-1.5299582449137108,44
2.2430202918198816,-1.4194800481884038,44
2.160866701500653,-1.5899270500677938,44
2.3760299678280368,-1.4585750833494713,44
2.3306139270527892,-1.5299582449137097,44
2.243020291819881,-1.419480048188402,44
1.780337561489401,-3.120438214887262,52
1.8711874043731322,-2.6284358644168417,52
1.7878862025413442,-2.8261952770851297,52
1.995392787911174,-2.7866031245990186,52
1.8989944423111942,-3.0813423555440536,52
1.8625846045527177,-2.8280137770132976,52
-2.195227002958432,1.7914773254291116,52
1.9659879962647246,-2.7496759092519083,52
1.952105438848394,-2.6556967243876035,52
-2.372200813325264,1.8312536854017951,52
2.2063993645674636,-1.393818795415225,44
2.0417476021523306,-1.4882163572621687,44
2.324031900708382,-1.4184491464450497,44
2.2956552800780625,-1.4600008989572508,44
2.1357076403738944,-1.4106229492680413,44
2.2063993645674644,-1.3938187954152252,44
2.041747602152327,-1.4882163572621683,44
2.324031900708381,-1.4184491464450533,44
2.2956552800780634,-1.4600008989572495,44
2.1357076403738953,-1.4106229492680409,44
2.501937770752741,-1.3666106327456606,44
2.1772991485549102,-1.3226446548531519,44
2.409738044099915,-1.3201603874571346,44
2.495047418535765,-1.3523911870225573,44
2.323115824792529,-1.298212827029946,44
2.5019377707527415,-1.3666106327456626,44
2.177299148554912,-1.3226446548531536,44
2.409738044099914,-1.320160387457134,44
2.495047418535765,-1.3523911870225578,44
2.3231158247925254,-1.298212827029946,44
1.8446105798448496,-2.7319397666136727,52
1.8053566265788177,-2.906957900127762,52
1.6993346755289025,-2.6421361815176887,52
1.8200494945790526,-2.7496325103141186,52
1.7968872307314554,-2.5585189751642208,52
1.9114374357749873,-2.7177889985830297,52
1.7809087864161013,-2.5977488344661355,52
1.9856576655725986,-2.8670276357094546,52
1.8748913531101563,-2.813038102538686,52
1.948250025348483,-2.8728826342828815,52
1.8446105799591288,-2.7319397665331677,52
1.8053566324996746,-2.9069578965766816,52
1.6993346673133927,-2.642136187140374,52
1.820049494576631,-2.749632510315751,52
1.796887230788634,-2.5585189751167596,52
1.911437435775526,-2.7177889985826287,52
1.7809087873742642,-2.597748833693873,52
1.985657665521235,-2.867027635744849,52
1.8748913530418236,-2.8130381025840308,52
1.9482500253481665,-2.87288263428309,52
0.322487598798338,-0.7672459971187844,56
0.3877672346068616,-0.6942545977939214,56
0.31045822948576635,-0.6930209129629545,56
0.33587593428490775,-0.7388647945626203,56
0.3224875987983383,-0.7672459971187862,56
0.3877672346068612,-0.6942545977939211,56
0.3104582294857659,-0.693020912962954,56
0.3358759342849079,-0.7388647945626212,56
2.3721013379550713,0.4215199765579265,6
2.396516243185094,0.27085122724846145,6
2.429404897144282,0.32766282908563704,6
2.4480126257560757,0.3702749495582565,6
2.435967527204492,0.3330241016539714,6
2.3179046278081388,0.3615788861150732,6
2.414501322132487,0.3288275494729429,6
2.3441812730876435,0.27205350349155877,6
2.404174571967562,0.3293072857946231,6
2.4102319026210233,0.2802078957952483,6
0.46379549335746706,-0.9104741426332973,56
0.2638324812239041,-0.9417242206724065,56
0.30055393970477634,-0.6449663361409254,56
0.3025064879504127,-0.6618005021441077,56
0.35487308458771116,-0.7055388621960436,56
0.4637954933481626,-0.9104741426398624,56
0.26383248122390435,-0.9417242206724057,56
0.300553939704776,-0.6449663361409265,56
0.3025064879504126,-0.6618005021441075,56
0.3548730845877109,-0.7055388621960446,56
0.487956986912776,-0.8477373206460872,55
0.5401894046208959,-0.9102487260622985,55
0.44501331804801725,-0.8714813292822939,55
0.5139411680048852,-0.9210125894726178,55
0.4879569869127764,-0.8477373206460875,55
0.5401894046208964,-0.910248726062299,55
0.44501331804801614,-0.8714813292822932,55
0.5139411680048845,-0.9210125894726193,55
3.2637909028230023,0.623099000733914,2
3.0895481421986277,0.5024714585423026,2
3.2088527645508518,0.5638542564816094,2
3.1696353596296123,0.5724515283768344,2
3.1369238543716937,0.5677527412026102,2
3.172114416661373,0.6007268302646973,2
3.1748518409117072,0.5775322354119368,2
3.150990570985565,0.5150491958834936,2
3.1655396021913838,0.6417661574062501,2
3.1519447157663745,0.5803482059522748,2
0.547090197244816,-0.9509453461916688,55
0.4369868123380208,-0.9664280560526771,55
0.5654734419291136,-0.8497187670686962,55
0.4908959361105511,-0.8426987482362994,55
0.573211083230134,-0.9196828412722224,55
0.5470901972448169,-0.9509453461916679,55
0.4369868123380214,-0.9664280560526773,55
0.5654734419295148,-0.8497187670684337,55
0.4908959361105194,-0.8426987482363233,55
0.5732110832301324,-0.9196828412722236,55
-0.4378282142432629,0.18873112315678545,60
-0.35868699320281827,0.10277491809653824,60
-0.49949213336981213,0.20669971865793332,60
-0.41623678978831996,0.103142949303797,60
-0.43782747033012526,0.1887303981256264,60
-0.35868698351020434,0.10277490706229668,60
-0.4994920963767138,0.20669967906916326,60
-0.416237165409626,0.10314336885485721,60
2.0266250325851125,1.705906889486329,11
2.027340023865738,1.596486790185669,11
2.0361789484109143,1.5959415011429712,11
2.0093496265738238,1.6629115681383875,11
2.015325836940916,1.654534472504427,11
2.056698307148224,1.8054153501327654,11
2.139822122457297,1.7488563107470527,11
2.0917718522922097,1.6770701300820912,11
2.0867173953649973,1.8077986092913136,11
2.135119305546249,1.746623199064238,11
-0.2611159195908798,-0.019811167057468305,60
-0.6376638708813239,0.22748872361670452,60
-0.4068785749379357,0.131229987595697,60
-0.46904879016473666,0.19754001683683148,60
-0.4136053647017713,0.09760201930898822,60
-0.26111601950580277,-0.019811054551698428,60
-0.637682457823514,0.22750883791217846,60
-0.40687863273962127,0.13123004896407542,60
-0.4690488008012272,0.19754002744479512,60
-0.41360552013981455,0.09760218822850941,60
-0.07434498417377022,-0.28591008662969186,59
-0.012220968133528081,-0.3304295557866483,59
-0.1350290339348291,-0.26606556188244146,59
-0.03655391007538701,-0.3769069352902159,59
-0.07434498417377362,-0.28591008662968415,59
-0.01222096813414254,-0.3304295557851174,59
-0.13502903393483304,-0.26606556188243263,59
-0.036553910075474504,-0.37690693529000296,59
2.739922932242973,2.0796469937791398,1
2.637934539068645,2.0573330308764186,1
2.704073659144041,2.057005415380239,1
2.647524337900998,2.0643967301200354,1
2.6140602116617004,2.0889418862188345,1
2.690744175374684,2.2088571291078725,1
2.657171898728312,2.235657836036133,1
2.696497513767345,2.1979568825621403,1
2.6197226487614267,2.2856802497023634,1
2.6625563926078324,2.29531438653902,1
0.06901525966446669,-0.46650515293850975,59
-0.06642519364311246,-0.4311537367655084,59
-0.08406620599871524,-0.3144730509084116,59
-0.12907763437629458,-0.22165700106381667,59
-0.06145416541406015,-0.34818223159741546,59
0.06901525966394466,-0.4665051529360843,59
-0.0664251936462908,-0.43115373675800855,59
-0.08406620599871344,-0.3144730509084155,59
-0.12907763437629446,-0.2216570010638167,59
-0.06145416541386933,-0.34818223159790557,59
0.42744959908687563,-0.8773638522215091,54
0.48061727177778507,-0.8551475446188331,54
0.38634706911618494,-0.8377389284632114,54
0.45221620335252277,-0.8845755286105148,54
0.42744959908687596,-0.8773638522215087,54
0.48061727177778496,-0.855147544618833,54
0.3863470691161848,-0.8377389284632114,54
0.452216203352523,-0.8845755286105146,54
2.7436374140465887,1.1070410701280602,7
2.709994231619834,0.9803892941896031,7
2.6963529275487894,0.9918148029823388,7
2.7164766479354086,1.0328661090334081,7
2.6744974394659033,1.0227932175290773,7
2.7637260699572463,1.1003672890622458,7
2.827514502859679,1.0994033334638098,7
2.7775219979448638,1.0150040203327741,7
2.7903225528625684,1.0933200995999965,7
2.7417212211837647,1.0569938147607938,7
0.7180667133885104,-0.920814827938604,54
0.3784714762071937,-1.0333066907518265,54
0.4407448574033519,-0.81064823413878,54
0.39756620445552826,-0.8119595779907436,54
0.4734806650174383,-0.8521597984810837,54
0.718066713570384,-0.9208148277863024,54
0.37847147620719285,-1.0333066907518274,54
0.4407448574033518,-0.810648234138778,54
0.3975662044555283,-0.811959577990744,54
0.4734806650174384,-0.8521597984810835,54
0.4555740350757687,-1.2205799960412607,53
0.5337794375163161,-1.2707413145692117,53
0.43584895509744487,-1.2470179342898067,53
0.5285233935108181,-1.2957915095462704,53
0.4555740350757692,-1.2205799960412627,53
0.5337794375163162,-1.2707413145692124,53
0.4358489550974446,-1.247017934289808,53
0.528523393510818,-1.2957915095462698,53
3.48426470080081,1.3827169602692573,2
3.3792425829354773,1.2147335223790794,2
3.4177568644809866,1.2786488622358207,2
3.417193545244706,1.2817436383034737,2
3.361507667496556,1.264859390120371,2
3.4639257936482717,1.3492291769825857,2
3.462443883898461,1.3504423243091126,2
3.448132062120447,1.280965922636794,2
3.4108822237096597,1.374558317547783,2
3.3846147048135746,1.3309853803871312,2
0.5573813436804053,-1.2912316253311045,53
0.46563289240295935,-1.2687362611519506,53
0.5467811331476508,-1.2281594444230575,53
0.48533212268436593,-1.217192066344411,53
0.5647623596141327,-1.2471824466789068,53
0.5573813436804054,-1.2912316253311042,53
0.46563289240296124,-1.268736261151951,53
0.5467811331476504,-1.2281594444230586,53
0.48533212268436665,-1.217192066344411,53
0.5647623596141323,-1.2471824466789065,53
0.016808810786876877,-0.2915394043640474,58
0.052640965995895794,-0.265547539581442,58
-0.04177482704452582,-0.259976693613744,58
0.015203799780117228,-0.2918537909310804,58
0.016808810786876984,-0.29153940436404757,58
0.052640965995895905,-0.26554753958144184,58
-0.041774827044525766,-0.25997669361374415,58
0.015203799780117202,-0.2918537909310805,58
2.2023595481956377,1.819234748464199,14
2.14727031839825,1.7556121018914974,14
2.1418073504805966,1.6863640739610641,14
2.128715769822533,1.7484544542025409,14
2.147060128008449,1.793187021977903,14
2.2334281220183474,1.9001882113283919,14
2.279618466035594,1.9197960481981462,14
2.214752606505812,1.8068994575691268,14
2.214304703064782,1.8896468853660036,14
2.2741808868512368,1.9043760253561837,14
0.2063975515226481,-0.45396175842973907,58
-0.032646035523776394,-0.41841698434774205,58
0.0035685499258099724,-0.2169261610749141,58
-0.02457882466888826,-0.21500967406716184,58
0.0006425235850807389,-0.28049466834547315,58
0.20639755152264808,-0.45396175842973907,58
-0.03264603552377688,-0.41841698434773994,58
0.0035685499258099143,-0.21692616107491414,58
-0.02457882466888826,-0.21500967406716184,58
0.0006425235850806614,-0.28049466834547326,58
0.07867618324679067,-0.5557841954914094,57
0.1570909057369995,-0.5855597013975394,57
0.031245515281691016,-0.5846871837433528,57
0.12968038966115533,-0.6298020135510092,57
0.0786761832467907,-0.5557841954914093,57
0.1570909057369995,-0.5855597013975394,57
0.031245515281690995,-0.584687183743353,57
0.1296803896611552,-0.6298020135510092,57
2.905341783732354,2.3104529696635288,0
2.798972118160867,2.177763304453677,0
2.835079720824797,2.1695509616181825,0
2.816040754563853,2.15531737500997,0
2.8258428562137103,2.167164291063646,0
2.904453250125919,2.346539861399938,0
2.8709763850909025,2.3263672474167216,0
2.8794780366520616,2.2880751889857054,0
2.8253690770617346,2.3145092144461774,0
2.8770854215078647,2.329900169178833,0
0.2024171388139528,-0.7437042489740395,57
0.06611042562071484,-0.6626551500666158,57
0.15348796349700958,-0.573776902530019,57
0.06360053460682008,-0.5359841236746576,57
0.14923514186369538,-0.6173772313097932,57
0.20241713881395237,-0.7437042489740446,57
0.06611042562071484,-0.6626551500666154,57
0.15348796349700952,-0.5737769025300185,57
0.06360053460682004,-0.5359841236746582,57
0.1492351418636954,-0.6173772313097936,57
2.548236648967465,-2.1818598829187765,41
2.675299237557004,-2.248609009712129,41
2.675102728705728,-2.2084363472524653,41
2.583592311581962,-2.210763323209345,41
2.5482366489674644,-2.1818598829187676,41
2.6752992375570037,-2.2486090097121405,41
2.675102728705725,-2.2084363472524693,41
2.5835923115819637,-2.210763323209322,41
1.2636444878907946,-3.7974232135264483,45
1.3585418383020724,-3.6859383189701806,45
1.2697464340058728,-3.72131708081113,45
1.4271806150437985,-3.659742054041357,45
1.3577020997697369,-3.912482667706568,45
1.15544228449656,-3.6245940486701227,45
1.3118013169220506,-3.6619882607921355,45
1.3176304349908294,-3.622891868577428,45
1.272396551791081,-3.630002931249323,45
1.2821274060107914,-3.7614421981224138,45
2.5987199832706436,-2.181712781357189,41
2.4190565065798895,-2.156567720423512,41
2.619636134226338,-2.2008281914810945,41
2.581918548917976,-2.1366351118036784,41
2.4678997780199947,-2.1602139586648152,41
2.598719983270623,-2.1817127813572137,41
2.4190565065798917,-2.1565677204235105,41
2.619636134226313,-2.2008281914811314,41
2.5819185489179763,-2.136635111803676,41
2.4678997780199996,-2.160213958664812,41
2.771686202333185,-2.2729075000866286,41
2.5780139948013407,-2.227381441793084,41
2.724225666377109,-2.21299561563225,41
2.7380862672092987,-2.2056697213479586,41
2.6855622530039827,-2.247472382752137,41
2.7716862023331883,-2.272907500086622,41
2.5780139948013416,-2.227381441793085,41
2.724069039094029,-2.2132055466714484,41
2.7380862672093045,-2.205669721347953,41
2.6855622530039835,-2.247472382752137,41
1.211682972517561,-3.6168229706050843,45
1.3898179397030193,-3.6759959722250217,45
1.0474641498280304,-3.543349958992289,45
1.3528727926708601,-3.657653478474408,45
1.1226605663605465,-3.628644303219309,45
1.424088675866382,-3.648537180258384,45
1.0494891120166674,-3.635127900885849,45
1.34531295240743,-3.718103917184961,45
1.1815152340686619,-3.600807782007551,45
1.4113244211001528,-3.7512795018849325,45
1.2116829724529012,-3.61682297062418,45
1.3898179436948401,-3.675995970853889,45
1.047464149884426,-3.5433499589780983,45
1.3528727855502394,-3.6576534808773187,45
1.1226605565133503,-3.6286443058210183,45
1.4240886776424506,-3.6485371796354173,45
1.0494891681001661,-3.635127886934788,45
1.3453129523456713,-3.7181039172052057,45
1.1815152340432427,-3.6008077820148086,45
1.4113244208825824,-3.7512795019607523,45
0.4328827409377556,-0.7368825920403934,56
0.5072195521443728,-0.6907985372075038,56
0.420562857713816,-0.6760273406019784,56
0.45622892233224166,-0.7261368163714951,56
0.4328827409377561,-0.7368825920403923,56
0.5072195521443726,-0.6907985372075034,56
0.42056285771381546,-0.6760273406019784,56
0.4562289223322417,-0.7261368163714959,56
2.345308937136635,0.45919058762321735,6
2.3712659927755046,0.3171516929923558,6
2.4092721805279913,0.35949457821777026,6
2.4364967630392416,0.39673719620310977,6
2.3977948091666894,0.36386342641310904,6
2.3181315774483946,0.41887779060996033,6
2.4108593059329,0.38055346927182987,6
2.3466804828893655,0.33282092611054986,6
2.4014630604829974,0.39613124536344635,6
2.391265904596399,0.3356040857512702,6
0.6427332344688967,-0.7903995804662013,56
0.38034194252877523,-0.9018955413182982,56
0.4117307549934577,-0.6399632784218462,56
0.403538592051686,-0.6528030577499245,56
0.44629956568357665,-0.6870690232657509,56
0.6427332346239464,-0.7903995803117598,56
0.3803419425287754,-0.9018955413182982,56
0.4117307549934573,-0.6399632784218464,56
0.403538592051686,-0.6528030577499245,56
0.44629956568357626,-0.6870690232657515,56
0.637738498840391,-0.8675729228840875,55
0.6920345202470566,-0.9066776784348058,55
0.6040993451449878,-0.8865377893941409,55
0.6776005049892586,-0.9372333729355308,55
0.6377384988403499,-0.8675729228841178,55
0.6920345202472364,-0.9066776784346504,55
0.6040993451449469,-0.8865377893941744,55
0.6776005049892633,-0.9372333729355269,55
3.2757833947623713,0.6619001771975591,2
3.103691992850677,0.5184601436693163,2
3.2225163628670073,0.5840574201945183,2
3.164218484979773,0.6151750543733032,2
3.123544888819101,0.6101217995958907,2
3.1840222440541135,0.6543252466311111,2
3.2014968674802495,0.6368720095229525,2
3.1782609060995552,0.560098834931952,2
3.183879413502513,0.7020521752090385,2
3.1739529698864493,0.6295275592416305,2
0.6818291418121147,-0.8620878540892845,55
0.6188899781939174,-0.9810476255570216,55
0.7651972594216572,-0.8310558977111568,55
0.6746054025395883,-0.8066946192997548,55
0.745665745283704,-0.9006358510144171,55
0.6818291418121154,-0.8620878540892828,55
0.6188899781938828,-0.9810476255570401,55
0.7651972594206614,-0.8310558977121838,55
0.6746054025386916,-0.806694619300629,55
0.7456657452836906,-0.9006358510144309,55
-0.21156618551479311,-0.0015391341259059766,60
-0.19001800933891774,-0.019170073974709698,60
-0.274036054857367,0.016177347228265034,60
-0.22612432208671948,-0.04217397182523258,60
-0.21156618550621728,-0.001539134134632012,60
-0.19001800930592114,-0.019170074009084492,60
-0.27403605442155393,0.016177346752727757,60
-0.22612432156964507,-0.042173972427182474,60
1.9865946067535574,1.6734705147829338,11
1.9794899495499,1.584984933089487,11
1.9904798552104752,1.5703035428073129,11
1.9681726419782044,1.618379304494711,11
1.9563322785922264,1.6262729609119941,11
2.0129692695545898,1.8161033913324751,11
2.1036317216826554,1.7721196768764746,11
2.06125832644731,1.701149720729536,11
2.0581818488105528,1.82724443678367,11
2.0981921081932846,1.742006603418767,11
-0.09339533638258232,-0.0844570222101853,60
-0.2620158203417053,-0.08408789089620573,60
-0.21708997350018905,0.006065389202897251,60
-0.23288825341394936,0.04235081099395497,60
-0.2182817922461997,-0.01973820725212226,60
-0.09339533532742922,-0.08445702316349661,60
-0.2620158331605449,-0.08408787429507066,60
-0.21708997350511605,0.00606538920794565,60
-0.23288825340785432,0.042350810987787965,60
-0.21828179252253413,-0.019738206956081576,60
0.0259250370202639,-0.3932117693651884,59
0.12235627055578811,-0.39901676268564923,59
-0.009665786481233722,-0.3899063960062546,59
0.07317273244974631,-0.4296584759164717,59
0.025925037020264597,-0.3932117693651913,59
0.12235627055577447,-0.3990167626856102,59
-0.009665786481231375,-0.3899063960062616,59
0.07317273244973942,-0.4296584759164511,59
2.6986531462215955,2.1008201408094345,1
2.610850187661463,2.100024179030679,1
2.662457523372081,2.10182723351909,1
2.627764849017587,2.0962555483866927,1
2.592356140099003,2.130032960891382,1
2.6755764100914283,2.2567135135165217,1
2.6456744317659884,2.2788864607665107,1
2.687403620501902,2.2566511122643687,1
2.6120861677020897,2.3369106417749737,1
2.663393570039325,2.3521851255370216,1
0.1863309336638278,-0.4439881520813468,59
0.04199855289798885,-0.5457656391146443,59
0.02936114673779329,-0.4272872485992973,59
-0.023654334442192473,-0.3416372907715457,59
0.046187216104349525,-0.4557433921055551,59
0.18633093366382786,-0.44398815208134634,59
0.041998552897930926,-0.5457656391142387,59
0.02936114673779651,-0.42728724859930983,59
-0.023654334442190266,-0.34163729077155164,59
0.04618721610435159,-0.4557433921055673,59
0.5192840763360045,-0.8819592349421127,54
0.5815106807289278,-0.8541862744308983,54
0.46602292658189226,-0.8716402258086734,54
0.559575001311031,-0.8960420856013638,54
0.5192840763360043,-0.8819592349421136,54
0.5815106807289259,-0.8541862744309006,54
0.4660229265818924,-0.8716402258086734,54
0.559575001311031,-0.8960420856013639,54
2.7588169090992802,1.1203766904124475,7
2.7097857511963,1.0070762894458234,7
2.7226073106786934,1.0149280194221453,7
2.736614901745705,1.0519225961135168,7
2.6601318471618196,1.0447539863570068,7
2.759256389459251,1.128077081750347,7
2.845188313496921,1.1343380944150934,7
2.7948857141707424,1.0508912058647022,7
2.794557687070179,1.1282104437078255,7
2.7358113955482875,1.0730606614492968,7
0.8619788569488056,-0.8645683707480913,54
0.48141556474713015,-1.0285763713629124,54
0.5165424406673284,-0.8150577182240837,54
0.47832760006475933,-0.8251069642057468,54
0.5555423852108631,-0.8547563062507507,54
0.8619788569488719,-0.8645683707480174,54
0.48141556474713026,-1.0285763713629126,54
0.5165424406673277,-0.8150577182240848,54
0.4783276000647592,-0.8251069642057466,54
0.5555423852108631,-0.8547563062507517,54
0.5630434864841717,-1.331781204950175,53
0.649404048331083,-1.3595540350754503,53
0.5285444113620691,-1.363128656172033,53
0.6463952894939379,-1.3930138712849645,53
0.5630434864841728,-1.3317812049501756,53
0.6494040483310561,-1.3595540350754718,53
0.52854441136207,-1.3631286561720313,53
0.6463952894939436,-1.3930138712849607,53
3.463747830196085,1.4227493089600702,2
3.3682878080295735,1.2728210093590748,2
3.4009071606584675,1.3345112516271787,2
3.3957262435222835,1.3382723940243495,2
3.346544694686755,1.3270717364066515,2
3.4604607792507047,1.406327578023704,2
3.456817957532739,1.4138593907943966,2
3.438959682162126,1.34204165909084,2
3.4092773903535867,1.439567665382475,2
3.3773066749479996,1.3744898767630749,2
0.6809158832610013,-1.318246457149518,53
0.5640331964891045,-1.368601425696186,53
0.6396177590649282,-1.3103898790092483,53
0.5921306325360555,-1.3117894065602047,53
0.6714820403305315,-1.323050583173771,53
0.6809158832618967,-1.3182464571487296,53
0.5640331964891099,-1.3686014256961794,53
0.6396177590646674,-1.310389879009474,53
0.592130632536049,-1.311789406560211,53
0.6714820403306512,-1.323050583173668,53
0.09462530445263996,-0.33366897215575664,58
0.12933160908314778,-0.310326148496053,58
0.04136063660223238,-0.31881819969281266,58
0.08333998450070475,-0.3322696947098575,58
0.09462530445264013,-0.333668972155757,58
0.12933160908314772,-0.3103261484960528,58
0.0413606366022323,-0.3188181996928122,58
0.0833399845007048,-0.3322696947098577,58
2.196171547692493,1.8215260816775385,14
2.13536356673958,1.75776572239446,14
2.1467188408942395,1.6939765845997838,14
2.120278135500866,1.7450360492492194,14
2.115423670385445,1.7926582790155878,14
2.2140317394293443,1.9307508709628582,14
2.2621325126170397,1.9413678452016625,14
2.2013486079882836,1.8389894683599237,14
2.1927421743186497,1.9130500627317837,14
2.2396729570896046,1.9074457784198404,14
0.2717570393268942,-0.45184940584932004,58
0.05214651901777295,-0.46664018991905026,58
0.09242610218704875,-0.2658216110234779,58
0.05852908737806043,-0.26435212492291454,58
0.07718515784173703,-0.30420045145045765,58
0.2717570393268943,-0.45184940584932026,58
0.05214651901777287,-0.46664018991905,58
0.09242610218704884,-0.26582161102347796,58
0.05852908737806046,-0.26435212492291466,58
0.077185157841737,-0.30420045145045793,58
0.14678997076231468,-0.6625880741951338,57
0.23671012983204898,-0.6660344653854938,57
0.11581329468159886,-0.7047132260543424,57
0.1942673521611304,-0.7058893579415528,57
0.14678997076231454,-0.6625880741951338,57
0.23671012983204912,-0.6660344653854963,57
0.11581329468159896,-0.7047132260543418,57
0.19426735216113017,-0.705889357941553,57
2.8821384105353705,2.3453536061610807,0
2.787289477239586,2.212516126404219,0
2.8342598246938993,2.215699217856228,0
2.814297346100632,2.178115891850188,0
2.7978156609932605,2.2052598996018618,0
2.8956505769306373,2.3906803843863766,0
2.8640001529579435,2.386456632891368,0
2.8655659656767147,2.3513646097073844,0
2.818281933322086,2.3659332677897873,0
2.865333576148841,2.381313284246489,0
0.300542677766115,-0.7992486888553114,57
0.14085021197492303,-0.773916863639042,57
0.24037276657104945,-0.687566802126896,57
0.1449380351975222,-0.6614077166405247,57
0.21810654053035836,-0.7341973876949052,57
0.3005426777661933,-0.7992486888539424,57
0.14085021197492306,-0.7739168636390417,57
0.24037276657104933,-0.6875668021268957,57
0.14493803519752224,-0.6614077166405247,57
0.21810654053035838,-0.7341973876949051,57
2.6669642620894867,-2.2226163739386577,41
2.809059375194303,-2.273692478864368,41
2.8087588653637208,-2.2315046038360853,41
2.694427967369724,-2.2536767428478934,41
2.6669642620894893,-2.222616373938658,41
2.8090593751943054,-2.273692478864369,41
2.8087588653637185,-2.2315046038360893,41
2.694427967369723,-2.253676742847892,41
1.0788894591458484,-3.796642455466441,45
1.1392016372757119,-3.6144916364132897,45
1.0778483180179836,-3.6875733857820507,45
1.2087778117078847,-3.600289879234176,45
1.1553072994388462,-3.8940788116621214,45
0.9565363602179136,-3.6242176162315656,45
1.1238519024776004,-3.611137164541461,45
1.1215549787451276,-3.6051339694474955,45
1.090953708242905,-3.5836288830917344,45
1.074010345367621,-3.746163705529513,45
2.6076819600076573,-2.1551288565361406,41
2.539506523577345,-2.221829721313625,41
2.7753676304702144,-2.2312563234126586,41
2.700216358544213,-2.148522620879797,41
2.5779141550296973,-2.1709167152424276,41
2.607681960007655,-2.1551288565361433,41
2.539506523577346,-2.2218297213136267,41
2.7753676304702166,-2.2312563234126572,41
2.7002163585442123,-2.1485226208797963,41
2.577914155029696,-2.1709167152424316,41
2.791757420985678,-2.2722006008079334,41
2.676449310026146,-2.252423583378585,41
2.798474785358346,-2.2157690472543274,41
2.82331729268564,-2.192381948225639,41
2.762843631895427,-2.2525124444011757,41
2.7917574209856775,-2.2722006008079325,41
2.6764493100261433,-2.2524235833785866,41
2.7984747853583447,-2.2157690472543257,41
2.823317292685641,-2.192381948225641,41
2.7628436318954237,-2.2525124444011744,41
0.9851124883973731,-3.6125604864412986,45
1.1738613441110277,-3.6507073243480135,45
0.8429812962434232,-3.5214717510944995,45
1.1135378719648206,-3.578139054519554,45
0.9071703003646191,-3.6394338772498447,45
1.1845306482749243,-3.6260557242055684,45
0.8436002658154993,-3.640796938143824,45
1.1440776164670698,-3.7159343568847993,45
0.9555729149240186,-3.5848813206685644,45
1.1874635828985303,-3.717132495636869,45
0.9851124883073209,-3.6125604864620677,45
1.1738623378941198,-3.650707044900541,45
0.8429812912737848,-3.5214717521638277,45
1.1135378115445613,-3.578139070767735,45
0.9071703036287919,-3.6394338765734195,45
1.1845306482669338,-3.6260557242078693,45
0.8436001421878494,-3.6407969625570176,45
1.144077621080043,-3.7159343556563527,45
0.9555729090998302,-3.5848813220121816,45
1.1874635830001834,-3.717132495607768,45
1.0166033332492501,-1.016088804629188,56
1.0307380724771404,-0.9382503798931546,56
0.952002707305521,-0.9870905891984445,56
1.0332096218591098,-0.9666046057034826,56
1.016603332956649,-1.0160888048562553,56
1.030738072476795,-0.9382503798934699,56
0.9520027071195378,-0.9870905893556285,56
1.0332096218552518,-0.9666046057070666,56
2.8202829634038387,0.4589105003353546,6
2.8062966092429633,0.34276632601962437,6
2.867453460595591,0.3899953040281451,6
2.881779079919042,0.389895052521129,6
2.8580866768790423,0.3765589655538212,6
2.830097446216941,0.41338869058314154,6
2.84320325925444,0.39901122605662886,6
2.8400433140077417,0.34958193109658026,6
2.840830319349331,0.41070825191799204,6
2.844167508323708,0.3690003678860864,6
1.1799680857832064,-1.0359110076384161,56
0.9555976223508,-1.1808397218632893,56
0.9100164655835221,-0.8936170306451989,56
0.9050636007921631,-1.0122605297925311,56
0.9179440209777628,-1.0235332843178984,56
1.1799680857709616,-1.0359110076486582,56
0.9555976165815023,-1.1808397262932606,56
0.9100164656244533,-0.8936170306098461,56
0.9050636008980528,-1.012260529710685,56
0.9179440209607409,-1.0235332843308804,56
1.1513455593218056,-0.9278833965892432,55
1.2002403838803481,-0.9751478056777166,55
1.1326268543788969,-0.9592057002575756,55
1.2445958387621079,-0.988191162715041,55
1.1513455593221484,-0.9278833965889115,55
1.2002403838660274,-0.975147805691809,55
1.1326268543637283,-0.9592057002719071,55
1.2445958387725253,-0.9881911627050088,55
3.652225347870974,0.7335143554296377,2
3.517348605635241,0.6359843732983819,2
3.6125038975251837,0.712466265994887,2
3.563841850000123,0.7073098535024294,2
3.559259489942423,0.7247351476420194,2
3.6139952855334267,0.727892776413879,2
3.583094443594823,0.6992683916003432,2
3.5960878286405507,0.6681605283611713,2
3.5702544846182014,0.7270953087639991,2
3.545992988264576,0.716765625770713,2
1.1533956863094006,-1.0262189027822852,55
1.1640303995740624,-1.0008214383211413,55
1.1919473236618146,-0.9114442873647153,55
1.1609662636808387,-0.9177635736371564,55
1.190302334884063,-0.9848454115189478,55
1.1533956863159271,-1.0262189027765898,55
1.164030399350211,-1.0008214385287655,55
1.1919473236617117,-0.911444287364812,55
1.16096626367652,-0.9177635736414226,55
1.1903023349132422,-0.9848454114910568,55
1.0790395628872615,-0.6953070983034965,60
0.9978909427776687,-0.66001744172095,60
0.8903382993404338,-0.6193792990881952,60
1.0726050368642819,-0.780708271534962,60
1.079039562680002,-0.6953070981686158,60
0.9978907815439186,-0.6600173555613964,60
0.8903695969480279,-0.6193942990098861,60
1.072605036845228,-0.7807082715188168,60
2.5005188023236413,1.6156720347933473,11
2.4767046542767095,1.4837905889203638,11
2.503554624053151,1.4927746799789567,11
2.4575012356384214,1.56327293972315,11
2.449431880691742,1.5601028054813244,11
2.493101262352177,1.6680809559883836,11
2.577487820304608,1.6135114156031538,11
2.5429069580857298,1.5286326585605226,11
2.513541842097929,1.6860432999607526,11
2.5736074182251194,1.6371631369016053,11
1.0181092581888136,-0.7895143962050902,60
0.9242614201930112,-1.0674291593545988,60
0.8188399194623427,-0.5494799088901566,60
0.8230495343907591,-0.5573533957712821,60
0.9782133478958382,-0.7036230593354224,60
1.0181092312840936,-0.7895144404632723,60
1.0988328710192432,-0.880293616045165,60
0.8188294905383635,-0.5494749078017912,60
0.823072440203176,-0.5573637399208872,60
0.9782147792992875,-0.7036238191569933,60
0.6706932013283843,-0.5650609969160423,59
0.889318187203378,-0.6345538138352826,59
0.6751685107731199,-0.6060402803297209,59
0.8371786346116412,-0.6558203766315012,59
0.6706932013310339,-0.5650609969165691,59
0.8893181872034598,-0.6345538138353045,59
0.6751685107725621,-0.6060402803297471,59
0.8371786346129353,-0.6558203766317282,59
3.212596337597664,1.8301340003348898,1
3.118270427341894,1.9029276046959844,1
3.177077583244389,1.8929849601350655,1
3.1123379526331156,1.9261480125113466,1
3.109862828980635,1.9664788208959554,1
3.1447560559585694,2.0182389649890764,1
3.1142936021256937,2.053092839586518,1
3.142028067979289,1.9762671242062693,1
3.075641337977707,2.114681978547375,1
3.101346114402614,2.115127977154484,1
0.8788208414184169,-0.8140796078054918,59
0.7341158608170079,-0.7496282107005857,59
0.7327988436130493,-0.6539357875265241,59
0.6547656958997708,-0.5591735989669798,59
0.7692753579013436,-0.7211707314483137,59
0.8788208416289123,-0.8140796075171741,59
0.7341158262252915,-0.7496282515840655,59
0.7327988435562353,-0.6539357875302855,59
0.6547656959020911,-0.5591735989673048,59
0.7692753575610803,-0.7211707318195821,59
0.9188520463232739,-1.0961458963302377,54
1.0191836735587976,-1.0217839806747175,54
0.9006527012807497,-1.0733951597194913,54
1.0151854812483176,-1.0718054574012024,54
0.9188520463247981,-1.0961458963290838,54
1.0191836735605726,-1.0217839806732738,54
0.9006527012988265,-1.0733951597053804,54
1.0151854812719674,-1.0718054573826898,54
3.1010029514571738,1.0539876036755695,7
3.0823562269500773,0.9391726136926813,7
3.0578746810486184,0.9549498257540139,7
3.0995159678154045,0.9648670270473969,7
3.0784363860318664,0.9830658309016708,7
3.127554192629192,1.0708268696430643,7
3.1530092368850333,1.0198662527951796,7
3.1052589673068955,0.9656157254046608,7
3.1024293527353364,1.026882316161605,7
3.116159942178866,1.0040019597209053,7
1.210357167556551,-1.0147012389085,54
0.8503371027603012,-1.2426049655608422,54
0.9568574750503207,-1.0060154461557724,54
0.92797330876303,-1.0809102073819155,54
1.0026360691792193,-1.0528325015669127,54
1.2103571674701463,-1.0147012389874517,54
0.8503370825470417,-1.2426049818014449,54
0.9568574752279164,-1.0060154459951993,54
0.9279733088508414,-1.0809102073138548,54
1.0026360691551788,-1.0528325015861941,54
1.1262718450197038,-1.3205438661027917,53
1.2332112840998768,-1.278946167422058,53
0.9965446424143694,-1.4348407244964314,53
1.2119149037979071,-1.329026992488844,53
1.126273688604265,-1.32054236299845,53
1.233210985631368,-1.2789464133849615,53
0.9965482270184989,-1.434837668039811,53
1.2119140066181362,-1.329027718787769,53
3.830621956882892,1.2405955962095916,2
3.774629694036648,1.131990795624722,2
3.7811213387640885,1.1896048578404148,2
3.7794987094572052,1.1881613145494287,2
3.7547122957218186,1.1843257242825687,2
3.8278180128870956,1.2597601010831758,2
3.7874672772304567,1.2459334181534734,2
3.7928057503403876,1.1790960742493843,2
3.7674190504161036,1.2656226456315212,2
3.756049659765968,1.2379467093773313,2
1.1930824029215994,-1.2774894639739203,53
0.9100987646644807,-1.5747165571008108,53
1.2958702649296325,-1.2080713159280703,53
1.1488918304996782,-1.3299291414682224,53
1.227774675930388,-1.2664163348184045,53
1.193084130207755,-1.277488031046887,53
0.9100945476227037,-1.574720595662151,53
1.2958704780517256,-1.2080711305617906,53
1.1489022987384192,-1.3299205711002686,53
1.227775768129608,-1.2664154231089588,53
0.6802879451247433,-0.6590479659018152,58
0.6865572872311897,-0.6587119531139111,58
0.5380321077212327,-0.7841381830553296,58
0.6425197834674015,-0.7499552377811648,58
0.6802879451248873,-0.6590479659016442,58
0.6865572872311949,-0.6587119531139055,58
0.5380353022431197,-0.7841333791911542,58
0.6425197834788998,-0.7499552377632169,58
2.6241031975086995,1.6348744917404228,14
2.5880557787916763,1.5739165391996237,14
2.567205950659311,1.5256496935838881,14
2.558919036133484,1.5870790931610472,14
2.575275045416079,1.633384005412811,14
2.650267901110289,1.700878917414125,14
2.6961096874715262,1.7028680300611245,14
2.635835188374619,1.592488416063569,14
2.632758916554434,1.690528639069426,14
2.726830231221191,1.7015922746811944,14
0.8351796818411517,-0.8963104945756292,58
0.5425339836137831,-1.0305417164200403,58
0.630036187756409,-0.5913886288654221,58
0.6291662360431688,-0.6147519009882615,58
0.6624399084721242,-0.6884275705030006,58
0.8351714477183415,-0.8963207941967658,58
0.5425339836633809,-1.0305417163865562,58
0.6300361877564001,-0.5913886288654291,58
0.6291662360432324,-0.6147519009881944,58
0.6624399084684647,-0.6884275705087881,58
0.6492384456545263,-0.9417229029434878,57
0.9191401339226226,-0.8558198320795019,57
0.6230894429559464,-1.046879115464474,57
0.7622052221074457,-1.0440497193905067,57
0.6491299959128674,-0.9418403761223803,57
0.9191388086621815,-0.8558214720240627,57
0.6230894833414062,-1.0468790882344559,57
0.762229882638592,-1.0440308950187072,57
3.347458778888026,2.059903807247282,0
3.283833401813412,1.9990448015114302,0
3.306205237992743,2.0048150069571933,0
3.2781025723273913,2.017980873288123,0
3.29148131512628,2.036918808723796,0
3.3500153183974666,2.1273497917446687,0
3.333479785599729,2.1653106563872693,0
3.327660347127308,2.0897307081687466,0
3.2677530183894428,2.1818677745385373,0
3.343601591342792,2.158161881034234,0
0.7967830408107388,-1.1203771173386785,57
0.6498947366216615,-1.0867973375238507,57
0.9101992761039993,-0.9577081854528151,57
0.8395922484873269,-0.8659490375761763,57
0.810235912478896,-1.0418151798457485,57
0.7967829768128056,-1.1203771644931355,57
0.6498947358682134,-1.0867973379985774,57
0.9102017271317444,-0.9577053360901536,57
0.8395907617018415,-0.865951202504256,57
0.8102069020710071,-1.041839124149425,57
2.691856751771304,-1.9634189154150237,42
2.8146432870982316,-2.014412543196834,42
2.787402341863303,-1.963028791575563,42
2.7134199231438485,-2.0456264325837843,42
2.6918567517712964,-1.9634189154150414,42
2.8146432870967764,-2.014412543199071,42
2.7874023418633116,-1.9630287915755529,42
2.7134199231541705,-2.0456264325675524,42
0.6734370622613696,-4.16618331439808,46
0.8670437904167478,-3.950855301782759,46
0.798891000536214,-4.062535064893211,46
0.9648222651705801,-3.9133856805959475,46
0.8125362335620461,-4.1615047625875645,46
0.5892211242629968,-3.942693683323269,46
0.8337052400265322,-3.9261586834834947,46
0.7633149797672621,-3.914335557381849,46
0.8266394359927607,-3.8714711429712625,46
0.7213222837150304,-4.10421216147205,46
2.7952629662014856,-1.9604127233344182,42
2.583649948924529,-1.966184257220793,42
2.742980092871898,-1.9292287533403703,42
2.7262338125739367,-1.8694766390687407,42
2.6029351196309594,-1.9084299258034927,42
2.7952629662014847,-1.9604127233344173,42
2.5836499489244846,-1.966184257220871,42
2.742980092871912,-1.9292287533403447,42
2.726233812573935,-1.869476639068742,42
2.6029351196309465,-1.908429925803519,42
2.8931546942689024,-2.1236292227863567,42
2.7740889953515437,-2.066093674629003,42
2.8451841499351036,-2.0078814851039133,42
2.961994729315822,-2.0548586893268617,42
2.8264494411738683,-2.031901677943438,42
2.8931546942688917,-2.123629222786377,42
2.774088995351516,-2.06609367462904,42
2.8451841499348967,-2.0078814851042552,42
2.961994729315828,-2.0548586893268483,42
2.8264494411739602,-2.031901677943294,42
0.6460476777166653,-3.900602675549468,46
0.8942512844512852,-3.8995143806131938,46
0.5365676093604363,-3.8420137866273363,46
0.8599227173035628,-3.831286390896765,46
0.5744069466252517,-3.9519165116178074,46
0.8920431460132381,-3.9216917277525005,46
0.469560065063923,-3.973586734723373,46
0.8919782957395938,-3.998325158029594,46
0.6516997240534708,-3.9148129793762774,46
0.9239622843910629,-4.019226613673803,46
0.6460476779917593,-3.900602675511524,46
0.8942511298926227,-3.8995144108467543,46
0.5365676132904168,-3.8420137861052956,46
0.8599227199405731,-3.8312863903715217,46
0.5744069737151228,-3.9519165082344028,46
0.8920431592638265,-3.9216917251210286,46
0.46956006508856396,-3.973586734720778,46
0.8919783007411795,-3.9983251570488694,46
0.6516997261200974,-3.9148129790677224,46
0.9239586690752946,-4.01922736589968,46
0.3684421596042767,-0.8289719659247528,56
0.4757467280961275,-0.7644010574902353,56
0.35535238644176714,-0.7536683839890734,56
0.42047881099992174,-0.7949776619105656,56
0.3684421596042766,-0.8289719659247528,56
0.4757467280961282,-0.7644010574902336,56
0.3553523864417671,-0.7536683839890722,56
0.42047881099992096,-0.7949776619105647,56
2.4374040191932145,0.3900669773373748,6
2.4423583008716125,0.2830133161595999,6
2.4631720630323746,0.32758388257311327,6
2.4949425974418338,0.35037787601051645,6
2.4839020298509262,0.304533682101272,6
2.368034762927684,0.33056057779523856,6
2.426723872929274,0.32337139862870273,6
2.396719452296241,0.25586435628957765,6
2.4089629975449833,0.3378874739705581,6
2.435852815118469,0.292586468494859,6
0.5418553233581532,-0.7947078108742016,56
0.2956409426623894,-0.9512854014971776,56
0.3679636028870973,-0.6998246203802295,56
0.3165809730890915,-0.7137886575576967,56
0.36493913005827955,-0.7387842607440082,56
0.5418553230448682,-0.7947078112124876,56
0.2956409426623894,-0.9512854014971772,56
0.3679636028870976,-0.699824620380229,56
0.3165809730890915,-0.7137886575576969,56
0.36493913005827977,-0.7387842607440078,56
0.7236282447514945,-0.9320600708658532,55
0.7851493607454375,-0.9552675318080227,55
0.6745839692484047,-0.9526688079711215,55
0.7395603785235288,-0.9964457400508442,55
0.7236282447515365,-0.9320600708658203,55
0.7851493607454066,-0.955267531808049,55
0.6745839692484021,-0.952668807971122,55
0.7395603785235342,-0.99644574005084,55
3.2588406554242395,0.6270726364242268,2
3.131690997870763,0.4840679131637545,2
3.1957795911507754,0.5546430814728532,2
3.1637612080568234,0.5446001065554555,2
3.1194100897017325,0.5350665458754695,2
3.1719193085841595,0.6059474167775967,2
3.1695653758233857,0.6012899394917022,2
3.1754705425952126,0.5325910539723493,2
3.1427092140152024,0.6228693418656263,2
3.154930212977946,0.5927921703987997,2
0.7233603810636144,-0.9252632674795875,55
0.688322887808055,-1.0287340409292736,55
0.7584374179687475,-0.9111662090226271,55
0.663791213134088,-0.9373189621036802,55
0.7441230656764279,-0.9512522878864428,55
0.7233603810635871,-0.9252632674796105,55
0.6883228878080752,-1.0287340409292607,55
0.7584374179686721,-0.9111662090226965,55
0.6637912131341254,-0.9373189621036462,55
0.7441230656764333,-0.9512522878864373,55
-0.1743951775567924,-0.09810556354650067,60
-0.15270336166051446,-0.17852459586498415,60
-0.19904516135639255,-0.11249127009076584,60
-0.18660994861754676,-0.1771408966662229,60
-0.17439517757204245,-0.09810556352799765,60
-0.15270336166237916,-0.17852459586157735,60
-0.1990451613475335,-0.11249127010326147,60
-0.18660994834834038,-0.17714089714917847,60
2.0130772691446355,1.6519940293656228,11
1.9841803971736027,1.5415180741980343,11
2.00379425502999,1.5284773119847215,11
1.956753761979987,1.5628680722034618,11
1.9611518884998125,1.5617460100149787,11
2.0297406174453334,1.7919391056765985,11
2.0755330803650205,1.7228890361774671,11
2.058783601013625,1.678175481614845,11
2.032676659820827,1.7695638302165282,11
2.1029692522364627,1.7100052544263806,11
-0.19201292934696212,-0.11215885021219577,60
-0.24219867128737718,-0.19774775839956982,60
-0.19603276699699346,-0.0860538364648141,60
-0.19674660556900508,-0.04279787926308921,60
-0.1790746415508607,-0.1130719565469856,60
-0.19201292934332276,-0.11215885021688296,60
-0.24219868003951298,-0.19774774297276987,60
-0.1960327669967705,-0.08605383646509702,60
-0.1967466055689337,-0.04279787926316371,60
-0.1790746415581699,-0.11307195653716874,60
0.020801112947507413,-0.5334026568084648,59
0.09028607323027153,-0.6021675873750828,59
-0.015355188112717771,-0.5371559233680882,59
0.05325591759805307,-0.6217930815219236,59
0.02080111294750692,-0.5334026568084629,59
0.0902860732302725,-0.602167587374961,59
-0.015355188112712739,-0.5371559233681117,59
0.05325591759804877,-0.621793081521888,59
2.7237244107121406,2.0703468185423346,1
2.6091883913107545,2.0439301610179452,1
2.676914565516019,2.0251224196767406,1
2.6040201072338216,2.000127907711012,1
2.5775463644801375,2.036290712453984,1
2.6732147326459983,2.2137239235987316,1
2.622091489574976,2.2604260603543773,1
2.6942556944336506,2.235664115123377,1
2.5916553974777012,2.271257234769019,1
2.6565636761781013,2.3328287611932366,1
0.07252803273838414,-0.5641487938632493,59
0.038217151016021425,-0.6648655954659094,59
0.014651470018238218,-0.6005558287806433,59
-0.016214815287005628,-0.4743689157168333,59
0.044937039730352325,-0.5491557621709295,59
0.07252803273830563,-0.5641487938620043,59
0.03821715101617111,-0.6648655954667706,59
0.014651470018249136,-0.6005558287807128,59
-0.016214815287002624,-0.47436891571684553,59
0.04493703973035242,-0.5491557621709301,59
0.5474829878006517,-0.9179531414645455,54
0.65278338371625,-0.8970143983926313,54
0.5205826470375878,-0.8774879961331797,54
0.6023225142098191,-0.9527994106790613,54
0.5474829878006517,-0.9179531414645458,54
0.6527833837161923,-0.8970143983926883,54
0.520582647037588,-0.8774879961331791,54
0.6023225142098212,-0.9527994106790596,54
2.8039360662193977,1.0777549634035721,7
2.756883919682687,0.9709502844248439,7
2.7620295930877887,0.9747340471903042,7
2.76684558589658,1.0181780903983089,7
2.7108155672777956,1.0091243198988582,7
2.801986732668264,1.0781012782635881,7
2.8318783247270716,1.0661514189656998,7
2.8123402707561205,1.0037106367033024,7
2.784470092288778,1.0711281356973918,7
2.7818114313333258,1.0390079206292013,7
0.8651552357173775,-0.8113511864807655,54
0.48910203482985776,-1.04077161592622,54
0.5487579804542443,-0.8132857973381136,54
0.5569447730776997,-0.8288570197517946,54
0.5903680493935597,-0.8831823492317735,54
0.8651552357174227,-0.8113511864807181,54
0.489102034829858,-1.0407716159262197,54
0.5487579804542424,-0.8132857973381149,54
0.5569447730776997,-0.8288570197517948,54
0.5903680493935614,-0.883182349231772,54
0.631512338196229,-1.3724952364776601,53
0.7517296233621853,-1.419519061521602,53
0.6386503587366513,-1.402205287138304,53
0.7465738648515037,-1.4256277061888079,53
0.6315123381961008,-1.3724952364777745,53
0.7517296235902459,-1.4195190613242477,53
0.6386503587375465,-1.4022052871375053,53
0.7465738648801633,-1.4256277061637095,53
3.468978622678351,1.3751823823207505,2
3.3895255748480406,1.2397207417639933,2
3.398635152024446,1.3038688249600932,2
3.3610209919603085,1.3165508326873303,2
3.3206422805220486,1.3198875828691368,2
3.4359117040698006,1.3899411426943995,2
3.435323787357213,1.375811222989576,2
3.4478389832131198,1.3059704763721813,2
3.3664834058387996,1.410099517131839,2
3.39059113237672,1.3517330882536078,2
0.7379828042489409,-1.2966237649375016,53
0.6437771081276417,-1.4077851623128415,53
0.7889202074883578,-1.313044923919266,53
0.7288470903863702,-1.3231799788684395,53
0.7797963754720683,-1.3253335056665807,53
0.7379828042493365,-1.2966237649371715,53
0.6437771081233369,-1.4077851623169308,53
0.7889202080842134,-1.313044923424434,53
0.7288470903842408,-1.323179978870252,53
0.7797963753667854,-1.3253335057545759,53
0.111252587760259,-0.3984495225035221,58
0.135830585197572,-0.3830387022787004,58
0.06919793424607404,-0.3967891468669384,58
0.0988919396241271,-0.4062186355100471,58
0.11125258776025902,-0.39844952250352217,58
0.13583058519757205,-0.3830387022787006,58
0.06919793424607408,-0.3967891468669381,58
0.09889193962412696,-0.40621863551004644,58
2.181763224354937,1.7466119501091393,14
2.1294959751753666,1.6712087362837422,14
2.121780078450397,1.6358862550192528,14
2.085450711261076,1.6847910331528928,14
2.097461673203877,1.7318245598754052,14
2.211212167855001,1.847245790253353,14
2.2360884275733093,1.8413320769181598,14
2.202810170642712,1.7526379136323411,14
2.173144833101365,1.8162496695693466,14
2.2560156184606184,1.8292916960515422,14
0.19758256943178276,-0.4302715102502445,58
0.053912554377763336,-0.47200916028167444,58
0.08685040441552466,-0.33175255699997186,58
0.07689427965706218,-0.3305388111037917,58
0.09827603018617122,-0.3804170090246167,58
0.19758256943178254,-0.430271510250244,58
0.05391255437776331,-0.47200916028167433,58
0.08685040441552468,-0.33175255699997236,58
0.07689427965706225,-0.3305388111037917,58
0.09827603018617122,-0.38041700902461717,58
0.1623597011334665,-0.8381273488629468,57
0.25776867495065053,-0.8733386604000718,57
0.13703823370241225,-0.8648014514142772,57
0.22663698449103745,-0.9095083883988548,57
0.16235970113346637,-0.8381273488629474,57
0.25776867495064365,-0.8733386603998831,57
0.1370382337024124,-0.8648014514142773,57
0.22663698449103767,-0.9095083883988534,57
2.8915576072743736,2.269776322211017,0
2.7710585460685397,2.1845822805583683,0
2.8093132254466227,2.185949199164209,0
2.7827932502304353,2.1352242199383817,0
2.7825197705668536,2.1770006965769153,0
2.876412769859293,2.3506721333512695,0
2.843180574895158,2.338875819674411,0
2.8820448089165063,2.285217649451709,0
2.8004554800248815,2.306537571211545,0
2.8759342505020498,2.349963757958222,0
0.24842394469625095,-0.9398137178952128,57
0.153373382962476,-0.9280541603245012,57
0.23324477165642418,-0.8207066697945367,57
0.13941165968652178,-0.7988171359171802,57
0.23294720444782313,-0.8588222502682081,57
0.2484239446962283,-0.9398137178950287,57
0.15337338296247593,-0.9280541603245005,57
0.23324477165642443,-0.8207066697945226,57
0.13941165968652178,-0.7988171359171802,57
0.23294720444782327,-0.8588222502682055,57
2.542555877040252,-2.0013480931848147,41
2.613295827645006,-2.00326496854719,41
2.646547447205857,-2.01890316654848,41
2.512645849749388,-1.9571313594485786,41
2.542555877040253,-2.0013480931848178,41
2.6132958276449196,-2.0032649685473363,41
2.646547447206098,-2.018903166548092,41
2.5126458497493855,-1.957131359448593,41
1.13541755894232,-3.774372244799889,45
1.1848673812470163,-3.6063161988182566,45
1.1540902709144634,-3.6810103877121234,45
1.2817405921444194,-3.6093448450730365,45
1.235938312410434,-3.821062572886416,45
0.9904175717146215,-3.648919500434348,45
1.1469754643912426,-3.568274929115087,45
1.1336496614525755,-3.592476451910281,45
1.1335178664352805,-3.5538227279957644,45
1.1749637318202628,-3.659388591564393,45
2.4976049073567745,-1.9586368834113226,41
2.4321335968401616,-1.9213018425006427,41
2.5721251577224384,-1.9893389254997293,41
2.567366765123481,-1.8994472311515507,41
2.4383290502436803,-1.8954346988115909,41
2.4976049073567768,-1.9586368834113168,41
2.4321335968401625,-1.9213018425006387,41
2.5721251577224384,-1.9893389254997276,41
2.567366765123481,-1.89944723115155,41
2.438329050243679,-1.895434698811591,41
2.676691799338392,-2.0388183038117473,41
2.545130978039144,-2.018773666084146,41
2.614867884027489,-1.9754855998755971,41
2.6896914192616745,-1.9962291199784894,41
2.6150407044266473,-2.012976338992986,41
2.6766917993383883,-2.03881830381175,41
2.545130978039143,-2.018773666084144,41
2.614867884027491,-1.9754855998755938,41
2.6896914192615826,-1.9962291199786337,41
2.615040704426647,-2.0129763389929884,41
1.0622352867160088,-3.5971498643448867,45
1.3281259344509193,-3.6359440356167,45
0.9532634520796899,-3.525808476677286,45
1.3091295284258808,-3.632655901111426,45
0.9782320842065998,-3.641375686457561,45
1.2889888909356655,-3.587492770705533,45
0.9455575984507724,-3.6588161991167776,45
1.310275746336609,-3.6590758146176023,45
1.023125431389529,-3.5731765260582047,45
1.3346150019828487,-3.6766700455187067,45
1.062235286010657,-3.5971498645276707,45
1.328125933277167,-3.6359440359982025,45
0.9532634520899932,-3.5258084766748183,45
1.30912952873959,-3.632655901012762,45
0.9782320076739758,-3.6413757038016397,45
1.288988890520685,-3.5874927708343045,45
0.9455575988770524,-3.658816199023853,45
1.3102757456612504,-3.6590758148327116,45
1.0231254356984019,-3.573176524994913,45
1.3346144127021649,-3.676670238334421,45
0.4676341347353208,-0.6746908694004816,56
0.5634367856077214,-0.6654614066690091,56
0.4786889557300642,-0.6331995715546089,56
0.5029177527287707,-0.6922786462875454,56
0.4676341347353207,-0.6746908694004815,56
0.5634367856077217,-0.6654614066690094,56
0.47868895573006415,-0.6331995715546088,56
0.5029177527287707,-0.6922786462875452,56
2.405882089969911,0.3561956156422414,6
2.4030563659485535,0.26199809991952316,6
2.438339329298133,0.2925921621647665,6
2.464887343850889,0.3253938178898911,6
2.4468494048304197,0.28776921687843277,6
2.3418201646896426,0.3373451477163978,6
2.390746387968686,0.33274251368568264,6
2.3660610454426165,0.2803046717169035,6
2.3672188181383587,0.3634713449128749,6
2.398044007885459,0.306562188501869,6
0.7297994834862511,-0.6496072151831442,56
0.4012033487518892,-0.8127751488041975,56
0.44615992503761204,-0.611630604635348,56
0.4589158585165554,-0.59777139453802,56
0.445721020878612,-0.6650221130817116,56
0.7297994834862511,-0.6496072151831446,56
0.4012033487518886,-0.8127751488041985,56
0.44615992503761215,-0.6116306046353477,56
0.45891585851655525,-0.5977713945380193,56
0.44572102087861226,-0.6650221130817114,56
0.8121075920980435,-0.8721800670226858,55
0.8782579664838734,-0.9152494917705812,55
0.7614805551241715,-0.8754948137276111,55
0.8534957194646783,-0.9280775200647422,55
0.8121075920979088,-0.8721800670228143,55
0.8782579664842857,-0.9152494917702102,55
0.761480555124177,-0.8754948137276057,55
0.8534957194652784,-0.9280775200642017,55
3.231389341829418,0.5942677643775223,2
3.082115484757264,0.48213830562720417,2
3.1682567408260693,0.5210421924428763,2
3.120037343891093,0.5522754117371557,2
3.0750448851057617,0.5352659377608346,2
3.1414966774646436,0.5836005356352852,2
3.1515313292820344,0.5858679874569706,2
3.1494358022870226,0.5004200405000097,2
3.1310507367392297,0.6159791061811324,2
3.128921473946227,0.5593936668911718,2
0.8101613490963996,-0.8432772219633706,55
0.8273933980075321,-0.9300277858275845,55
0.9292158179646559,-0.8201775449454535,55
0.8389524298302583,-0.7889487184031484,55
0.8937138815269497,-0.8721219341029339,55
0.8101613490964107,-0.8432772219633609,55
0.8273933980069162,-0.9300277858280607,55
0.9292158179646153,-0.8201775449454899,55
0.8389524298302944,-0.7889487184031049,55
0.8937138815269793,-0.8721219341029087,55
-0.15254707217044028,0.03809928786435968,60
-0.14604433050574958,-0.04878985414335125,60
-0.15749974720131063,-0.01788382809532416,60
-0.2017006375387131,-0.0490374309421032,60
-0.15254707205158402,0.038099287766644785,60
-0.14604433052258875,-0.04878985412733148,60
-0.15749974719427076,-0.017883828101691895,60
-0.20170063839578933,-0.04903743003564108,60
1.9861343040734822,1.5964954595317664,11
1.962917895650161,1.500318293730126,11
1.9906165817388268,1.482805460978917,11
1.9281663363770147,1.5093979170357217,11
1.9337192831279162,1.5283689753425114,11
2.011389939018562,1.8025923602862555,11
2.0657822643485524,1.7252423816706912,11
2.0505981924458947,1.6827923173500343,11
2.015963693269829,1.7986854179563576,11
2.0809574625143363,1.6965269890034234,11
-0.15951322028408077,0.008563261516018961,60
-0.18875002669810675,-0.05544075519503574,60
-0.2003355047017426,0.011735532860449704,60
-0.13974620564904655,0.03917265681518971,60
-0.20171078461101288,-0.01276533380044939,60
-0.1595132262874075,0.008563266579543425,60
-0.18875002647437317,-0.055440755413276456,60
-0.20033550470002984,0.011735532858821954,60
-0.1397462056489113,0.03917265681507978,60
-0.20171078456332622,-0.012765333846582447,60
0.09608031064461124,-0.4698565664831335,59
0.167485313874097,-0.5311360935032869,59
0.06007172592828585,-0.4655904063644533,59
0.11760758765166404,-0.5618520136455781,59
0.0960803106446099,-0.4698565664831306,59
0.16748531387410662,-0.531136093503256,59
0.06007172592833331,-0.46559040636459426,59
0.11760758765164826,-0.5618520136457406,59
2.7529882568058266,2.0570774476398235,1
2.5978262736022395,2.0541161765290528,1
2.67137211913796,2.0325762131144427,1
2.602694047195663,1.987888357121405,1
2.5668505054580977,2.0211909162149015,1
2.699775018438621,2.215892604853837,1
2.6351310127589453,2.246129728452042,1
2.715985943451973,2.217132248220161,1
2.6038003579952154,2.267189378279754,1
2.665595603739799,2.3249497985251564,1
0.19406889848147538,-0.46350042595620106,59
0.10783267419105452,-0.5955564863824936,59
0.08050798644567814,-0.5402912343861549,59
0.05260799399832482,-0.3858627269278549,59
0.09861742037777484,-0.5265888173325599,59
0.19406889847807948,-0.4635004259585006,59
0.10783267419102635,-0.5955564863836327,59
0.0805079864456788,-0.5402912343861253,59
0.05260799399829107,-0.3858627269277813,59
0.09861742037777492,-0.5265888173325524,59
0.6366765279821562,-0.7907734611785959,54
0.6736247375499609,-0.8431471313878017,54
0.5927226286624697,-0.7954830284475037,54
0.6287392073826659,-0.9026400134751142,54
0.6366765279821561,-0.7907734611785967,54
0.6736247375497655,-0.8431471313880072,54
0.59272262866247,-0.7954830284475035,54
0.6287392073826868,-0.902640013475095,54
2.808230439694057,1.0699154500024022,7
2.7657230478993173,0.9624910256932412,7
2.7778336687989613,0.9748759854547665,7
2.776052873872429,1.018015313405728,7
2.7066995003258922,0.9982768247268071,7
2.795456197646186,1.0869051165275443,7
2.841881135495494,1.08056452236869,7
2.8224657220706777,1.0215277889640568,7
2.7817872525951595,1.0836246626053594,7
2.778152040702156,1.0372353676723205,7
0.9699781834749969,-0.7287365833081486,54
0.5721793806624237,-0.8967557056229567,54
0.5740326001490584,-0.7393482901302892,54
0.6406709875938762,-0.7084808372471696,54
0.5951474944734046,-0.8116911716008465,54
0.969978183474997,-0.7287365833081484,54
0.5721793806624297,-0.8967557056229528,54
0.574032600149058,-0.7393482901302895,54
0.6406709875938762,-0.7084808372471688,54
0.5951474944734207,-0.811691171600829,54
0.7157016066190269,-1.3205611606044412,53
0.7844066358189696,-1.3823905968987715,53
0.7147757509258373,-1.3299581644950564,53
0.7766110380895276,-1.4086343409633098,53
0.715701606619135,-1.32056116060435,53
0.7844066360574274,-1.3823905966993295,53
0.7147757509234806,-1.329958164497053,53
0.7766110380133139,-1.4086343410288293,53
3.463356268848006,1.3802046954238132,2
3.3594783296421915,1.2536322523142087,2
3.379061095325393,1.3028425265770398,2
3.3460916607389337,1.3116739759626326,2
3.2936398576017285,1.325118580970497,2
3.4402671247085284,1.3867595036754097,2
3.42829765710845,1.4040298556420832,2
3.4469344783104083,1.3203754434987383,2
3.3491869384657957,1.4060544678929598,2
3.374536381770788,1.3696112598398846,2
0.8600761405061904,-1.230031321188846,53
0.7063391271504695,-1.371043049610965,53
0.7944967770790242,-1.3047299406863078,53
0.8228982863269811,-1.2632833367619745,53
0.7707043691172258,-1.3386657070331167,53
0.8600761405142129,-1.230031321182855,53
0.7063391271675619,-1.3710430495960122,53
0.7944967767673443,-1.304729940942941,53
0.8228982861931423,-1.2632833368674024,53
0.7707043691283072,-1.338665707023826,53
0.1689288469396605,-0.2597607406078374,58
0.14636362147882495,-0.28002510690472904,58
0.10514369787800473,-0.28336686344111783,58
0.11604238370938107,-0.30860149561474615,58
0.1689288469396606,-0.25976074060783716,58
0.146363621478825,-0.280025106904729,58
0.10514369787800489,-0.28336686344111783,58
0.11604238370938123,-0.3086014956147472,58
2.1985110358766873,1.734447254737039,14
2.147885360032354,1.6639611048692289,14
2.1473625918111474,1.626613980030815,14
2.1063802591321696,1.6677815991416411,14
2.1065212714387673,1.7065061639077206,14
2.226876219667731,1.8593126313203807,14
2.2615759879725847,1.8586399434046585,14
2.2302893708715175,1.7768155431806842,14
2.1923344574728483,1.8337979387255459,14
2.2628066506669153,1.833907935594993,14
0.25546730089194264,-0.32154552007823184,58
0.10855469439135237,-0.3357405898899782,58
0.09905967439006053,-0.2866754043334096,58
0.10970476491321142,-0.22693079065048807,58
0.09634074408630995,-0.3125936309767251,58
0.2554673008919411,-0.3215455200782302,58
0.10855469439135235,-0.33574058988997807,58
0.09905967439006051,-0.28667540433340954,58
0.10970476491321142,-0.226930790650488,58
0.09634074408630991,-0.31259363097672466,58
0.20144225975603564,-0.7990808733123196,57
0.29186259876975296,-0.8227079761076159,57
0.19602054471580674,-0.810290819880066,57
0.26432781312434406,-0.8785776461504654,57
0.20144225975603536,-0.7990808733123201,57
0.29186259877026166,-0.8227079760916126,57
0.19602054471580688,-0.8102908198800661,57
0.2643278131243619,-0.8785776461507258,57
2.9232078694042896,2.252952234546887,0
2.776645478076494,2.1664028885162585,0
2.821196587961989,2.1584364596535326,0
2.7902293229918382,2.1015973696984305,0
2.7730662108012734,2.154184985252072,0
2.9205403159175494,2.3419350417624063,0
2.857400319367164,2.341584747314263,0
2.9069817432070924,2.2887910602906953,0
2.8086886806824305,2.300915648556021,0
2.886334592628287,2.348316444254803,0
0.348991004495896,-0.9066435723848019,57
0.193967018761858,-0.8908003180550689,57
0.2513272905686932,-0.8202551564858471,57
0.2122526161821037,-0.7551456890224553,57
0.23287712038327835,-0.8550600220172334,57
0.34899100449905157,-0.9066435727087553,57
0.1939670187618577,-0.8908003180550672,57
0.25132729056870534,-0.8202551564856222,57
0.21225261618211172,-0.7551456890223934,57
0.2328771203832799,-0.8550600220172618,57
2.583670493120696,-1.9737807127963485,41
2.7283037757302533,-2.026966294177237,41
2.716967252018114,-2.00356331609458,41
2.610618464931307,-1.9870871967771513,41
2.583670493120701,-1.973780712796342,41
2.728303775728953,-2.0269662941792164,41
2.7169672520177084,-2.0035633160952164,41
2.610618464931332,-1.9870871967771093,41
0.9667583983515406,-3.8976506278303624,45
1.0101418256934216,-3.673690182409506,45
0.9998346010466755,-3.774531004347894,45
1.0984026745087343,-3.6863320500711385,45
1.0350002265117977,-3.956137681206833,45
0.7540057140935733,-3.8065901902086834,45
0.9596518055087566,-3.6675396376428004,45
0.9541866284986844,-3.7081448417795992,45
0.9306668414753622,-3.651962035855727,45
0.9614059798211035,-3.7874365622501194,45
2.4317828364809904,-1.9147802595882883,41
2.4521177472276077,-1.9185349064838715,41
2.6734490098353096,-1.9885171757511177,41
2.630121637630923,-1.902959735097492,41
2.5009740236837943,-1.8772332996169852,41
2.43178283648099,-1.914780259588291,41
2.4521177472276108,-1.918534906483866,41
2.673449009835311,-1.9885171757511177,41
2.630121637630921,-1.9029597350974918,41
2.500974023683796,-1.8772332996169856,41
2.6237961955119875,-2.029111503645435,41
2.530414366664443,-1.9703554768764837,41
2.625968704832988,-1.9289379718437594,41
2.674031440923869,-1.9307232797777465,41
2.651263895187385,-2.0004675342455047,41
2.623796195511991,-2.029111503645436,41
2.5304143666644467,-1.9703554768764768,41
2.625968704832987,-1.9289379718437583,41
2.6740314409244212,-1.930723279776831,41
2.6512638951874163,-2.0004675342454505,41
0.8692199608059402,-3.740487650301607,45
1.0979402910579958,-3.7403123104737785,45
0.7505557830383021,-3.6497381720026127,45
1.040370445495304,-3.6352174962747545,45
0.7354317977348986,-3.809481855877215,45
1.0587270535395459,-3.683456714538125,45
0.7260526926944483,-3.7833380425991856,45
1.0682971243169785,-3.810784167530616,45
0.8287279388954752,-3.7158801657129352,45
1.0918002182864701,-3.7595778329135454,45
0.8692199627115588,-3.7404876499404587,45
1.097940293214724,-3.74031230993404,45
0.750555782541406,-3.649738172095931,45
1.0403704401750848,-3.6352174975866935,45
0.7354318098216736,-3.8094818537632293,45
1.0587270535540618,-3.683456714534618,45
0.7260526934383134,-3.7833380424654544,45
1.0682951091513573,-3.810784650192601,45
0.8287301426173621,-3.715879738699255,45
1.0918002212406874,-3.7595778321717885,45
0.7743285358338704,-0.8377536651446567,56
0.8143374178949088,-0.7872116284710411,56
0.6972741322300505,-0.7952305038366629,56
0.7909172191858157,-0.8217720326823315,56
0.774328535843609,-0.8377536651352405,56
0.8143374178948584,-0.7872116284710743,56
0.6972741322296315,-0.7952305038370879,56
0.7909172191848871,-0.8217720326832139,56
2.831155490741087,0.40061413969501086,6
2.8151052499706597,0.26584179867411045,6
2.8689463211067037,0.3236842941871157,6
2.844924428150899,0.36682936996917875,6
2.8163017570409044,0.3166217559968543,6
2.776157323880073,0.4045746235372517,6
2.7928050351095197,0.38246560141838926,6
2.789092761976169,0.3250753841232378,6
2.7691009806173765,0.40027402330219264,6
2.8049952943783483,0.3272841321679137,6
0.9941761283155913,-0.8097470036011397,56
0.6829914439066505,-1.030791867870954,56
0.6542337891856675,-0.7243677547701848,56
0.7030489843578209,-0.7414565593770106,56
0.672068333951973,-0.7985378483081301,56
0.9941761283156786,-0.8097470036010673,56
0.6829914437753549,-1.0307918679518442,56
0.6542337891856135,-0.7243677547702314,56
0.7030489843580215,-0.741456559376861,56
0.672068333952942,-0.7985378483071546,56
0.9723688869196709,-0.9686831006030332,55
1.0459643278095312,-0.9724606209663136,55
0.9447258481157028,-0.9803520334083956,55
1.0723032685750697,-1.0198037072570483,55
0.9723688869272739,-0.9686831005963034,55
1.0459643278016781,-0.9724606209730607,55
0.9447258481536287,-0.9803520333758143,55
1.0723032685584653,-1.0198037072706965,55
3.597379935333927,0.7465264840509412,2
3.4318250657647766,0.6008879662018348,2
3.530301023476266,0.6894697213419965,2
3.483079738903938,0.6558196151397486,2
3.4794003698127676,0.6585303662674532,2
3.537074445250083,0.738387713640259,2
3.4617662821565935,0.7144269763320059,2
3.511322214604841,0.6718259339068553,2
3.443381465201476,0.7263057714107576,2
3.4545861127375352,0.7188417775906462,2
0.9978745411099276,-0.9585664212964531,55
1.0273756747621106,-1.010668490074642,55
1.0646616159584943,-0.929497397859093,55
1.0028750102527717,-0.9489465850944984,55
1.0459432549340884,-0.9822882804935362,55
0.9978745411101908,-0.9585664212962148,55
1.0273756747483598,-1.0106684900854546,55
1.0646616159588036,-0.9294973978587998,55
1.0028750102337955,-0.9489465851120814,55
1.045943254929413,-0.9822882804979871,55
0.3154800898137877,-0.26850365057852477,60
0.3252452263682709,-0.4109107383968607,60
0.2663473538176669,-0.2943711018761949,60
0.30814893241627844,-0.44697398529832943,60
0.31548222461991526,-0.26850517948815367,60
0.3252459079296287,-0.41091116014919826,60
0.26632928245778786,-0.29435728076055717,60
0.3081435221088422,-0.4469602481706769,60
2.4558544749901374,1.7136253579106508,11
2.4257833050276165,1.5881499543247566,11
2.4614267645044907,1.6202680919338501,11
2.4258814875540717,1.6608307879998876,11
2.4105896400543783,1.6571633966658594,11
2.429718552056485,1.7966760295839357,11
2.4801034667230013,1.7617801710292007,11
2.4648743439539382,1.7150092415161022,11
2.452026976792306,1.8321113789217036,11
2.5226594875344173,1.7697900475977326,11
0.33295764351090507,-0.37859917777303,60
0.30993817125617784,-0.40865457595867544,60
0.1458997032850698,-0.19719688927226697,60
0.2205223614084337,-0.18230804382956592,60
0.2387446989865145,-0.3194666162850919,60
0.3329576398526962,-0.3785991754520178,60
0.3098481839751987,-0.4085896106310975,60
0.14589937607682876,-0.19719663634831688,60
0.22052081271282623,-0.1823068137915755,60
0.23874921015592393,-0.3194707935469857,60
0.38287781607096855,-0.6162094450789479,59
0.506283006414254,-0.6589481213961078,59
0.3668859369434129,-0.6257189843191552,59
0.40191219729531796,-0.792162519624741,59
0.38287781607206606,-0.6162094450776177,59
0.5062830056427944,-0.6589481222318143,59
0.36688593694377897,-0.6257189843186627,59
0.40191220355246005,-0.7921625047838702,59
3.094406008287175,2.0344695607098404,1
3.0090102663816682,2.05014470038553,1
3.0403745251092906,2.0150739393354917,1
3.001663217624735,1.9817643531929274,1
2.981920151733983,2.034400717929561,1
3.003250429914767,2.2031003202549124,1
2.973957931519444,2.262975035176273,1
3.016732877041882,2.230141080413078,1
2.9456154867824744,2.260085452910701,1
3.022544008317309,2.3258405614126554,1
0.4915324532734679,-0.7535187236332612,59
0.37760859035641803,-0.9207314631749897,59
0.34064229909420624,-0.710752082461815,59
0.3986355839424902,-0.5469685743705429,59
0.39584799361987,-0.6741269864797482,59
0.49153234541794055,-0.7535188765843333,59
0.3776085881709458,-0.920731469653308,59
0.3406422992762831,-0.710752081841322,59
0.3986355839398065,-0.5469685743725325,59
0.3958479936087721,-0.6741269864955854,59
0.8197849607641391,-0.9082115269245976,54
0.8803757158966491,-0.9676468655747837,54
0.7658313722181938,-0.9470312263721302,54
0.8860574079332295,-1.0139937654762454,54
0.819784960684907,-0.9082115270098945,54
0.8803757159939809,-0.967646865485131,54
0.7658313722060516,-0.9470312263843383,54
0.8860574079094086,-1.0139937654965057,54
3.0765197757062737,1.0729967320589073,7
3.071076668818997,0.9511055669793702,7
3.081586941675573,0.9970818272474652,7
3.084179148131,1.0139515138382662,7
3.04383171201483,0.9962149368008895,7
3.1064847750893514,1.087245127208057,7
3.1144358079242354,1.052902471294685,7
3.105813578817718,1.002688255268107,7
3.075504540921493,1.0746578994368752,7
3.083903504079199,1.0286258564582036,7
1.1260172260517192,-0.8220991272834298,54
0.7559666507774467,-1.0286929414916925,54
0.7795453386748461,-0.8880992808300144,54
0.8095404427710626,-0.8825962378757908,54
0.818034823017652,-0.9553427027235777,54
1.1260172260517007,-0.8220991272834455,54
0.7559666507761669,-1.02869294149262,54
0.7795453384906762,-0.8880992810484021,54
0.8095404427464885,-0.8825962379014042,54
0.8180348230179468,-0.9553427027233011,54
0.9454154924726128,-1.2682897805411812,53
0.977110824501589,-1.323097882566332,53
0.8578397261168336,-1.336494632508536,53
1.0055342412147343,-1.3475026702295057,53
0.9454154952028111,-1.2682897782876934,53
0.9771108548185624,-1.3230978576445578,53
0.8578397153446335,-1.3364946415770478,53
1.005534130103746,-1.3475027618928859,53
3.735961669205279,1.3167739581653752,2
3.7025648898440946,1.1818013320215512,2
3.702081212592098,1.2347797008338257,2
3.677914053451497,1.243069233808205,2
3.643935287452169,1.2523087554624004,2
3.729568939954007,1.3411064550216882,2
3.7101666544448237,1.3083521765405413,2
3.7249037685461057,1.2662968211311936,2
3.6661070494867345,1.3425018146550085,2
3.692278648196064,1.2974071435145584,2
1.0134312714123304,-1.224911621641369,53
0.9599980625538527,-1.3213971670532176,53
0.9988786656734885,-1.2423676047887713,53
0.968024511073663,-1.259532704606591,53
0.9842477491356117,-1.2640860261535056,53
1.0134312665440903,-1.2249116255452521,53
0.9599980529455261,-1.321397175058507,53
0.9988786498745241,-1.2423676178273806,53
0.968024458439394,-1.2595327479251484,53
0.9842477515578489,-1.2640860241693963,53
0.4419923806893118,-0.44918058384262716,58
0.39966949982447686,-0.5040873714451903,58
0.35026557968377886,-0.486967166745184,58
0.3801713387733595,-0.5640825368186175,58
0.4419923806893116,-0.44918058384262693,58
0.39966949982447686,-0.5040873714451903,58
0.35026557968377886,-0.4869671667451842,58
0.3801713387732713,-0.5640825368187674,58
2.557529144909196,1.6998951171455527,14
2.5092398991506997,1.6188818431897758,14
2.511888567736883,1.6034565268541536,14
2.4812073593270196,1.6573857305406694,14
2.482346303277615,1.6966955451485144,14
2.5745195002915557,1.7720468399209106,14
2.5995279466591863,1.7614832717635855,14
2.5556284425555233,1.6752078227564726,14
2.538428779165133,1.771047394307527,14
2.6201013729361007,1.769862533244123,14
0.5845826069207306,-0.5648633398287705,58
0.38650934800167946,-0.5345612277092587,58
0.32774887551365595,-0.48503129616616136,58
0.3692039528490288,-0.42077863002479077,58
0.344417241220995,-0.5940897292196615,58
0.5845826069207302,-0.5648633398287702,58
0.38650934800167774,-0.5345612277092614,58
0.327748875513656,-0.4850312961661616,58
0.36920395284902924,-0.4207786300247914,58
0.34441724121763223,-0.5940897292260566,58
0.42992222732950996,-0.9975421726880545,57
0.5844200169215689,-1.0251477502597883,57
0.422450256684048,-1.0195342842283772,57
0.5690826274898232,-1.0631776958478878,57
0.4299222273295083,-0.9975421726880571,57
0.5844200179013539,-1.0251477496167516,57
0.42245025668405817,-1.0195342842283674,57
0.5690826275154194,-1.0631776958325774,57
3.2316025338201384,2.1840095841571316,0
3.181669940190119,2.1210887423288933,0
3.1880575356665277,2.119074239832364,0
3.136748743237641,2.0952523775892535,0
3.1366081866407334,2.141050114563121,0
3.1838734509266473,2.2733924002833223,0
3.1982584802312317,2.2778267842217446,0
3.2117764526172534,2.2230399463054846,0
3.119533202912498,2.244252924395581,0
3.2277663813683724,2.275568396191587,0
0.5789430910840577,-1.0341951752483165,57
0.4263859620005258,-1.0518610586401114,57
0.5685236589803712,-1.0076594420910099,57
0.4768557593771976,-0.9492980450161679,57
0.5581443544449727,-1.0136213729323102,57
0.5789430910421651,-1.0341951752719338,57
0.4263859620005259,-1.0518610586401118,57
0.5685236566568926,-1.0076594437531747,57
0.47685576838689814,-0.949298037707832,57
0.5581443544165344,-1.0136213729511958,57
2.627264876493781,-1.8747833772828766,42
2.7290992414345383,-1.8399993018306777,42
2.7587662748258652,-1.8739816858800173,42
2.6429275014595595,-1.8545139104602668,42
2.6272648764937827,-1.874783377282872,42
2.729099241434532,-1.8399993018306895,42
2.7587662748258674,-1.873981685880016,42
2.6429275014594786,-1.8545139104604218,42
0.5725217042329936,-4.145917886394779,46
0.8098889324994494,-3.8840218530792727,46
0.7035356654461364,-3.9836525981779745,46
0.9553489516039907,-3.8615670397895916,46
0.7717332923114629,-4.115563913192147,46
0.5486780728864656,-3.9445598960538493,46
0.8220610519648529,-3.835992452620687,46
0.7109012212465393,-3.8550806879029054,46
0.8313124913739062,-3.737708554244116,46
0.6990983972326608,-3.9971891795181707,46
2.7903082297637605,-1.9797370225521411,42
2.5262324518890282,-1.846827362008906,42
2.665713487067483,-1.8392054741680446,42
2.7128116332176635,-1.8258967461035176,42
2.5647169735965685,-1.8491172064157362,42
2.7903082297637836,-1.9797370225521014,42
2.526232451889028,-1.8468273620089055,42
2.665713487067481,-1.8392054741680504,42
2.7128116332176657,-1.8258967461035154,42
2.564716973596569,-1.8491172064157395,42
2.816701416921572,-2.086863623499064,42
2.7624188515074177,-2.029056087079556,42
2.8231954258529592,-1.941529455021613,42
2.9613987449061834,-2.0328369635765813,42
2.8086347915117025,-2.0051963538287247,42
2.8167305613558162,-2.0868235065020144,42
2.762418851507748,-2.02905608707903,42
2.82319542585296,-1.9415294550216111,42
2.961398744906215,-2.0328369635765298,42
2.8086347915118033,-2.0051963538285604,42
0.5825705840747428,-3.9104800759751783,46
0.9087002121273413,-3.8479689886878203,46
0.5093871223876186,-3.8129264499877293,46
0.9050762109536817,-3.800799409199354,46
0.5742288015163466,-3.9258960889331216,46
0.909590402132598,-3.837933971840673,46
0.4880058415083739,-3.9633682255885585,46
0.9109659901803723,-3.8749065319024196,46
0.6038931208414063,-3.887178206593462,46
0.9652184193080107,-3.9005393584395347,46
0.5825705319910229,-3.910480082995969,46
0.9087005114269932,-3.847968929636364,46
0.5093871223856621,-3.812926449988002,46
0.9050762133156259,-3.8007994087292607,46
0.574228475909192,-3.925896131663781,46
0.9095904206203208,-3.837933968138953,46
0.4880058414690512,-3.963368225592975,46
0.9109659903964492,-3.8749065318599074,46
0.603892977274883,-3.887178227457077,46
0.9652184191144938,-3.9005393584806143,46
1.7504903652072603,1.1140002534300149,5
1.8153643324959547,1.0851762942498195,5
-2.1556380060450357,1.3184168301220853,86
-2.155638956620361,1.318415711533455,86
2.5741008216192607,2.315134326436287,3
2.526052971596838,2.3779377670348145,3
-1.9563620943893845,0.6244865628169416,86
-1.947832089918966,0.5730617462495347,86
-0.058953203935505766,3.121776262170463,10
0.03223699000471553,3.1552669363033172,10
-2.04040909434165,1.4369047238205839,86
-2.04040909434165,1.4369047238205839,86
1.5091235472090339,3.3967253507731714,1
1.4140112251405357,3.5288969921488804,1
-2.1330453659791075,1.0488892358545847,86
-2.1330453659791075,1.048889235854593,86
1.6199541773017985,2.1856725741307867,12
1.645413383770832,2.2450377969542625,12
-1.7020672125649525,1.3370643968076874,86
-1.7020672126099787,1.3370643968385514,86
2.390980461265182,2.7238157838074626,4
2.434409914628782,2.763375533345449,4
-2.337776747473427,1.3858078219089691,86
-0.5967039195081189,-2.6467464445417606,86
0.6835527794276572,2.8607094233026493,12
0.7076056658765612,2.94472347279625,12
-1.9863742980875145,1.4894771802026736,86
-1.986374298087514,1.4894771802026745,86
1.666180021731196,3.317253871983828,1
1.67321481869051,3.387787722539842,1
-2.3585368223589986,1.3834861174513522,86
-2.3585368223590253,1.3834861174513216,86
1.9844520344910144,-3.391633064096488,52
1.9813716051785655,-3.4831193097333695,52
2.0554742980238045,-2.225767115028114,44
2.055474298023805,-2.2257671150281144,44
2.1818256735401618,-2.4859836635334056,44
2.2360693416902624,-2.4326276967481864,44
2.1300369773818373,-3.396601694099487,52
2.199500606572612,-3.373299225576056,52
2.1300370230582137,-3.396601664879561,52
2.199500612578905,-3.3732992215767235,52
1.7815897203965168,0.9423588252797029,5
1.8285075665960506,0.923250942465775,5
-2.0788310337885334,1.2920282406439048,86
-2.078831033784248,1.2920282406472299,86
2.5547105881352095,2.3177045482640444,3
2.5031855867355057,2.3997159434182933,3
-1.8445883548052264,0.1839185300870481,86
-1.8524746729455117,0.20244398608177902,86
-0.026599810378970547,3.0113886590546692,10
0.025388697966480453,3.0508910528753304,10
-2.017965467069608,1.3873386308774551,86
-2.017965467069608,1.3873386308774551,86
1.47599049439156,3.3866112349491773,1
1.3831803732492096,3.5237064254409147,1
-2.138867254653686,1.0850947922656737,86
-2.138867254653685,1.0850947922656755,86
1.634522501576669,2.153455007292772,12
1.672039948094299,2.2410806856136922,12
-1.5667134750097054,1.2475939580007747,86
-1.5667134750052145,1.2475939579974338,86
2.4063206990614,2.7339074456370844,4
2.430350134532958,2.7810760783254977,4
-2.281409452048964,1.384903580808282,86
-2.2814094520525305,1.3849035808039278,86
0.7338937241402869,2.8281441596489967,12
0.7484605786499235,2.9190359107194324,12
-1.9239315077153498,1.4299511808458607,86
-1.9239315077153487,1.4299511808458596,86
1.6931545668327959,3.3324252499177374,1
1.7020542509230978,3.3862390145230226,1
-2.361715709405922,1.3707671861666841,86
-2.3617157094059213,1.3707671861666837,86
2.007634534610129,-3.5192098403895185,52
2.0299912443412165,-3.5581959199658737,52
2.0975112261142956,-2.1942818772647343,44
2.097511226114086,-2.1942818772650066,44
2.330251077587983,-2.42402055728358,44
2.3302510775879828,-2.4240205572835807,44
2.1255251294238042,-3.4757996725291362,52
2.1784736562373177,-3.4545088428196653,52
2.1255251231751835,-3.47579967642016,52
2.178473644194678,-3.4545088505940993,52
-0.38819709475598285,-0.5346073658749901,62
-0.3526191663282895,-0.4608734109811931,62
-0.35003534259985863,-0.32057763716888293,62
-0.37033754846353845,-0.48561683361973684,62
-0.38819709475598285,-0.53460736587499,62
-0.3526191663282896,-0.460873410981193,62
-0.35003534259985813,-0.3205776371688829,62
-0.3703375484635386,-0.48561683361973673,62
2.177625578835951,0.5031584270245543,6
2.255236096133224,0.34590747164219066,6
2.265998648279069,0.381795613433448,6
2.2784787663568182,0.3551073650494982,6
2.243491521715862,0.30320409290833894,6
2.192622731094238,0.46490332320481953,6
2.247116552059547,0.43128422329529426,6
2.23426512844958,0.35486414282981293,6
2.271723933704145,0.42746038243101864,6
2.1708079086150565,0.33276903771078536,6
-0.2644478462873171,-0.7312112959663539,62
-0.41020135644845096,-0.5776574986484876,62
-0.31216678235839823,-0.4160084442705084,62
-0.3029463995731192,-0.26689226364075463,62
-0.275217543203719,-0.4079478663546869,62
-0.26444784628731816,-0.7312112959663511,62
-0.41020135644845096,-0.5776574986484878,62
-0.3121667823583982,-0.41600844427050787,62
-0.3029463995731188,-0.2668922636407548,62
-0.2752175432037191,-0.40794786635468666,62
-0.4708112492335805,-1.1442431947616638,61
-0.4254627918937498,-1.1901035782002225,61
-0.43843619287674296,-1.0114472330081103,61
-0.4060683752401338,-1.1839701310816053,61
-0.4708112492335803,-1.1442431947616636,61
-0.4254627918937497,-1.1901035782002212,61
-0.4384361928767412,-1.0114472330081068,61
-0.40606837524013184,-1.183970131081605,61
3.002345546713241,0.9193522570501714,3
2.8914445777916504,0.6445330024324681,3
3.016145988769331,0.665275148329076,3
3.0476178634513977,0.6949517873183453,3
2.9530535619781033,0.6029672609415703,3
2.9074727110998713,0.8693244518307345,3
2.881124374967023,0.8964156187812613,3
2.904150229493304,0.7432617545707881,3
2.889216492621887,0.9422955152648981,3
2.8452744124667544,0.7841356826540737,3
-0.4089968485720386,-1.3249879695761657,61
-0.5833694718609086,-1.3632175478223632,61
-0.39512809031815377,-1.0754347363649146,61
-0.41068972525115044,-0.8829564493882299,61
-0.32834245391064515,-1.0059368602868022,61
-0.4089968485720383,-1.3249879695761684,61
-0.5833694718609092,-1.3632175478223614,61
-0.3951280903181544,-1.075434736364915,61
-0.41068972525114,-0.8829564493881636,61
-0.3283424539106457,-1.0059368602868028,61
-1.0208493561926735,0.6460594379483253,68
-0.9675999307941366,0.5971856772813579,68
-0.9823391342978743,0.6817957652032847,68
-1.0343333303345874,0.6327998967907077,68
-1.0208493561926737,0.6460594379483247,68
-0.9675999307941365,0.5971856772813569,68
-0.9823391342978739,0.6817957652032842,68
-1.0343333303345872,0.6327998967907081,68
1.3564667531741381,2.014123715226445,11
1.3535251521974279,1.8870955578966546,11
1.3771662005239682,1.871657779161899,11
1.3259863147292514,1.925915284170905,11
1.3596125346017403,1.7883415101702094,11
1.3226623714832602,2.090294994159708,11
1.439038745157254,2.0241451899969976,11
1.4247752061267107,1.9917837148301838,11
1.3489791987953186,2.0906106652013987,11
1.4128587633141645,1.89461721460577,11
-0.7856366729740637,0.30666463742928635,68
-1.108606440282125,0.6672472025333173,68
-0.9910082067985244,0.6067758673785419,68
-0.9389741482042864,0.6746772029475877,68
-0.9073577002226292,0.5636245181198731,68
-0.7856366729740649,0.3066646374292865,68
-1.1086064402821265,0.6672472025333186,68
-0.991008206798524,0.6067758673785417,68
-0.9389741482042868,0.6746772029475885,68
-0.9073577002226291,0.5636245181198731,68
-0.8182093819710923,-0.037502202829871795,67
-0.7684592929282263,-0.015116239477156878,67
-0.8048896563935095,0.10681094023757735,67
-0.8132962346533251,-0.04558271740305752,67
-0.8182093819710923,-0.037502202829871815,67
-0.7684592929282266,-0.01511623947715693,67
-0.8048896563935097,0.10681094023757738,67
-0.8132962346533249,-0.045582717403057436,67
2.2460722298454354,2.562616918555391,1
2.1820292561352486,2.38472809140344,1
2.245173475282162,2.4639223208230647,1
2.1844580417205486,2.362245337019677,1
2.1399119838225418,2.3052576808625127,1
2.1550596715059953,2.6816598425061833,1
2.1777850531108234,2.5992221802486966,1
2.2173019163570316,2.6282876943965485,1
2.11014834345147,2.620904463130379,1
2.1180303096843445,2.601350532479563,1
-0.7457526156010513,-0.17215769210602816,67
-0.9470728192461729,0.0212675403273298,67
-0.7441287429589746,0.01760117650044352,67
-0.7791661505246289,0.20058915520807913,67
-0.7638455231003022,0.039154896180065055,67
-0.7457526156010527,-0.17215769210602538,67
-0.9470728192461729,0.02126754032732989,67
-0.7441287429589744,0.01760117650044351,67
-0.7791661505246285,0.20058915520807924,67
-0.7638455231003026,0.039154896180064985,67
-0.12260912420237119,-0.5246238361879743,64
-0.09043867413815676,-0.47275858670101745,64
-0.13183105928718358,-0.32679630465238296,64
-0.1096252590063499,-0.4919551598144599,64
-0.12260912420237119,-0.5246238361879745,64
-0.09043867413815658,-0.4727585867010175,64
-0.13183105928718358,-0.32679630465238285,64
-0.10962525900634955,-0.49195515981446003,64
2.1909414502977365,1.3110950203811447,7
2.3130541000970375,1.1231627345936455,7
2.2779966174432427,1.149295314112798,7
2.307280999343291,1.1611520476887527,7
2.250028440387052,1.067412163237242,7
2.1940397614354756,1.3379413241681921,7
2.2920835901898395,1.2912084342008594,7
2.320293076307928,1.1602982454587984,7
2.3049402929493104,1.3326119312164109,7
2.267815655273917,1.0964059660419898,7
0.06713096041058142,-0.6526174932781227,64
-0.162272736727665,-0.5467142765980268,64
-0.09449946147286489,-0.42283459395292716,64
-0.08959842735594464,-0.26726877258162696,64
-0.06122454902836024,-0.4047821587264269,64
0.06713096041058132,-0.6526174932781228,64
-0.16227273672766507,-0.546714276598027,64
-0.09449946147286482,-0.4228345939529268,64
-0.08959842735594468,-0.26726877258162696,64
-0.06122454902836036,-0.40478215872642703,64
-0.28531717125880357,-1.2620001516977442,63
-0.23219799450680376,-1.3027280029333048,63
-0.22607564765380403,-1.0865120646621447,63
-0.23098543399099727,-1.3264818544537995,63
-0.28531717125880834,-1.2620001516977535,63
-0.23219799450753043,-1.3027280029343469,63
-0.22607564765380805,-1.0865120646621558,63
-0.23098543399137114,-1.3264818544543242,63
3.0902431498078653,1.7008057417946423,4
3.0576047133667297,1.5136072352811674,4
3.0955887445013914,1.5508805223335322,4
3.125405749118134,1.5402843025569288,4
3.0335737820979896,1.4758126970698096,4
3.0893277807104624,1.7222030221550466,4
3.069389989287048,1.6866898676846764,4
3.069695406939852,1.6458141502251853,4
3.066330655878085,1.7083363670046314,4
2.9946289212204413,1.6000654608612617,4
-0.19269418763443036,-1.4801806369499526,63
-0.355698034219625,-1.3996540501744332,63
-0.11202492513165944,-1.1784578962734937,63
-0.1294177412121318,-0.9551431027213207,63
-0.06558782190337319,-1.151198109450601,63
-0.19269418764229204,-1.480180636959668,63
-0.3556980342196345,-1.3996540501744452,63
-0.11202492513165949,-1.1784578962734933,63
-0.12941774121212898,-0.955143102721308,63
-0.06558782190342351,-1.151198109450651,63
-0.4668232086146234,0.09414070028422412,66
-0.4440351289651436,0.1160467820462468,66
-0.4692693210934937,0.1861635467851983,66
-0.4905299344748899,0.1268191219435595,66
-0.4668232086146234,0.09414070028422412,66
-0.44403512896514347,0.11604678204624697,66
-0.4692693210934937,0.18616354678519834,66
-0.4905299344748899,0.12681912194355965,66
1.6063672454074134,1.9672741610812063,14
1.5480354001871148,1.813608767180047,14
1.5631946073845753,1.8033372497605928,14
1.5283310718741465,1.8607193847758006,14
1.5615142437394516,1.7608064428787928,14
1.611611601126619,1.9993224372820613,14
1.6759818193591118,1.9469040659220453,14
1.6272304113038996,1.8711086372851333,14
1.5929700267614593,1.9522876835651224,14
1.6223293955735394,1.8266626695044992,14
-0.35066112330602955,-0.14190983506445365,66
-0.49357176132201774,0.05414580192165142,66
-0.43587088722149,0.08406480661557955,66
-0.4218626351937529,0.20074424078917144,66
-0.4170309406230235,0.08007269531433985,66
-0.3506611233060292,-0.1419098350644537,66
-0.49357176132201785,0.054145801921651464,66
-0.43587088722149,0.08406480661557948,66
-0.4218626351937528,0.20074424078917139,66
-0.41703094062302365,0.08007269531433985,66
-0.5450230636021401,-0.36095429886583374,65
-0.5131486243006267,-0.3393995113950368,65
-0.5555638934171369,-0.245425199878346,65
-0.5211570682157278,-0.39599393030118063,65
-0.5450230636021401,-0.36095429886583386,65
-0.5131486243006262,-0.3393995113950367,65
-0.5555638934171374,-0.24542519987834585,65
-0.5211570682157278,-0.39599393030118063,65
2.407043889048402,2.571076434304139,0
2.3158044631794934,2.415099617076413,0
2.358584769866679,2.449176580888357,0
2.312034467490827,2.3854491557515147,0
2.306445211551205,2.337673267341778,0
2.442536360026832,2.6634613221858485,0
2.4096253092381743,2.583839234099154,0
2.4228046877531857,2.634040418700104,0
2.362734273699275,2.573222993587624,0
2.3596295029666168,2.570944410004676,0
-0.47489868764956616,-0.6154244646218274,65
-0.5670558544327379,-0.4529048088720693,65
-0.4640845635028931,-0.3399579193965184,65
-0.48901796662722624,-0.1637681350490998,65
-0.4346803073471392,-0.36434821120790134,65
-0.47489868764956483,-0.615424464621828,65
-0.567055854432738,-0.4529048088720693,65
-0.46408456350289323,-0.339957919396519,65
-0.48901796662722613,-0.1637681350490998,65
-0.43468030734713875,-0.3643482112079008,65
2.1091231481578703,-2.0520126159334215,43
2.25674921922569,-2.002981349031707,43
2.297760088677928,-2.14996292472476,43
2.1030464067981236,-1.9765475461184863,43
2.1091231481578694,-2.052012615933419,43
2.256749219225691,-2.0029813490317077,43
2.2977600886779257,-2.1499629247247594,43
2.103046406798123,-1.9765475461184845,43
1.7060768204367283,-3.537696447355548,51
1.8839484451921276,-3.1755802738870815,51
1.7404751812196477,-3.326070640802763,51
1.8734632682176053,-3.169731459219567,51
1.675328671362223,-3.4483367039152206,51
1.7699176607176887,-3.3585901836132117,51
-3.17195656768127,1.2220891101921147,51
1.869779266235838,-3.218190070635347,51
1.810408841961175,-3.1302046270433967,51
1.7869372160651615,-3.3174401936863576,51
2.009943962152887,-1.8579600821587399,43
2.0661360989028825,-2.036855101597575,43
2.168086802652744,-1.9212655131739247,43
2.2257259004402385,-2.0955515511286062,43
2.04276293002011,-1.9633684026966798,43
2.009943962152887,-1.8579600821587412,43
2.0661360989028834,-2.0368551015975758,43
2.168086802652744,-1.9212655131739254,43
2.225725900440235,-2.095551551128605,43
2.042762930020108,-1.9633684026966816,43
2.2060314853886536,-2.1622462526463337,43
2.0859656075904747,-2.1439501935300913,43
2.1560811418687926,-2.0312570343810887,43
2.2382977495400365,-2.1612845246961028,43
2.182892791496313,-2.1155777620722738,43
2.206031485388654,-2.1622462526463337,43
2.085965607590475,-2.1439501935300913,43
2.156081141868794,-2.031257034381089,43
2.2382977495400374,-2.161284524696103,43
2.182892791496312,-2.115577762072274,43
1.8359063112037342,-3.296789819903923,51
1.7570935244897758,-3.306819554183528,51
1.7048830824383232,-3.201343351588272,51
1.7743882818555732,-3.198139136933417,51
1.7890803613076816,-3.133030035042579,51
1.8520359845680165,-3.2336573995037026,51
1.7317151691069375,-3.183276404516446,51
1.8028410509876933,-3.2261653976384004,51
1.8157848304343986,-3.1900869218830037,51
1.762503001660191,-3.2448984719245564,51
1.8359063133954991,-3.2967898187269995,51
1.7570935265664207,-3.306819553114298,51
1.7048830315902614,-3.2013433765372983,51
1.774388285362403,-3.198139135099963,51
1.7890803572316243,-3.1330300372884747,51
1.8520359655589234,-3.2336574098323405,51
1.7317151585051451,-3.1832764099716475,51
1.802841051012961,-3.2261653976248246,51
1.8157847952600368,-3.1900869408749517,51
1.7625030006201299,-3.244898472461545,51
1.589181733708266,0.7803516973683906,5
1.7369865258194241,0.6822312544065505,5
-2.1629935028345737,1.2338893961592845,86
-2.1629935028345764,1.2338893961592838,86
2.4055817634455594,2.206957004915667,3
2.394113733537432,2.3257739365610686,3
-1.8993938137751054,0.31037354213397544,86
-1.8994050664506748,0.3104253057668023,86
-0.031181170735040172,2.9021180672746647,10
0.09063985329170622,2.9234555129837827,10
-2.368446986101534,1.581124018463853,86
-2.3684469861015356,1.5811240184638522,86
1.3480019356041468,3.2684999929177576,1
1.3128852174044114,3.3990574142469843,1
-2.3706964566929583,1.1517678241053273,86
-2.3706964566929574,1.1517678241053284,86
1.6141309242629192,2.141809164993191,12
1.6638611499590956,2.2639873023421697,12
-1.7542334581262242,1.2328213213294268,86
-1.7542334581262247,1.232821321329427,86
2.331304552139178,2.6848824941744485,4
2.3768889117120935,2.7400375242228887,4
-0.7317123570986953,-2.4565578616216244,86
-2.321123837173665,1.2029551997514591,86
0.6369103785955385,2.7398610259865097,12
0.7052317649116234,2.824797581982325,12
-2.2694396773238648,1.5602155965246745,86
-2.2694396773238656,1.5602155965246742,86
1.5404980648038369,3.199721745773914,1
1.6082693240610333,3.266527331872139,1
-2.5248556123370305,1.3788872180215968,86
-2.5248556123370287,1.378887218021596,86
1.7970316169240597,-3.5875471482684724,52
1.8090189963315977,-3.556006147125634,52
2.391935352355416,-1.9265928962891108,44
2.3919353489332478,-1.9265929038400325,44
2.7482035874139874,-1.7474495699462524,44
2.748203581399178,-1.7474495814542368,44
1.9471635649743932,-3.508314015617765,52
2.0028275752443014,-3.498647046956724,52
1.947163534372804,-3.5083140326604747,52
2.0028276337703885,-3.49864701305759,52
1.632038764723926,0.6831719999561013,5
1.7544193826005492,0.6026135746356621,5
-2.1239183786804428,1.2186868935619812,86
-2.123918378680442,1.2186868935619817,86
2.4343368988041076,2.052170812070677,3
2.405873487605875,2.1918630727096655,3
-1.8246299046677252,0.1908377958888844,86
-1.8257950237491418,0.19359077890953416,86
0.07066955629956166,2.6906133233201066,10
0.18384082036696175,2.728766368648765,10
-2.3702765389130223,1.546339804176162,86
-2.370276538913023,1.5463398041761611,86
1.415245080952345,3.1249182769309205,1
1.4249285582846962,3.2464850058005097,1
-2.345848889476247,1.0862206172609106,86
-2.345848889476247,1.0862206172609106,86
1.70733722450827,1.975484611507854,12
1.7399633021403458,2.109859788788197,12
-1.7040555738683176,1.2006648363822296,86
-1.7040555738664724,1.2006648363807826,86
2.41226355958224,2.530626993154861,4
2.4541012127467967,2.592369651629334,4
-2.3315394002232974,1.1998023725540492,86
-2.331539400228946,1.1998023725426268,86
0.7295765787509296,2.627749955116171,12
0.7783144077181372,2.6870267884511074,12
-2.2364301103507906,1.5099066609570655,86
-2.2364301103507906,1.5099066609570655,86
1.6080389230570922,3.1059997254044105,1
1.6662826907032986,3.1667215307898453,1
-2.537939001910781,1.333904319169419,86
-2.537939001910779,1.3339043191694209,86
1.8437050476292698,-3.6469566083774847,52
1.888910032665296,-3.577231801014874,52
2.4243473429961417,-1.904023566809535,44
2.4243460887806205,-1.9040262481542314,44
2.8102296948353986,-1.7887541833216727,44
-2.361159800583368,1.904014120239969,44
1.9837748291501769,-3.523075951217804,52
2.0195197186030907,-3.5167993383886804,52
1.9837749520371544,-3.523075881082066,52
2.0195196758262544,-3.5167993634075674,52
-0.5850890190619389,-0.5817603742395053,62
-0.4881878325648766,-0.42667229961320535,62
-0.5907874787615728,-0.3450446757246847,62
-0.519258016004157,-0.47351968752588786,62
-0.5850890190619432,-0.5817603742394852,62
-0.48818783256487647,-0.42667229961320585,62
-0.5907874787619541,-0.34504467572299985,62
-0.5192580160041562,-0.4735196875258927,62
1.985738646552929,0.3983221976391117,6
2.0628853008829147,0.2416522910329103,6
2.0707365568459,0.2629661630192628,6
2.090031835166044,0.262982541937479,6
2.0657858508271687,0.21393470935805442,6
1.9695026248634842,0.4327100533283225,6
2.0513316783093005,0.3312201692638439,6
2.0323894612883597,0.2781965525585281,6
2.079959819831197,0.35203741398721056,6
2.009159674876565,0.2488096092759548,6
-0.3542936946841099,-0.7679655128126331,62
-0.5888408401087033,-0.8135745543269384,62
-0.5392003431583606,-0.42940389805786994,62
-0.5607139968020497,-0.3809225161953776,62
-0.4425555294867178,-0.4611869320907622,62
-0.3542936946875212,-0.767965512805121,62
-0.588840840099541,-0.8135745547340444,62
-0.539200343158361,-0.4294038980578697,62
-0.5607139968020507,-0.38092251619537404,62
-0.4425555294867181,-0.461186932090762,62
-0.6614497033079643,-1.1522280707026058,61
-0.5921102085472474,-1.164257915320638,61
-0.6819484221110066,-1.0764407658463562,61
-0.5939749818040438,-1.219034294246605,61
-0.6614497033079615,-1.152228070702633,61
-0.5921102085472473,-1.1642579153206423,61
-0.6819484221108814,-1.0764407658413089,61
-0.5939749818040438,-1.219034294246605,61
2.892656245562439,0.6321252827715682,3
2.741179796797576,0.5198657650728669,3
2.8667022164561926,0.5223215297801465,3
2.844345039725137,0.515254433104243,3
2.7618636313136635,0.49563763042508885,3
2.7928332990110327,0.7048827060873509,3
2.735660335641458,0.6697860892306643,3
2.8064657921613847,0.5747685455809767,3
2.743698511264343,0.6704339304074203,3
2.697352905511865,0.6271212874082925,3
-0.5462279198673318,-1.3921100810942801,61
-0.7587062438727658,-1.4196444640940684,61
-0.5636639121728848,-1.030002567262237,61
-0.6670497964198606,-0.9653729148117366,61
-0.49075258981971875,-0.9924336602749398,61
-0.5462279198673315,-1.392110081094279,61
-0.7587062438727658,-1.4196444640940697,61
-0.5636639121729033,-1.0300025672624649,61
-0.6670497964173677,-0.9653729147979659,61
-0.49075258981971703,-0.9924336602749285,61
-1.5409783165757613,0.7860885025311408,68
-1.522517428944853,0.7947636638146554,68
-1.5912751362766056,0.8791025142356569,68
-1.6151116381233575,0.8292936746574875,68
-1.540978316575759,0.7860885025311415,68
-1.522517428944856,0.7947636638146558,68
-1.5912751362766064,0.8791025142356572,68
-1.6151116381233557,0.8292936746574879,68
1.124789394915945,1.8671537234955207,11
1.1215095774490156,1.7251809971807917,11
1.1968429629219997,1.7529160356572364,11
1.1689772334228878,1.7989451190722874,11
1.1177591760288312,1.6526866784739558,11
1.1300145072287062,1.9810966161303083,11
1.2223180903683433,1.9058431936265294,11
1.2017443249560509,1.8656780696078317,11
1.1994324735768997,1.9844430545108858,11
1.2309953057149727,1.7878764121922042,11
-1.1720598321232858,0.44433864269420936,68
-1.636684297199648,0.8166442742984438,68
-1.4207023175598086,0.7072728491357106,68
-1.3985375289109083,0.751612299227004,68
-1.3552089028525858,0.6822494457252972,68
-1.172059832123287,0.4443386426942119,68
-1.6366842971996511,0.8166442742984472,68
-1.420702317559808,0.7072728491357109,68
-1.3985375289109085,0.7516122992270042,68
-1.3552089028525858,0.6822494457252973,68
-1.1059049027121808,0.09991652143196798,67
-1.0656064825035736,0.09893027821470134,67
-1.1739351060006165,0.1749565691181395,67
-1.1484535335507584,0.07207667175016588,67
-1.105904902712181,0.09991652143196814,67
-1.0656064825035734,0.0989302782147015,67
-1.173935106000615,0.1749565691181398,67
-1.1484535335507586,0.07207667175016577,67
2.0466500565278674,2.549168070406592,1
2.066477434740269,2.385667885981861,1
2.1022277583229827,2.4656145597198615,1
2.0724239594535647,2.343425990635822,1
2.041380856871879,2.272527637269933,1
2.0009790291997795,2.6489287378573856,1
2.0187560565541824,2.5769566065295115,1
2.041024871070481,2.6386952892626123,1
1.973840468055919,2.588520161585155,1
1.9899378255361562,2.556454961511495,1
-0.9950003870681456,-0.07244141912089642,67
-1.2175614995150132,0.05638281488766806,67
-1.0685954677877965,0.12773406302880055,67
-1.1583983760818461,0.2122244151696108,67
-1.0526129582876123,0.11155271169611466,67
-0.9950003870681456,-0.07244141912089644,67
-1.2175614995150135,0.056382814887668276,67
-1.0685954677877962,0.1277340630288007,67
-1.1583983760818457,0.2122244151696109,67
-1.0526129582876131,0.11155271169611482,67
-0.41473351685913273,-0.5775639102420973,64
-0.3592959589723888,-0.4935892123196577,64
-0.42332163284161467,-0.4838821235787635,64
-0.3804500606297781,-0.5425441431367926,64
-0.4147335168591326,-0.5775639102420974,64
-0.3592959589723886,-0.49358921231965797,64
-0.4233216328416149,-0.4838821235787633,64
-0.380450060629778,-0.5425441431367928,64
2.086185832405579,1.263489418143933,7
2.097156081432556,1.0240587897606501,7
2.1182563747252323,1.081346479219579,7
2.1139269074997418,1.0743760464426768,7
2.0499680607290873,0.9657079095922574,7
2.1242025542773995,1.3200978139363273,7
2.199820502502119,1.241803295754325,7
2.192294804441489,1.11915286046113,7
2.1425852446360767,1.2496017282320864,7
2.0838722649267303,1.0203856210760764,7
-0.21198111798120933,-0.5759712728623526,64
-0.4624579244727878,-0.7043219284949778,64
-0.3393984434866532,-0.45893024651241177,64
-0.3973911767915283,-0.4019697802709565,64
-0.3329437207350455,-0.4549666202200084,64
-0.21198111798120955,-0.5759712728623522,64
-0.4624579244727879,-0.7043219284949773,64
-0.3393984434866532,-0.4589302465124121,64
-0.3973911767915283,-0.4019697802709565,64
-0.33294372073504563,-0.4549666202200085,64
-0.5642809515605889,-1.3942123443786214,63
-0.4664574821186012,-1.3596633233523263,63
-0.5632875211001673,-1.3845028999448303,63
-0.48221793857540113,-1.3990294270467998,63
-0.5642809515605891,-1.3942123443786203,63
-0.4664574821186006,-1.3596633233523263,63
-0.5632875211001677,-1.3845028999448294,63
-0.4822179385754018,-1.3990294270468007,63
2.953733035706821,1.593894706335111,4
2.873780852023673,1.384704175428968,4
2.946013751419093,1.4284486295682903,4
2.937146211393689,1.396262380985498,4
2.8998923307345006,1.3165679083977488,4
2.9421505515221114,1.6443302740217869,4
2.9333932467426633,1.595224542938746,4
2.9510701493475526,1.5235303530725297,4
2.8902171782169255,1.5892856502769708,4
2.8507084464190817,1.4586761068728555,4
-0.40313533129254775,-1.4753168510400687,63
-0.564710690305106,-1.491492116552638,63
-0.3807040256119052,-1.1477762299204728,63
-0.5211352283844581,-1.2809924466980822,63
-0.35070859660402326,-1.1580382748199796,63
-0.40313533129254514,-1.4753168510400665,63
-0.5647106903051063,-1.4914921165526387,63
-0.3807040256118986,-1.1477762299204568,63
-0.5211352283844711,-1.2809924466981188,63
-0.35070859660402204,-1.1580382748199778,63
-0.8319465331888743,0.08677038860752703,66
-0.7843921486698913,0.1101048805938336,66
-0.8498910360029069,0.16471142632402222,66
-0.8289588486613232,0.11089958221626792,66
-0.8319465331888728,0.086770388607527,66
-0.7843921486698913,0.1101048805938336,66
-0.8498910360029067,0.16471142632402205,66
-0.8289588486613227,0.11089958221626797,66
1.3777557850628064,1.911436491854644,14
1.3449376724816615,1.7700078197654041,14
1.3774196507154852,1.761847638681264,14
1.3389674694109917,1.7678057766233235,14
1.307192504563175,1.6874159900892935,14
1.4006567164279737,1.9835095472471271,14
1.5000648616881296,1.9071949183096744,14
1.4546582424579713,1.8793054509691496,14
1.4129302215189234,1.9169927643396818,14
1.4023853437875158,1.7692487273493782,14
-0.6199662975950095,-0.10899908016421762,66
-0.833982442944721,0.07171387158470435,66
-0.7369050962101591,0.08388027335320153,66
-0.7637741222346467,0.16542882340527848,66
-0.7087780156060735,0.10330928697307018,66
-0.6199662975950094,-0.10899908016421762,66
-0.8339824429447211,0.07171387158470448,66
-0.7369050962101589,0.08388027335320156,66
-0.7637741222346469,0.1654288234052785,66
-0.7087780156060736,0.10330928697307025,66
-0.8560719307874687,-0.2570853200405025,65
-0.8040631300681149,-0.2550674604515715,65
-0.9182529881116738,-0.2277902445240865,65
-0.8069481235831228,-0.2799086280632188,65
-0.8560719307874687,-0.2570853200405032,65
-0.804063130068115,-0.25506746045157175,65
-0.9182529881116738,-0.22779024452408636,65
-0.8069481235831231,-0.279908628063217,65
2.204547463743737,2.525902256588902,0
2.1332284343045056,2.348557094828449,0
2.1657486616582635,2.398908710113677,0
2.11137224418455,2.2973199258535595,0
2.11155418159534,2.2565564884213525,0
2.1949428388516634,2.6204336145488076,0
2.211041862796002,2.506892666845682,0
2.2307467606862854,2.5868071068904337,0
2.1509462859705577,2.475716411518079,0
2.1672672395402994,2.497547960135974,0
-0.7704817848578772,-0.4982793191153891,65
-0.8731708624559874,-0.3457903426260931,65
-0.7614691446390179,-0.27411499117318877,65
-0.8646016865457747,-0.19646522019985097,65
-0.7310178929834384,-0.27388139680267276,65
-0.770481784846937,-0.4982793191768079,65
-0.8731708624559802,-0.34579034262611213,65
-0.7614691446390182,-0.27411499117318916,65
-0.864601686545775,-0.19646522019985102,65
-0.7310178929834384,-0.2738813968026723,65
2.288858277364932,-2.1099845620315234,43
2.4445250242393084,-1.940231528831156,43
2.4512507462572857,-2.07000264380816,43
2.3428611622984157,-1.9552896090739544,43
2.2888582773649313,-2.109984562031521,43
2.4445250242392222,-1.9402315288313148,43
2.4512507462572852,-2.070002643808161,43
2.3428611622984166,-1.9552896090739562,43
1.6014089895471464,-3.5372783471877116,51
1.7435216903595159,-3.150364519469333,51
1.6333751929056806,-3.322305388064381,51
1.7777332494571105,-3.1878929498377224,51
1.6392373930823934,-3.4605453933774304,51
1.724035549766045,-3.3291139359840116,51
1.7747865575096053,-3.1475944700344574,51
1.8720557360400727,-3.1970844009679906,51
1.8341920893486592,-3.0941090622349723,51
1.7628407627287572,-3.2554136436575725,51
2.2241254994793924,-1.8374109197979152,43
2.22757742476102,-2.02575068266812,43
2.3760634659079214,-1.9003866845438937,43
2.4328238800572044,-2.062124254068511,43
2.273126928854977,-1.9722461981856194,43
2.2241254994793924,-1.837410919797916,43
2.2275774247610176,-2.025750682668119,43
2.3760634659079214,-1.9003866845438933,43
2.4328238800572053,-2.0621242540685096,43
2.273126928854977,-1.9722461981856194,43
2.4520123372764293,-1.9496336305088713,43
2.28263939936527,-1.9447666780183928,43
2.393683645513157,-1.738556759659315,43
2.4497217727780902,-1.9246743700205982,43
2.464728138048425,-1.9506204486164829,43
2.452012337276452,-1.9496336305088287,43
2.282639399365268,-1.9447666780183925,43
2.393683645513159,-1.7385567596593097,43
2.44972177277774,-1.9246743700213058,43
2.464728138048376,-1.950620448616566,43
1.6645112357316632,-3.3588208239876383,51
1.7153986022531253,-3.323194769898827,51
1.5669944145966515,-3.2243080394240646,51
1.7243060236312704,-3.1661875568813356,51
1.7097132806802122,-3.177520621772539,51
1.7602691157100416,-3.16948772468797,51
1.5808593590022395,-3.243332313100505,51
1.8150943665931834,-3.184998534975282,51
1.6937734482466291,-3.2238511420562483,51
1.7682634191289879,-3.175829130598278,51
1.6983576117019135,-3.3428649652295968,51
1.7153985996600987,-3.323194771155374,51
1.5669944143465042,-3.2243080395382324,51
1.724306033239506,-3.1661875518305256,51
1.7097133004597969,-3.177520611515576,51
1.7290152844049431,-3.1860448597266253,51
1.580859362817253,-3.243332311325783,51
1.8150943746507917,-3.1849985305194646,51
-3.092728267611276,1.2914087685520046,51
1.7682634423342756,-3.1758291181101574,51
-1.3953916225811058,-0.654545910408576,62
-1.3700878567418682,-0.6062826613574063,62
-1.430654384464502,-0.5471165206388877,62
-1.379693160884977,-0.5427297336308058,62
-1.3953916228788652,-0.6545459096480375,62
-1.3700878567597023,-0.6062826613039609,62
-1.4306543840761847,-0.5471165218347143,62
-1.3796931608844378,-0.5427297336325648,62
1.3943181137554188,0.3092208092654867,5
1.373721218569576,0.20165546040385085,5
1.4142995406770593,0.24614688768083584,5
1.3804095239061365,0.27420187305951926,5
1.4406839986925544,0.23979046031696438,5
1.3835634442483982,0.34450889663398115,5
1.3319471233725482,0.2971038564492429,5
1.3724914763515699,0.23552290623376634,5
1.3345051800185914,0.3357096710484613,5
1.4060605345109747,0.27137792354581536,5
-1.123455273748155,-0.7173315453870069,62
-1.3186695396977341,-0.8677344496925421,62
-1.3693292152310672,-0.6069638083532171,62
-1.3944763437787395,-0.47577399395582365,62
-1.23942146237059,-0.6108625251657839,62
-1.1234552737480386,-0.7173315453872197,62
-1.318669539813777,-0.86773444939651,62
-1.3693292154863026,-0.6069638074977804,62
-1.3944763437592853,-0.47577399402011555,62
-1.2394214623343267,-0.610862525264119,62
-1.0909826311930495,-0.6914832019124457,62
-1.3735939359951743,-0.5280653816537558,62
-1.1788404483259374,-0.4850228127212981,62
-1.2631132136405105,-0.4211607816617107,62
-1.1869721356188603,-0.5594084888550418,62
-1.090982631192892,-0.6914832019127046,62
-1.3735939359995022,-0.5280653816399995,62
-1.1788404483244193,-0.4850228127263233,62
-1.2631132136407028,-0.4211607816608156,62
-1.1869721356193115,-0.5594084888538071,62
1.2694319060723738,0.39603320076325293,5
1.360608056737977,0.3124466172582704,5
1.2939499865252624,0.3762802368495293,5
1.138961786131928,0.3162746676981515,5
1.344352358635306,0.29380565729813785,5
1.2940427871062001,0.2070085830630114,5
1.411877159667124,0.37072770903060426,5
1.3978647632270629,0.4247869779412501,5
1.2876728253175602,0.34584780574913543,5
1.1928666195523219,0.2913765182700335,5
1.269431906072374,0.3960332007632531,5
1.360608056737978,0.31244661725827094,5
1.293949986525262,0.37628023684952944,5
1.1389617861312007,0.31627466769865187,5
1.3443523586353028,0.2938056572981361,5
1.2940427871061992,0.20700858306301148,5
1.4118771596671231,0.37072770903060503,5
1.3978647632270624,0.42478697794125025,5
1.2876728253175604,0.3458478057491356,5
1.1928666195523203,0.29137651827003297,5
-1.3530250249336118,-1.4489365923214084,61
-1.3063000571348593,-1.3668060461739586,61
-1.3191345944821133,-1.345639468599493,61
-1.2904488940030374,-1.4158255438867766,61
-1.3530250249337095,-1.4489365923212487,61
-1.3063000571344772,-1.366806046174625,61
-1.3191345944792612,-1.3456394686047994,61
-1.290448894002804,-1.4158255438871707,61
2.1053513569881868,0.42103010558410725,3
1.9456656183506902,0.32163403710109484,3
2.0516131494816716,0.30504128904715766,3
1.9970168672318085,0.4130126922281244,3
2.018189794265958,0.38062260789021296,3
2.1341958939155625,0.45499997597674985,3
1.9914265133094369,0.43239183350129473,3
2.0702061213699112,0.29350266211298087,3
2.0438924844729827,0.46300322057110893,3
2.0275658224093136,0.3974445910968302,3
-1.1502639233608989,-1.428915702317136,61
-1.2878537225401963,-1.5417148467329167,61
-1.224827830003447,-1.3895960618894958,61
-1.2830750260379347,-1.2859019922993409,61
-1.162548139384652,-1.4144872244956697,61
-1.150263923360904,-1.4289157023171253,61
-1.287853722544602,-1.541714846726562,61
-1.224827830002533,-1.3895960618910854,61
-1.2830750260423578,-1.2859019922905441,61
-1.1625481393843453,-1.4144872244961435,61
-2.1527458241359962,1.0418680944651715,68
-2.181040164021022,1.0782642138257457,68
-2.185580724157925,1.1183856560695777,68
-2.2077547645126465,1.100926076030398,68
-2.1527458241359962,1.041868094465168,68
-2.181040164021022,1.0782642138257454,68
-2.185580724157925,1.1183856560695777,68
-2.2077547645126474,1.1009260760303963,68
0.15490380691574496,1.364356035819536,10
0.10326691891097907,1.2417011250622836,10
0.17468940685442524,1.2895121450811444,10
0.1309796398609542,1.3117143072812134,10
0.08263413508542497,1.313676055048961,10
0.170217223465486,1.4529772283029143,10
0.07978975209128666,1.3561903324687816,10
0.15234282360343948,1.3304368911446138,10
0.07099515906726062,1.4166989951529623,10
0.0936621911553699,1.3693585471822038,10
-1.8991460164645446,0.7682663392717876,68
-2.1303108601792995,0.9923125441857619,68
-2.2172321605592824,1.1189602170887138,68
-2.060002693886698,1.0785558439792111,68
-2.084796361842292,1.0160760484006444,68
-1.899146016464544,0.768266339271786,68
-2.130310860179297,0.9923125441857609,68
-2.2172321605592797,1.1189602170887119,68
-2.0600026938866924,1.0785558439792113,68
-2.0847963618422933,1.0160760484006457,68
-1.8049093167683083,0.7555385227168984,68
-2.0237725635924946,0.9797282492292293,68
-1.9968352462582106,0.975008898004849,68
-1.8144923171390817,0.9132219649941428,68
-1.9416736903773524,0.8625428276036221,68
-1.804909316768311,0.7555385227168997,68
-2.0237725635924937,0.9797282492292279,68
-1.9968352462582086,0.9750088980048491,68
-1.8144923171390785,0.9132219649941412,68
-1.941673690377353,0.8625428276036212,68
0.07832973026696582,1.4137964880974687,10
0.08522306943881001,1.2841756487648401,10
7.19645071064568e-05,1.4477129146638887,10
-0.21747126927906957,1.4824800315875324,10
0.03819528324097941,1.2970517063597276,10
-0.02205462693640354,1.2396725797901809,10
0.1061241386033568,1.4357527265472365,10
0.02262048240779852,1.4603672324560586,10
0.026147894078467866,1.3764372905333686,10
-0.06108919200431782,1.2719787122319286,10
0.07832973026692791,1.4137964880974605,10
0.08522306943900125,1.2841756487648321,10
7.196450713828784e-05,1.4477129146638874,10
-0.21747127199623142,1.4824800314858926,10
0.03819528324097969,1.2970517063597264,10
-0.022054626936348673,1.2396725797901742,10
0.10612413860338175,1.4357527265472385,10
0.022620482407545456,1.4603672324560335,10
0.02614789407834464,1.376437290533354,10
-0.06108919200429521,1.271978712231924,10
-1.8382397931106826,0.35555392318447304,67
-1.853553031069667,0.44211430454656997,67
-1.8621200717966557,0.467034088420993,67
-1.871729736204392,0.42947292131870685,67
-1.8382397931106813,0.3555539231844747,67
-1.8535530310696684,0.4421143045465716,67
-1.8621200717966548,0.4670340884209927,67
-1.8717297362043903,0.4294729213187062,67
1.3917370715916737,2.107235482240409,1
1.2979991054870859,2.126972864007755,1
1.3703005714104266,2.1162785382832454,1
1.3512671571970098,2.2788808108477934,1
1.282051576330626,2.1796347571945005,1
1.3791403575061312,2.224711428176743,1
1.328681839267522,2.23044241867506,1
1.393758474272045,2.1493529706713086,1
1.323539152418608,2.316851155697605,1
1.291586456447941,2.228413833555853,1
-1.6395338385582818,0.13673587595683578,67
-1.8232674565936564,0.27876067259950155,67
-1.825484494363884,0.4643738147820145,67
-1.8165451322900608,0.46724277280793275,67
-1.762062145102459,0.4171879596104867,67
-1.6395338385582854,0.13673587595683506,67
-1.8232674565936573,0.27876067259947185,67
-1.8254844943638877,0.4643738147820143,67
-1.8165451322900616,0.46724277280793336,67
-1.7620621451024574,0.4171879596104825,67
-0.9879365140589473,-0.42572037295302434,64
-1.0012756229516395,-0.37550237506281947,64
-1.0297004622336232,-0.373657292711001,64
-0.9970621265900799,-0.3586545846908781,64
-0.9879365140589483,-0.42572037295302445,64
-1.00127562295164,-0.37550237506281936,64
-1.0297004622336243,-0.37365729271100123,64
-0.997062126590079,-0.3586545846908779,64
1.4744757961157144,0.8984867677695408,12
1.4178108644840806,0.737760608671047,12
1.4726163421045684,0.8014692920738716,12
1.4414158907545447,0.8327709645133199,12
1.4326001219905808,0.8385356927768364,12
1.4428777424453114,0.9247292662584118,12
1.4074326736941998,0.8614790976561437,12
1.465887694130784,0.7880397878640316,12
1.3871091199396257,0.9070546410479267,12
1.4196206115224428,0.8216543681817661,12
-0.8476925482049467,-0.42161240152463464,64
-0.9449057226714411,-0.4774514691052272,64
-0.9556920547844939,-0.40126678981251707,64
-0.9889387416627007,-0.30218067560125206,64
-0.8967900403683187,-0.37031110238315657,64
-0.8476925482049467,-0.4216124015246344,64
-0.9449057226714423,-0.47745146910522657,64
-0.9556920547844932,-0.40126678981251673,64
-0.9889387416626996,-0.3021806756012522,64
-0.8967900403683177,-0.37031110238315684,64
-0.8602487889287184,-0.2963848529038333,64
-1.063791326728908,-0.3124848512907177,64
-0.8756477150898023,-0.2763097000288083,64
-0.9567694614808732,-0.22603726031664068,64
-0.8691413969683063,-0.3726012031102059,64
-0.8602487889287189,-0.2963848529038336,64
-1.0637913267289087,-0.3124848512907175,64
-0.8756477150898022,-0.27630970002880867,64
-0.9567694614808725,-0.2260372603166403,64
-0.8691413969683053,-0.3726012031102061,64
1.439227693757689,0.9227806742858274,12
1.5412565591805287,0.8342450577213016,12
1.443443653135205,0.9006398155346557,12
1.3372544032822955,0.7826002487354937,12
1.5406035178432866,0.8324431290985362,12
1.4497098605085867,0.6939166083710216,12
1.5816546361239074,0.9373621145986365,12
1.5221059664376204,1.0717417507386886,12
1.3542907952900003,0.8531809623757629,12
1.356966900680547,0.7344501726673718,12
1.4392276937576887,0.9227806742858264,12
1.5412565591805283,0.8342450577212995,12
1.4434436531352057,0.9006398155346556,12
1.337254403282295,0.7826002487354954,12
1.540603517843284,0.8324431290985379,12
1.4497098605085874,0.6939166083710199,12
1.5816546361239066,0.9373621145986375,12
1.5221059664376198,1.0717417507386862,12
1.35429079529,0.8531809623757637,12
1.3569669006805476,0.7344501726673731,12
-1.2077346134662215,-1.127468291221179,63
-1.1625795171569975,-1.0328789974733028,63
-1.2156189345221358,-1.089675150461724,63
-1.1584591922960517,-1.0314867461592752,63
-1.2077346134662226,-1.127468291221176,63
-1.1625795171570028,-1.0328789974732913,63
-1.2156189345221207,-1.0896751504617577,63
-1.158459192296058,-1.0314867461592552,63
2.0500299485176066,1.373229248777264,4
1.8785706349173161,1.186690069295056,4
1.9625395653868538,1.2096200069743162,4
1.9447721071349668,1.2653057854185732,4
1.8888177044471204,1.2445509304119058,4
1.9823469956976276,1.3060489017485868,4
1.9184616731204727,1.371476665506869,4
1.941939143826588,1.1810302852496113,4
1.8814629725913674,1.3627404294294196,4
1.857570642128758,1.2592047709565803,4
-0.9739240679177014,-0.9925471131368332,63
-1.1710816428669548,-1.139233529120474,63
-1.124946515514957,-1.1170766347357974,63
-1.1840469321769196,-1.084040049817439,63
-1.045343115923323,-1.0261945006739739,63
-0.9739240679177009,-0.9925471131368335,63
-1.1710816428669544,-1.1392335291204754,63
-1.1249465155148226,-1.1170766347361736,63
-1.1840469321769382,-1.0840400498173983,63
-1.0453431159233237,-1.0261945006739615,63
-1.398568191991304,0.3581614821611875,66
-1.409415953476687,0.40622772010794345,66
-1.4297464202981929,0.4333237808936988,66
-1.4496952010303634,0.4297862467878204,66
-1.3985681919913047,0.35816148216118704,66
-1.409415953476686,0.40622772010794345,66
-1.4297464202981953,0.4333237808936997,66
-1.4496952010303703,0.42978624678782906,66
0.6898150068346932,1.6225425377955716,12
0.6232431076295202,1.5280158377704829,12
0.6991680152718399,1.5348093745540807,12
0.6574163997184679,1.578323322555493,12
0.5883478253363082,1.59307952623672,12
0.6430415903575286,1.681206655536482,12
0.5736087046899178,1.6202017101868575,12
0.6377042908301854,1.572287071324504,12
0.5371104772877728,1.6467484228205296,12
0.5388990565636145,1.6206955713101,12
-1.2997421232992066,0.23088614050728812,66
-1.3295926010826813,0.29992344620587746,66
-1.4708279767674937,0.44865981258858595,66
-1.3954810527406194,0.44501874114172535,66
-1.4058383593536243,0.4023805964164737,66
-1.2997421232992057,0.23088614050728795,66
-1.329592601082681,0.2999234462058774,66
-1.4708279767674939,0.44865981258858606,66
-1.3954810527406192,0.44501874114172557,66
-1.4058383593536226,0.4023805964164732,66
-1.332704386990735,0.34326322058615244,66
-1.565488361096223,0.4855895680651028,66
-1.493164060587869,0.4954942569686025,66
-1.3972369025245355,0.4620152290950404,66
-1.4264822239085624,0.368050404541708,66
-1.3327043869907342,0.3432632205861528,66
-1.5654883610962254,0.4855895680651028,66
-1.4931640605878709,0.49549425696860255,66
-1.3972369025245328,0.4620152290950402,66
-1.4264822239085624,0.36805040454170834,66
0.6549205050811137,1.6775829744080082,12
0.6588196615599652,1.5405676886178263,12
0.5999813221750335,1.6693440024803776,12
0.4099017008445612,1.5275640945400313,12
0.6074875855900788,1.5433436351803458,12
0.4945354006412241,1.3948605665137002,12
0.6394258154946598,1.672315382774164,12
0.5377387076558564,1.7287865402185842,12
0.5428938362995481,1.5563448620669935,12
0.4062500070112136,1.4008106918025789,12
0.6549205050811108,1.6775829744080053,12
0.6588196615599387,1.5405676886178241,12
0.5999813221750341,1.6693440024803783,12
0.40990170084452854,1.527564094540024,12
0.6074875855900785,1.5433436351803445,12
0.4945354006412209,1.3948605665136997,12
0.6394258154946597,1.6723153827741635,12
0.5377387076558543,1.7287865402185856,12
0.5428938362995485,1.5563448620669929,12
0.4062500070112132,1.4008106918025782,12
-1.3626189290714812,-0.10006767047261819,65
-1.371120953625608,0.019953536242472394,65
-1.3784730032413415,-0.04314199148651091,65
-1.3706067166920126,-0.012715447234301064,65
-1.36261892907148,-0.10006767047261822,65
-1.3711209536256075,0.01995353624247232,65
-1.378473003241342,-0.04314199148651085,65
-1.3706067166920126,-0.01271544723430119,65
1.460387080577511,2.1869559875831595,0
1.3967479421352362,2.204067264349417,0
1.4259773247029615,2.1466557360234506,0
1.4512138814406552,2.2603928501403,0
1.3543462056206892,2.1728322328692045,0
1.4410239930334507,2.245596193880837,0
1.40194502673636,2.3119339736814495,0
1.4328668296005846,2.194735222323508,0
1.3724431347028312,2.3546407399079667,0
1.3186764392760812,2.223784549063639,0
-1.2904586876549695,-0.1893454268589316,65
-1.3258817332797934,-0.19611738523632158,65
-1.3235607273888481,-0.023468644874986896,65
-1.3389317048001181,-0.011418536456918277,65
-1.2568743167668681,-0.018216669100117103,65
-1.290458687654969,-0.1893454268589313,65
-1.3258817332797928,-0.1961173852363214,65
-1.3235607273888481,-0.02346864487498696,65
-1.338931704800118,-0.01141853645691836,65
-1.2568743167668672,-0.018216669100117117,65
2.006762723828771,-1.1616177237210357,44
2.142689455452723,-1.1089952853672096,44
2.1492308056771354,-1.1674433408772893,44
2.014710596466364,-1.071046308345067,44
2.0067627238287704,-1.1616177237210341,44
2.1426894554527216,-1.1089952853672091,44
2.1492308056771354,-1.1674433408772895,44
2.0147105964663625,-1.071046308345067,44
1.5375045144457666,-2.643287198552864,52
1.7319987171456113,-1.9611238117383223,52
1.6619543641086711,-2.2730694030968253,52
1.8349303113125648,-2.245684701421353,52
1.7121394660423601,-2.5961201070433746,52
1.6190779301935208,-2.1981807707676873,52
1.7490215280692838,-1.9038639416293603,52
1.7473483815992907,-1.8698838007533243,52
1.7707120982592415,-1.9033023789201842,52
1.786724658404805,-2.1972174152243755,52
2.3419331692768193,-1.1451572707427986,44
1.9293973615284503,-1.088814195544784,44
2.1052532992598625,-1.0819580300241776,44
2.1297906928380717,-1.122073066569162,44
1.9436942788449654,-1.0576245358606786,44
2.341933169276819,-1.1451572707427993,44
1.9293973615284508,-1.0888141955447839,44
2.105253299259863,-1.081958030024178,44
2.12979069283807,-1.1220730665691625,44
1.9436942788449645,-1.0576245358606786,44
2.363369210276066,-1.1011300464919545,44
2.0730784608010926,-1.129550130202339,44
2.3116003662359472,-1.0955180148261545,44
2.456542370411263,-1.159367754799458,44
2.1510023440199686,-1.0367198383490783,44
2.3633692102760655,-1.1011300464919551,44
2.0730784608010926,-1.1295501302023399,44
2.311600366235948,-1.0955180148261547,44
2.456542370411263,-1.1593677547994572,44
2.1510023440199686,-1.0367198383490779,44
1.661189471406357,-2.2171158895689476,52
1.655084724785409,-2.4959693158746417,52
1.576143964168325,-2.0894395227087696,52
1.7435245610323327,-2.24799081694815,52
1.6218557185214681,-1.922049307410284,52
1.7714340667518305,-2.2154207682477565,52
1.5845989894532908,-1.9323457992436983,52
1.7994464929943814,-2.29546262055623,52
1.742243437970834,-2.181396053670952,52
1.7909717320651986,-2.399517127036845,52
1.661189471399769,-2.2171158895771996,52
1.6550847857656266,-2.495969268439961,52
1.5761439641386494,-2.0894395227445184,52
1.7435245610323313,-2.2479908169481497,52
1.6218557185215794,-1.9220493074101164,52
1.7714340667518862,-2.2154207682476783,52
1.5845989894534387,-1.9323457992434871,52
1.7994464929943799,-2.2954626205562354,52
1.7422434379714107,-2.181396053670133,52
1.7909717320649008,-2.399517127037141,52
0.1878142081954332,-1.6511559162656777,56
0.2292599975013843,-1.567203253020132,56
0.08668986495182782,-1.6682017422386441,56
0.22938325219804065,-1.5554921587483834,56
0.1878142081954372,-1.6511559162656717,56
0.22925999750138473,-1.56720325302013,56
0.08668986495182779,-1.6682017422386428,56
0.22938325219804062,-1.5554921587483836,56
2.561587053631194,0.2679921864738775,8
2.590744938061632,0.15029083777612506,8
2.612836664950041,0.20390311262385882,8
2.6555779870557714,0.23018700577142356,8
2.6351306287071035,0.18385626567961716,8
2.5483048055408735,0.28647270622122467,8
2.650671529827422,0.24292589952380828,8
2.571797792565897,0.17467950698263376,8
2.6470447964258117,0.2833327629444557,8
2.6448454398229946,0.16127337361780458,8
0.21937530549504358,-1.8689399467811676,56
0.0367971255323656,-1.7607276870799187,56
0.09426518037287879,-1.615746414270452,56
0.021566171553259458,-1.7544457556695483,56
0.0486601116968485,-1.7088925921180693,56
0.21937530549513795,-1.8689399467810652,56
0.036797125532366734,-1.7607276870799147,56
0.09426518037287916,-1.6157464142704514,56
0.021566171553259315,-1.7544457556695483,56
0.04866011169684881,-1.708892592118069,56
0.31248338550233196,-1.7544825824633459,56
0.038548843161992384,-1.6256027936972344,56
0.22437700137665906,-1.4721236467977445,56
0.10973564062763266,-1.5498216731484138,56
0.09128494125028849,-1.6645465893724947,56
0.31248338523055325,-1.754482582744492,56
0.03854884316198506,-1.6256027936972368,56
0.224377001376659,-1.4721236467977459,56
0.10973564062757887,-1.5498216731484458,56
0.09128494125029388,-1.6645465893724931,56
2.5663156761957606,0.25785253415772413,8
2.7385339349896314,0.2181550441454811,8
2.5703334893884273,0.2077353821353121,8
2.6640698174564195,0.170733046191309,8
2.5420553823614833,0.14931848320231397,8
2.690003168056901,0.11870415890642957,8
2.6507938945649445,0.25171824887556354,8
2.85755785538478,0.3044984645123276,8
2.669158544671002,0.21004171175831746,8
2.8106166478503876,0.17557342133863293,8
2.5663156761957606,0.257852534157724,8
2.738533934989632,0.21815504414548129,8
2.5703334893884255,0.20773538213531226,8
2.6640698174564252,0.17073304619130703,8
2.5420553823614798,0.14931848320231367,8
2.6900031680569003,0.11870415890642964,8
2.650793894564945,0.2517182488755638,8
2.85755785538478,0.3044984645123277,8
2.6691585446710024,0.21004171175831737,8
2.8106166478503867,0.17557342133863285,8
0.14797575757722398,-2.2276465508045646,55
0.055185811990194567,-2.3279669013523576,55
0.07802119016442437,-2.299341527348872,55
0.08916174097233225,-2.3424219626398464,55
0.14797575758298875,-2.2276465507999914,55
0.05518581196860542,-2.3279669013666506,55
0.07802119020886793,-2.299341527317048,55
0.08916174096313594,-2.3424219626457474,55
3.2877329015579937,0.611403097946067,2
3.2641454256974023,0.5069137962463561,2
3.318588207368919,0.5599699338093592,2
3.3612624381296237,0.6236591458033631,2
3.3203823748061394,0.5610104382269425,2
3.3039595214277755,0.659589898064063,2
3.3544900815548577,0.5975859265752905,2
3.298998541789595,0.5200146467162731,2
3.3679325772086837,0.6713214689951331,2
3.3017390660568435,0.5345841850477393,2
0.09518892945854077,-2.280229111166518,55
0.04520554117785655,-2.2852509994861436,55
0.08269890010155266,-2.272930527873374,55
0.014505593349179795,-2.4244149599746088,55
0.05755521369872637,-2.321914582991219,55
0.0951889295681824,-2.280229111085384,55
0.04520554119049525,-2.2852509994782086,55
0.08269890002971103,-2.2729305279245913,55
0.01450559334998213,-2.42441495997417,55
0.05755521369178581,-2.3219145829958157,55
-0.2977390640883794,-2.0693171446233776,60
-0.31256253419108215,-2.1520535841359334,60
-0.30327943497041937,-1.9690512009633183,60
-0.3030779476620185,-2.1217424074527793,60
-0.29773904727283956,-2.0693171036663,60
-0.31256253417834134,-2.1520535840986468,60
-0.30327943494741383,-1.9690512009015744,60
-0.30307794819546163,-2.1217424087257273,60
2.147543210234774,0.9649134147618492,9
2.143173806400378,0.8215377317874578,9
2.1607532719015956,0.8497817391617589,9
2.1433168734079655,0.9265039786805973,9
2.140869469630934,0.9128954129600404,9
2.126560602085704,1.1650231713716146,9
2.235095362026759,1.0728102727574587,9
2.166734598012636,0.9755393244800589,9
2.206688750591887,1.2245444186895318,9
2.2507650617110553,0.9908936506320631,9
-0.24859825089476245,-2.1131954901740375,60
-0.3210679044768315,-2.006799097829638,60
-0.33653114102287085,-2.0107436863505526,60
-0.22376896231352456,-1.6574050859168519,60
-0.30660911331211166,-1.995581362359205,60
-0.24859825124800258,-2.113195490829876,60
-0.3210679044712153,-2.006799097814477,60
-0.3365311535922047,-2.0107437224881863,60
-0.22376837544169237,-1.6574037511309287,60
-0.3066091102864181,-1.9955813538143157,60
-0.1597865366937632,-1.827990119675735,60
-0.24649889755243332,-1.680563781494799,60
-0.1445153389997965,-1.5915181510385181,60
-0.09175788903752269,-1.307149946159003,60
-0.2295917588297136,-1.837506926871601,60
-0.15978456908089786,-1.8279866373210438,60
-0.2465009107028552,-1.6805684103353857,60
-0.14455385591390557,-1.5915929918097025,60
-0.09175766793491698,-1.3071494486069384,60
-0.22959179111449804,-1.8375069987613644,60
2.2587771103376637,1.0010679802417732,9
2.258115894768738,0.782240128374775,9
2.1862592601851136,0.9247435173633,9
2.2831279666669526,0.8326203863072199,9
2.1730776176963404,0.7318639866946522,9
2.300747883392998,0.6720325366573936,9
2.2240901118389185,0.9595096362253546,9
2.306872427942529,1.0851997013838448,9
2.3371695230625873,0.8734747274121573,9
2.248183893858768,0.7161178272062076,9
2.2587771142549093,1.0010679665822615,9
2.2581158946418323,0.7822401288923899,9
2.1862593239858152,0.9247432960689155,9
2.2831283849610613,0.8326183639983318,9
2.17307761766109,0.7318639868585748,9
2.30074788337745,0.6720325367776171,9
2.2240900159324735,0.9595099681639457,9
2.3068726021198485,1.0851992365668965,9
2.3371695651709947,0.8734745501575567,9
2.248183894700668,0.7161178233529092,9
-0.11678375975309853,-1.9731046990382426,59
-0.10330441284978283,-2.153573058493498,59
-0.15957777577404755,-2.0666584941281223,59
-0.06974345482117941,-2.1164166373694266,59
-0.11678378127094556,-1.9731047254546026,59
-0.10330441308803573,-2.1535730586948825,59
-0.1595777757743307,-2.0666584941284687,59
-0.06974367510869117,-2.116416803835695,59
2.920549673650933,1.677571404149846,1
2.850439264524685,1.7152758788882772,1
2.9189424638267987,1.6870788094971305,1
2.8877076778867417,1.76264844534781,1
2.788430899023299,1.746195648113752,1
2.884318476328537,1.8524038715089948,1
2.9013623166068023,1.852021951446652,1
2.9094712949648147,1.7927261607385567,1
2.8792157292278526,1.9413017113680295,1
2.846390237520475,1.8334389382918388,1
-0.10223232832763286,-2.1996255349938725,59
-0.19872985027743523,-2.1463807820545413,59
-0.18067190612563241,-2.2340181910688957,59
-0.21174973154969792,-2.1585220768113396,59
-0.20861048689068026,-2.328277117566012,59
-0.10223232772807672,-2.1996255345112425,59
-0.19872985027743353,-2.1463807820545364,59
-0.18067190612560294,-2.2340181910688695,59
-0.21174973154976398,-2.158522076811422,59
-0.20861048689068082,-2.3282771175660097,59
0.3450083356334676,-1.6755546183806715,54
0.36154696260194946,-1.6537024004189516,54
0.277419019576299,-1.7646935039414673,54
0.3793952385756111,-1.616627765443517,54
0.3450083356334667,-1.6755546183806744,54
0.3615469626019478,-1.6537024004189513,54
0.2774190195763084,-1.7646935039414555,54
0.379395238575611,-1.6166277654435177,54
3.012867218955315,0.787815965899271,8
3.0101367218411594,0.7165404739844751,8
3.0135155416507895,0.7363351136738908,8
3.0652116015227695,0.7727342405821652,8
2.991107526451839,0.7202176405868463,8
3.0502004649585,0.8928272584254668,8
3.131647256583791,0.8632181339538897,8
3.035436462060714,0.780363034381654,8
3.096511936784293,0.875353018529353,8
3.0190620830474124,0.7590009683707224,8
0.479652554007798,-1.611414015774434,54
0.26980491404544826,-1.7186165378136948,54
0.28687095771472937,-1.7498408160762202,54
0.2530136821036129,-1.8410121895686433,54
0.32499048863432634,-1.6252528338155416,54
0.4796525540076212,-1.611414015774653,54
0.26980491404544826,-1.7186165378136957,54
0.2868709577147393,-1.7498408160762107,54
0.25301368210368985,-1.8410121895685487,54
0.3249904886343259,-1.625252833815541,54
0.5146387042049637,-1.4584754062555412,54
0.2905121981297379,-1.5813861273547434,54
0.4225805143842339,-1.484192228880548,54
0.3563714950589909,-1.6286899749643395,54
0.36746906850929567,-1.6296415351139752,54
0.5146387042049724,-1.4584754062555312,54
0.29051219812973816,-1.581386127354743,54
0.42258051438423366,-1.4841922288805478,54
0.3563714950586063,-1.6286899749648207,54
0.3674690685092934,-1.6296415351139772,54
3.043957129558923,0.7733117973353205,8
3.111625685157789,0.7098573428581069,8
2.9433964428901813,0.7211316313823026,8
2.9725228360687512,0.6683321548798105,8
3.016122363314889,0.6791506018062402,8
3.062818256230041,0.6080357772365467,8
3.138979618993637,0.8042630462613694,8
3.1992342871643955,0.8659349735837739,8
2.9673381335513453,0.6920541520623746,8
3.0527112534231557,0.6535459795358515,8
3.043957129559118,0.7733117973339436,8
3.111625685157963,0.7098573428561336,8
2.9433964428901795,0.7211316313823012,8
2.972522836068767,0.6683321548796975,8
3.0161223633148935,0.6791506018062152,8
3.0628182562308313,0.6080357772241838,8
3.1389796189936185,0.8042630462614773,8
3.1992342871643418,0.8659349735840651,8
2.967338133551338,0.6920541520624703,8
3.052711253423256,0.6535459795340776,8
0.06421756815550751,-2.5414937702927114,53
0.11584867934636528,-2.425480466341286,53
0.018387921864816616,-2.591629043998161,53
0.16447923879628756,-2.402105956067637,53
0.0642175681555071,-2.541493770292711,53
0.11584867934638433,-2.4254804663412695,53
0.018387921864816508,-2.5916290439981595,53
0.16447923879627488,-2.402105956067646,53
3.599969695111914,1.1867699727748344,2
3.5626277145090897,1.09550752249042,2
3.5588767592136215,1.1214703224550895,2
3.6297730837316107,1.158283295070085,2
3.5278807787327615,1.1131416343425826,2
3.6333566633116687,1.2686694215346899,2
3.6343777713574243,1.237749648339119,2
3.5802999261300643,1.139775828407813,2
3.6029872190478076,1.292699899950471,2
3.5603604296731044,1.168910089375944,2
0.11323451906141892,-2.625702152553438,53
0.07449792546898218,-2.4498945230184277,53
0.05147770233740818,-2.5429551978690426,53
-0.008659105830971799,-2.6987710942861574,53
0.09055374654717904,-2.4368405368076433,53
0.11323451906141946,-2.6257021525534365,53
0.07449792546896854,-2.449894523018435,53
0.05147770233740858,-2.542955197869042,53
-0.008659105830973918,-2.6987710942861582,53
0.0905537465471654,-2.436840536807655,53
0.1420579341353013,-1.4981246707615277,58
0.03487929695035013,-1.7565776148981491,58
0.0943632877802166,-1.581154705982331,58
0.11076451819837531,-1.536592700373938,58
0.14205793411058493,-1.4981246708014702,58
0.034879315113807194,-1.7565775933935408,58
0.09436328772465627,-1.5811547060486066,58
0.11076451783546823,-1.5365927008819569,58
2.513847523091008,1.2877236310930642,13
2.5009522824077877,1.2554769677181172,13
2.4906438121343544,1.2525102643059005,13
2.4769489671877527,1.3142839147860623,13
2.4122561116916157,1.2983880821576317,13
2.5583847912021818,1.4196799128073019,13
2.641638217137965,1.3997403112936275,13
2.5632486713837714,1.3087635772457518,13
2.5448526160154055,1.4079988499924854,13
2.5557034892446313,1.3135451671280767,13
0.16082859453325243,-1.5890880175354354,58
0.10522588320699518,-1.4442326734734539,58
0.022526813874946785,-1.6643906471091363,58
0.12950369948462834,-1.476846485519886,58
0.10607218912258613,-1.4780267320393825,58
0.16082859449916503,-1.5890880175833502,58
0.1052258832046903,-1.4442326734765965,58
0.02252682403671007,-1.6643906290817627,58
0.12950369945862153,-1.4768464855596592,58
0.10607218903284155,-1.4780267321733842,58
0.22115357112448392,-1.236662603835185,58
0.08898025778409664,-1.3661975096222796,58
0.2005696128514081,-1.2847432364179094,58
0.1666514560617832,-1.236321923162838,58
0.14458476305942572,-1.3355425900579094,58
0.22115357112449632,-1.236662603835154,58
0.088980257785957,-1.3661975096196535,58
0.2005696128510335,-1.2847432364187812,58
0.16665145606185078,-1.2363219231627005,58
0.14458476305941348,-1.3355425900579363,58
2.596161311574451,1.3459291543447427,13
2.613964181366701,1.1641277453280099,13
2.4847841101098,1.2977560509565322,13
2.408791512759297,1.1740168883671673,13
2.4783994050468694,1.1764699602323958,13
2.5147487246498788,1.0747432374182695,13
2.5845755119329095,1.3232625542460186,13
2.594275389049036,1.3785583890392987,13
2.519838598640201,1.2730181394342803,13
2.4232093699903765,1.1041996739467288,13
2.5961613115930957,1.3459291543010117,13
2.6139641813642904,1.1641277453362586,13
2.484784110290815,1.2977560505655215,13
2.408791512743156,1.1740168884108182,13
2.478399405110756,1.1764699600595243,13
2.514748724647544,1.0747432374270822,13
2.5845755118912086,1.3232625543417567,13
2.59427538896918,1.3785583892072688,13
2.5198385987121314,1.2730181392570015,13
2.423209369878948,1.1041996742876294,13
0.02670810267776044,-2.037148891173085,57
-0.07095806724465424,-2.3302383045436668,57
-0.10374239210108643,-2.2913331696945587,57
-0.017190724450564018,-2.2406310242352467,57
0.026708105976334152,-2.037148888290748,57
-0.0709580672450829,-2.3302383045440753,57
-0.10374239210124346,-2.2913331696946986,57
-0.017190732371045153,-2.2406310306722084,57
3.2692806659226608,1.8936007670470834,0
3.1961939624507965,1.866729905466304,0
3.2090145930212874,1.8662823638719797,0
3.1834668248346816,1.8962406535504892,0
3.110023546778411,1.888132538122956,0
3.2753266806247368,2.0555188684160988,0
3.2643211216746737,2.052920395470957,0
3.269928258081573,1.9653376782476342,0
3.199610495107307,2.081344406919819,0
3.2038277656708294,1.9623809250168558,0
-0.04068509322511887,-2.3824757580147544,57
0.004920234504079179,-2.0710630262869354,57
-0.05379574052061628,-2.4059514192695874,57
-0.11585002077282872,-2.3702601626112196,57
-0.04956822096106787,-2.343913681362387,57
-0.040685093223526723,-2.3824757580136735,57
0.004920234657130606,-2.0710630261688743,57
-0.053795740520624635,-2.405951419269591,57
-0.11585002077282947,-2.3702601626112174,57
-0.04956822095854098,-2.3439136813601773,57
2.6054637546167387,-1.6419046195652773,42
2.652121445336284,-1.7164711045771106,42
2.670862395577083,-1.7071466568258309,42
2.553292904897062,-1.6724909490339452,42
2.605463754616735,-1.6419046195652796,42
2.652121445336287,-1.7164711045771033,42
2.670862395577083,-1.707146656825829,42
2.553292904897083,-1.672490949033906,42
0.6241481964195321,-4.018983757103638,46
0.69095577952167,-3.8376333760082897,46
0.6333926039212718,-3.9609590669580728,46
0.841373986086796,-3.8692019213854945,46
0.7048088445146644,-4.083378819966557,46
0.5294937693191998,-3.8201720572041666,46
0.652482623940593,-3.761848668571388,46
0.6083221088824811,-3.742485874363686,46
0.6872458697064238,-3.737127604755446,46
0.5880032560575031,-3.8659172515289777,46
2.75293436144074,-1.7954186524795033,42
2.5813556322935636,-1.61526927848277,42
2.6228094513989975,-1.6753679227510114,42
2.688186140711343,-1.6800848960122603,42
2.578872391913059,-1.6419477287547564,42
2.7529343614407455,-1.795418652479495,42
2.5813556322935636,-1.6152692784827667,42
2.622809451398998,-1.6753679227510132,42
2.688186140711344,-1.680084896012258,42
2.578872391913073,-1.641947728754719,42
2.8346835205209953,-1.955880191799636,42
2.7935739968399838,-1.90210454545472,42
2.734791076966305,-1.7670140527000355,42
2.9127948516426243,-1.903785297560768,42
2.756847860584452,-1.8342808761972862,42
2.8346835205209735,-1.955880191799673,42
2.7935739968955757,-1.9021045453459071,42
2.7347910769663035,-1.7670140527000373,42
2.9127948516426234,-1.9037852975607699,42
2.7568478605844526,-1.8342808761972975,42
0.5300891710846843,-3.7235463807497764,46
0.7600608850494848,-3.8031210023165194,46
0.4374147859515447,-3.6481653774483944,46
0.7753766074147159,-3.6865862414400277,46
0.4250061094325885,-3.7582034692733806,46
0.7986036025193288,-3.720231589217769,46
0.42736620393110086,-3.7521187892804733,46
0.7794424442542223,-3.8070226986055586,46
0.5752035778769067,-3.7785867543083973,46
0.8914516113104358,-3.885376978925966,46
0.5300891711021526,-3.7235463807470697,46
0.7600608834776041,-3.8031210025869067,46
0.43741478595232547,-3.648165377448278,46
0.775376607306155,-3.686586241460888,46
0.42500610866708755,-3.758203469373667,46
0.7986045480976073,-3.7202314127507146,46
0.4273662033839801,-3.7521187893533092,46
0.7794424390078027,-3.807022699510963,46
0.5752036294265339,-3.7785867466193417,46
0.8914508554811308,-3.8853771264581556,46
0.12516075330421295,-1.4938363973133448,56
0.17612744822736645,-1.4674654505354232,56
0.07290992856274008,-1.4353283786875404,56
0.17510030406999988,-1.4885902442912473,56
0.12516075330421425,-1.493836397313344,56
0.17612744822736676,-1.4674654505354197,56
0.07290992856273949,-1.4353283786875426,56
0.17510030407000005,-1.4885902442912444,56
2.576907812885191,0.24785356795593222,8
2.611044820276412,0.11789673010138585,8
2.6459745688011247,0.17246808007250686,8
2.673739456385184,0.2218422316705872,8
2.639505899198596,0.14259675553043444,8
2.5168541871732257,0.2599439633029115,8
2.6275365084482747,0.22656226475080352,8
2.5474323840829167,0.1578458277520403,8
2.595882751079324,0.2727696652233179,8
2.6124310440931895,0.1485343492444152,8
0.20688585814860616,-1.5072149513566533,56
-0.007046115598563152,-1.5689713514468513,56
5.209460378141671e-05,-1.5074680403100678,56
0.020175470599192093,-1.4884612528509886,56
0.04751882225256323,-1.5256362681196103,56
0.20688585814720512,-1.5072149513576798,56
-0.00704611559856348,-1.5689713514468508,56
5.209460378087782e-05,-1.5074680403100709,56
0.020175470599192002,-1.4884612528509886,56
0.047518822252562355,-1.5256362681196094,56
0.36535240299712884,-1.4314008933321087,56
0.05857776174209495,-1.3288016155004654,56
0.1480694328994455,-1.2516504989187853,56
0.0958796338047641,-1.2594072022455223,56
0.10288177387734318,-1.364362734752859,56
0.36535240299611416,-1.4314008933331983,56
0.058577761742094996,-1.3288016155004658,56
0.14806943289944557,-1.2516504989187873,56
0.09587963380476434,-1.2594072022455218,56
0.10288177387734318,-1.364362734752859,56
2.518667049760985,0.2517938206253533,8
2.6197745363077636,0.21828223023317245,8
2.5121091432255644,0.19166060290451029,8
2.564142120465393,0.16465178325812527,8
2.5608115799430595,0.13548725063559547,8
2.6099763272213026,0.1142427821955744,8
2.620500135261001,0.22387328953266994,8
2.729397343703754,0.27862654275846144,8
2.5816321235613087,0.17937087816357813,8
2.703298433947675,0.1560685220806087,8
2.518667049760985,0.25179382062535327,8
2.619774536307764,0.21828223023317153,8
2.5121091432255644,0.19166060290451079,8
2.5641421204653922,0.16465178325812505,8
2.560811579943061,0.13548725063559544,8
2.6099763272213052,0.11424278219557507,8
2.6205001352610013,0.2238732895326697,8
2.729397343703755,0.2786265427584615,8
2.5816321235613087,0.17937087816357825,8
2.7032984339476718,0.15606852208060654,8
0.13744923656565408,-2.235267750337835,55
0.11245097799526518,-2.280126143728685,55
0.14521758180981917,-2.17426069128168,55
0.1482760166149581,-2.312071758707461,55
0.13744923664813008,-2.235267750275654,55
0.11245097795597918,-2.280126143755486,55
0.1452175818337305,-2.17426069126383,55
0.14827601661652323,-2.3120717587063777,55
3.2879482871963797,0.5347336898500709,2
3.2446002973257233,0.46317720116783007,2
3.293425889202187,0.48453701115816733,2
3.309082842090855,0.5449022968004422,2
3.2169136294089147,0.4804191916914111,2
3.2983988101817157,0.5840434869090255,2
3.3293944820432513,0.5667397220750704,2
3.30078830349592,0.46763517442707564,2
3.3080911490265543,0.6158956824553037,2
3.2404899155885696,0.4923793884786182,2
0.11142243177255311,-2.273745782213883,55
-0.04303353620885237,-2.3348382231827904,55
0.0769260858766295,-2.3145927017437704,55
0.11322809312129292,-2.2463963572476255,55
0.09787926129133848,-2.2932485257421256,55
0.11142243173844786,-2.2737457822367166,55
-0.04303353620662024,-2.3348382231818,55
0.0769260858353955,-2.3145927017694574,55
0.11322809298499821,-2.2463963573421553,55
0.09787926135502036,-2.2932485257012933,55
-0.1692187902958936,-1.3958462331204862,60
-0.2542108528936082,-1.6587307566382694,60
-0.17195656300747464,-1.3167626737468374,60
-0.23228368733976776,-1.5710142457933185,60
-0.1692601121138068,-1.395930806308522,60
-0.2542137408413303,-1.658737759318954,60
-0.17195919100795104,-1.316770030899594,60
-0.23230085253841853,-1.5710527728179222,60
2.154397498854385,1.0162649279621325,9
2.1170379740006156,0.9254267780543866,9
2.1891734659533775,0.9325405922848126,9
2.1409403486226792,1.030986992663154,9
2.074858872591032,0.9327198684282911,9
2.1180347271939026,1.2455762163003397,9
2.1888955171042537,1.1871937173861045,9
2.1729260603906617,1.0802607680893392,9
2.161697447011858,1.3050062979409962,9
2.2381999168350877,1.0152894609372431,9
-0.18476750534809588,-1.547423563485525,60
-0.2706452762911902,-1.4861156138032316,60
-0.2593981702084565,-1.4676175105175122,60
-0.12139357341104169,-0.9895488045967052,60
-0.22798782967732661,-1.4930477370779358,60
-0.1847662716683708,-1.5474211952086139,60
-0.2706348339193374,-1.4860922589333088,60
-0.25943788163388787,-1.4677049657643109,60
-0.12139346335362952,-0.9895545564938169,60
-0.22800086696733451,-1.4930768982838925,60
0.013827481557749877,-1.0150237521636694,60
-0.11730807493779338,-0.788445878210822,60
-0.07394026199572547,-0.7912523975251812,60
-0.14532047659125744,-0.5045668893661381,60
-0.07151950784222125,-1.0481665415814656,60
0.013827464596817487,-1.015025552189443,60
-0.11730804253876634,-0.788446025067761,60
-0.0739383803141446,-0.7912625724848839,60
-0.14532048325136723,-0.5045668657663058,60
-0.07151937463331652,-1.048163871310312,60
2.295988280082222,1.1258820794319992,9
2.317443515663672,0.8671449001926588,9
2.223355159112157,1.0045345582692773,9
2.316427460562626,0.8905092807819655,9
2.272428053816777,0.8246904681898759,9
2.3881130372775052,0.7204563699674109,9
2.208526770913625,1.0680012482773267,9
2.2531197891038253,1.1924072522279765,9
2.383633174983349,0.9491273522143057,9
2.326650761688589,0.7619142070034252,9
2.295988271139805,1.1258821041189404,9
2.3174435148263615,0.8671449036761715,9
2.223355117298326,1.0045346774827821,9
2.3164253333533456,0.8905177806816991,9
2.2724282691257143,0.8246894946641323,9
2.388113036636401,0.7204563745431432,9
2.208526773298613,1.068001239722981,9
2.253119791163715,1.1924072459480484,9
2.3836334982231553,0.9491261453297576,9
2.326650761107781,0.7619142101842602,9
-0.11839840505812017,-1.8443169423880938,59
-0.10474450133791159,-1.8969970750317415,59
-0.13543000797607782,-1.801249108348615,59
-0.10899371149492638,-1.8931617731987749,59
-0.11839840276425526,-1.8443169392730088,59
-0.10474450145545837,-1.8969970751748582,59
-0.13543000722781506,-1.8012491072151733,59
-0.108993712070559,-1.8931617739675408,59
2.9045438830968107,1.7765408870333042,1
2.8509897866096305,1.8312275687229675,1
2.9044799817274614,1.8179260356375764,1
2.834962776697357,1.8416570793386784,1
2.7587643741255774,1.82166973693697,1
2.8697950104169037,1.978237403402386,1
2.860764504799307,1.992436755078103,1
2.8934717370499845,1.955469965226289,1
2.8228314667468553,2.0711887547935057,1
2.8320339052699293,1.9838966657020132,1
-0.155174125540253,-2.1379139329223578,59
-0.22850880239801533,-1.989062901614706,59
-0.1991803856775361,-2.035346854041189,59
-0.1442766832315206,-1.7855810607585478,59
-0.1254842548814176,-1.9311299317307924,59
-0.155174125539833,-2.137913932921954,59
-0.22850880239863897,-1.9890629016156576,59
-0.19918038567178817,-2.035346854033988,59
-0.1442766693023438,-1.78558103723178,59
-0.125484255214643,-1.9311299321418898,59
0.3578482783061948,-1.38002281794868,54
0.38446843345370635,-1.471021085812351,54
0.3248985316175775,-1.4072463161324649,54
0.3746390987259727,-1.42833554552389,54
0.35784827830619453,-1.3800228179486798,54
0.3844684334537058,-1.4710210858123505,54
0.32489853161757726,-1.4072463161324644,54
0.3746390987259727,-1.42833554552389,54
3.0277796211247514,0.7910967465587281,8
3.0084455451049354,0.7198479825292704,8
3.0408613908415636,0.7522338045712466,8
3.072864525280176,0.7978066724383599,8
2.947908608800969,0.7189121262276276,8
3.0432177543011987,0.8892871284276238,8
3.106626857667661,0.8576498748713367,8
3.0253916889322685,0.7828403078189969,8
3.03980606778625,0.8923246539755282,8
3.0072292530018614,0.7528231070343854,8
0.5088300647636719,-1.339673308501079,54
0.2681375545650726,-1.4038071437745918,54
0.2793699310923617,-1.4654657661952808,54
0.330328464755859,-1.3938062626004666,54
0.31100518137580707,-1.3886950687056905,54
0.5088300647636349,-1.3396733085011128,54
0.2681375545650728,-1.4038071437745914,54
0.2793699310923615,-1.46546576619528,54
0.33032846475585864,-1.3938062626004661,54
0.31100518137580724,-1.3886950687056896,54
0.5471143897442864,-1.18503055455285,54
0.3240469008975615,-1.2610444014846616,54
0.4136506727525058,-1.1858598475344861,54
0.3697301654671849,-1.2617746873148896,54
0.35644056144703445,-1.2904755854127345,54
0.5471143897442887,-1.185030554552849,54
0.3240469008975612,-1.2610444014846616,54
0.4136506727525058,-1.185859847534486,54
0.3697301654671848,-1.261774687314891,54
0.3564405614470343,-1.290475585412735,54
3.038952193654289,0.8059665433565677,8
2.9807873583679734,0.7134234783957062,8
2.9033002117218567,0.7157733486311227,8
2.8717949553769704,0.6617713951799369,8
3.050477094020581,0.6816026895476067,8
2.936988713434325,0.6031069589484376,8
3.1393537197562797,0.8062783368868195,8
3.0596152681799635,0.8476482072522283,8
2.948152639277434,0.7034262132247149,8
2.9372305618161176,0.6326089263058584,8
3.038952193654279,0.805966543356633,8
2.9807873583679747,0.7134234783956949,8
2.903300211721856,0.715773348631124,8
2.8717949553769695,0.6617713951799349,8
3.0504770940205814,0.6816026895475777,8
2.9369887134343253,0.6031069589484375,8
3.1393537197562793,0.8062783368868036,8
3.0596152681799906,0.847648207252111,8
2.9481526392774384,0.7034262132247057,8
2.9372305618161176,0.6326089263058562,8
0.2031348756089785,-2.29076846126019,53
0.20545268495635963,-2.25472164308621,53
0.14084340655042735,-2.3229306675284014,53
0.24732909639281112,-2.2186927719027842,53
0.20313487560906626,-2.290768461260106,53
0.20545268495600735,-2.2547216430865236,53
0.14084340654933936,-2.3229306675292305,53
0.2473290963929229,-2.218692771902663,53
3.5669515601925674,1.1636009042117865,2
3.5624455779893482,1.0982230828208042,2
3.5552918562512827,1.1103189051338198,2
3.605043010157995,1.149903818487709,2
3.4813703642507585,1.0921473146217198,2
3.5955592222073784,1.2296415170929555,2
3.617781489123099,1.2187291394351958,2
3.57143867485725,1.147745963473618,2
3.5691970722920474,1.2588692445893315,2
3.530939807600597,1.1439629563937344,2
0.18717042107708867,-2.3430054772966074,53
0.2055836177712743,-2.1998673808040867,53
0.08342008847502552,-2.4269923199364656,53
0.08274741515035598,-2.4547461586035486,53
0.148734967866773,-2.271034073685,53
0.1871704210861503,-2.343005477288785,53
0.20558361777161316,-2.1998673808037896,53
0.0834200884749792,-2.4269923199364927,53
0.08274741515034506,-2.4547461586035566,53
0.148734967865819,-2.2710340736858208,53
0.1212098529316063,-1.1403324839678748,58
0.09148361526067939,-1.2538694086133675,58
0.0857208428210886,-1.154954544345328,58
0.08057827828952475,-1.141118766416027,58
0.1212098529316063,-1.1403324839678763,58
0.09148361526069321,-1.2538694086133386,58
0.08572084282108863,-1.1549545443453266,58
0.08057827828952444,-1.141118766416028,58
2.4801135687719507,1.3126068728835625,13
2.4226428617065556,1.2701079650760936,13
2.431119776379758,1.279591091507105,13
2.3820579337842984,1.3253915565170769,13
2.3005875442654835,1.2916455991680649,13
2.4716819321333947,1.4491758617263955,13
2.5363980878125183,1.4327721127414184,13
2.47483793711221,1.3515283191118275,13
2.431268418989108,1.4407516314564364,13
2.454135487409869,1.343691525872818,13
0.1614345522285141,-1.1691018160809725,58
0.056082234500606405,-1.1063269086535816,58
0.014214356292451002,-1.2706906375734797,58
0.0864907902711075,-1.0872794613673142,58
0.04836556137187114,-1.179510297616221,58
0.1614345522285138,-1.169101816080972,58
0.0560822345006065,-1.1063269086535816,58
0.014214356292424075,-1.2706906375735432,58
0.08649079027110752,-1.087279461367313,58
0.048365561371871625,-1.1795102976162188,58
0.14044217551510116,-0.8652464258929536,58
0.0583009407325846,-1.005733284078933,58
0.11229061352686814,-0.9800148940858894,58
0.08031255952295703,-0.8482273435539602,58
0.07975676748193132,-0.9918014510635754,58
0.14044217551509994,-0.8652464258929381,58
0.058300940732584634,-1.0057332840789335,58
0.11229061352686998,-0.9800148940859098,58
0.08031255952295702,-0.8482273435539635,58
0.07975676748193129,-0.9918014510635761,58
2.5284739324802104,1.3995338106830089,13
2.55027570243526,1.2605637329243893,13
2.40504550018722,1.3093300490464146,13
2.3570803605432724,1.2795741185273948,13
2.459372505416051,1.228269428139419,13
2.4428429266879235,1.1463185487890715,13
2.5321475991705955,1.3631138860890715,13
2.488469414155564,1.4350771943413583,13
2.4707250032738766,1.3075866241590521,13
2.3872246400199755,1.1779044431971575,13
2.5284739325402037,1.3995338105571082,13
2.5502757024472804,1.260563732894052,13
2.405045500145347,1.3093300491320083,13
2.3570803605209645,1.279574118579783,13
2.4593725055373024,1.2282694278394795,13
2.442842926711665,1.1463185487182244,13
2.5321475991667,1.3631138860971403,13
2.4884694141796833,1.4350771942932832,13
2.470725003180233,1.3075866243665035,13
2.3872246400681365,1.1779044430731838,13
0.06627599178839874,-1.871085016477061,57
0.09559078107891034,-1.9499472157637998,57
0.0404299331991696,-1.9246475655499202,57
0.11574455885230053,-1.8807517952020811,57
0.06627599178437893,-1.8710850164807715,57
0.09559077999883211,-1.949947216745006,57
0.04042993333190027,-1.9246475654374235,57
0.11574455793716756,-1.880751796040112,57
3.2101796278264,1.9717008305458996,0
3.1639649940469674,1.9401809376917412,0
3.1609363986637784,1.9363946063092388,0
3.1375461599727537,1.9655568107771357,0
3.051084415198358,1.9103850399989164,0
3.1820208438465474,2.1329721425730073,0
3.1919861482749825,2.0925266273375853,0
3.180417776423552,2.0430417187717227,0
3.1137688839036017,2.1289961118648857,0
3.1189050812186374,2.0179058638988487,0
-0.0024120161890429995,-2.1974012322960155,57
0.07864411748287235,-1.8020127731469715,57
-0.01953856721398299,-2.141865205590345,57
0.04612082015514576,-1.98617514532815,57
0.10824831780242297,-1.9294540584029847,57
-0.0024120473155121763,-2.1974012551075104,57
0.07864411751644408,-1.8020127731127316,57
-0.019538558943806898,-2.141865199339358,57
0.04612082696071771,-1.9861751396723797,57
0.10824831817899604,-1.929454058056538,57
2.5434062575169394,-1.6410575663654505,42
2.580189532823913,-1.7088161453731747,42
2.669524521130047,-1.776754848453254,42
2.455083160231287,-1.599941568215748,42
2.5434062575169425,-1.6410575663654485,42
2.5801895328239137,-1.708816145373178,42
2.6695245211300516,-1.776754848453243,42
2.455083160231287,-1.599941568215749,42
0.5742914939888424,-3.995062201589601,46
0.6207803811406106,-3.6859425089317965,46
0.5897499244798178,-3.84234452034948,46
0.7546084545835793,-3.7035957196203224,46
0.6824367921795342,-3.9461968925103528,46
0.44708451517369285,-3.824345228084218,46
0.5933443760400288,-3.632227358390438,46
0.5376475510874683,-3.6696438431142884,46
0.6119744133758775,-3.6067416940418995,46
0.6235536665699668,-3.760619741040174,46
2.7206104546187944,-1.9162443913664953,42
2.549295311294768,-1.6296752301580089,42
2.59331230729025,-1.7468410517226423,42
2.717711481851097,-1.7780852039963913,42
2.5342441947204626,-1.7003830055785563,42
2.7206104546196173,-1.9162443913650118,42
2.549295311294783,-1.6296752301579789,42
2.593312307290251,-1.7468410517226405,42
2.717711481851097,-1.7780852039963917,42
2.5342441947204613,-1.7003830055785574,42
2.788100065456689,-2.0793707313902097,42
2.745941229692663,-2.0262179475650592,42
2.738341428988731,-1.8780805484171337,42
2.90756648602711,-2.0062102985536217,42
2.7670701425566473,-1.958207360460369,42
2.7881000654568284,-2.0793707313900054,42
2.745941229546493,-2.0262179478039024,42
2.7383414289888237,-1.8780805484169516,42
2.9075664860271058,-2.0062102985536314,42
2.767070142556082,-1.958207360461433,42
0.5838327090266047,-3.733529492250246,46
0.7372764415908478,-3.660765185375027,46
0.49327501139892765,-3.6100716754897193,46
0.8066099922466126,-3.558344068100102,46
0.4721566885869903,-3.703348762561818,46
0.765764851268786,-3.591738742174396,46
0.46893308934973954,-3.7538895386143087,46
0.7855325292364709,-3.687688455927193,46
0.5680881895047111,-3.718681900811202,46
0.8933078213278207,-3.7232908676079273,46
0.5838327090233063,-3.7335294922507702,46
0.7372764416514341,-3.6607651853636924,46
0.49327501144767016,-3.6100716754817235,46
0.8066099922490935,-3.55834406809957,46
0.4721566885833254,-3.703348762562357,46
0.7657648510029702,-3.591738742229912,46
0.4689330893498992,-3.753889538614288,46
0.7855325294337268,-3.687688455889179,46
0.5680882169618218,-3.718681896403933,46
0.893307765038602,-3.723290878718129,46
-0.7675997987628507,-1.1499841506395276,62
-0.7423142886291104,-1.0673935538011223,62
-0.7376158563344323,-0.9367315788226297,62
-0.7478894004878693,-1.070514254256607,62
-0.7675997987628504,-1.1499841506395283,62
-0.742314288629111,-1.067393553801123,62
-0.7376158563344327,-0.9367315788226284,62
-0.7478894004878689,-1.0705142542566066,62
2.096785632280336,0.4795220307786438,6
2.107976775781077,0.3212762245668986,6
2.1817806274344234,0.351848799225299,6
2.206674075885042,0.38072013343506506,6
2.1389447912376203,0.3242226036595546,6
2.007683126607471,0.44143458958937304,6
2.109959371955657,0.345832934997683,6
2.0771713438864903,0.31714417296571007,6
2.1170769301773498,0.36018959463774897,6
2.0853921825929143,0.2710371433916898,6
-0.600405998514449,-1.3175977109061208,62
-0.789678803537674,-1.2174566255284027,62
-0.7277965898815724,-1.066661770265838,62
-0.7115028871133124,-0.9099559229896296,62
-0.6682431345168587,-1.0339033803974853,62
-0.6004059985144489,-1.3175977109061197,62
-0.789678803537674,-1.2174566255284027,62
-0.7277965898815723,-1.0666617702658363,62
-0.711502887113312,-0.9099559229896288,62
-0.6682431345168585,-1.0339033803974849,62
-0.6160735719134801,-1.2901069794718414,62
-0.7628412836474795,-1.012127024136118,62
-0.637813112058778,-0.9976971723757009,62
-0.6199219645500522,-0.7933581323814358,62
-0.6548439946835135,-1.0863498802647373,62
-0.6160735719134794,-1.2901069794718418,62
-0.7628412836474802,-1.0121270241361189,62
-0.6378131120587768,-0.9976971723757011,62
-0.6199219645500518,-0.7933581323814348,62
-0.6548439946835127,-1.0863498802647371,62
2.0419443004968336,0.36110878593705387,6
2.222148541092491,0.20378594444681403,6
2.036888419902482,0.35154819780393737,6
2.1229075815559946,0.25306929794863625,6
2.0618577274750143,0.24483034695450095,6
2.0988043855469622,0.14145276850602295,6
2.0962808460614726,0.3225589982839446,6
2.252691158168832,0.21218610598549423,6
2.006011668517354,0.30196584446282854,6
2.123396768725893,0.15231338405559056,6
2.0419443004968323,0.36110878593705387,6
2.2221485410924897,0.20378594444681378,6
2.036888419902482,0.3515481978039375,6
2.122907581555992,0.2530692979486358,6
2.0618577274750156,0.24483034695450126,6
2.0988043855469622,0.14145276850602295,6
2.096280846061466,0.32255899828394297,6
2.252691158168839,0.21218610598549423,6
2.006011668517356,0.3019658444628296,6
2.1233967687258994,0.15231338405559014,6
-0.843710139391707,-1.7995661106956784,61
-0.7832155308354641,-1.831023258701995,61
-0.8118922746120995,-1.7003345317866831,61
-0.7647575323898269,-1.8153643032402362,61
-0.843710139391707,-1.7995661106956768,61
-0.7832155308354639,-1.8310232587019948,61
-0.8118922746120989,-1.7003345317866847,61
-0.7647575323898261,-1.8153643032402327,61
2.7998504133790347,0.7552858595303522,3
2.7407910025930384,0.6282904708278758,3
2.816610224640936,0.6324114568383946,3
2.822488547363684,0.6589363514626335,3
2.7131565351623683,0.6204728834077672,3
2.713121655501891,0.7537042774940768,3
2.6929594128567658,0.7045938496518642,3
2.707387415682036,0.6355313150424298,3
2.7204810145452196,0.741552488297762,3
2.6064776422678997,0.6399457271766363,3
-0.8011687700325612,-1.9248058626825517,61
-0.8582001296925386,-1.8133928598249591,61
-0.7906541123267935,-1.7866299679764563,61
-0.8090526531242318,-1.6654136817062188,61
-0.7184200042148355,-1.7232233978646885,61
-0.8011687700325612,-1.9248058626825517,61
-0.858200129692538,-1.8133928598249578,61
-0.7906541123267928,-1.7866299679764572,61
-0.8090526531242305,-1.6654136817062262,61
-0.7184200042148342,-1.72322339786469,61
-1.6597585204878258,0.5525992097790355,68
-1.7331231332434853,0.7252879248550836,68
-1.5446818579162618,0.637494035130487,68
-1.6812573022536093,0.7110566404204687,68
-1.6597585204878067,0.5525992097788206,68
-1.7331231332438541,0.7252879248647459,68
-1.544681857916245,0.6374940351300853,68
-1.681257302253612,0.7110566404204441,68
0.9462161141715733,1.4082808249251253,11
0.8292778512028965,1.247768151137201,11
0.9139893841771598,1.2496338310790787,11
0.8755701943445457,1.284505754747921,11
0.8415811020290863,1.1647275241623458,11
0.9183535828077382,1.5127858298868804,11
0.8671743699566388,1.4022621806045952,11
0.8890086186894497,1.3598556207516108,11
0.8261457966129957,1.4538724099994236,11
0.7813179502129066,1.2544662818266554,11
-1.461469515600891,0.12545583955494394,68
-1.6336650128294339,0.41369696234863934,68
-1.8011405087660315,0.7524642817775326,68
-1.4827253626628432,0.6279676771766125,68
-1.5718221690282728,0.5675729712860176,68
-1.4614695155768356,0.12545583949677666,68
-1.6336650128293093,0.4136969623478863,68
-1.8011405087589911,0.7524642816298354,68
-1.4827253626628412,0.6279676771766116,68
-1.571822169028265,0.5675729712862168,68
-1.3424230137787057,0.22011253839488357,68
-1.4485055094212038,0.4244150372487943,68
-1.5986096505649117,0.6003730786109417,68
-1.359412616744455,0.5985073329618242,68
-1.4943036738681537,0.4510351539185234,68
-1.342423013778695,0.2201125383948674,68
-1.4485055094211672,0.4244150372485719,68
-1.598609650565276,0.6003730786045196,68
-1.3594126167444542,0.5985073329618243,68
-1.4943036738678848,0.4510351539160853,68
0.8528589617780858,1.2559166047288546,11
0.9882400256569009,1.114243977200025,11
0.8025011262973865,1.299164704572745,11
0.9021121375061868,1.2323850795034648,11
0.8793384833902479,1.134966112255979,11
0.9464268512691606,1.002384502628417,11
0.8514711400801168,1.2933996950059825,11
0.9302593046802932,1.328580072313448,11
0.8572913827478245,1.222441455076287,11
0.8848877602282579,1.0442800995925592,11
0.8528589617780871,1.2559166047288532,11
0.9882400256571691,1.114243977199906,11
0.8025011262973901,1.2991647045727455,11
0.9021121375073687,1.2323850795031663,11
0.8793384833902478,1.1349661122559807,11
0.946426851269151,1.0023845026284224,11
0.8514711400801168,1.293399695005983,11
0.930259304680262,1.3285800723134589,11
0.8572913827478306,1.222441455076285,11
0.8848877602282449,1.0442800995925696,11
-1.2609068076438938,-0.8311022560948151,67
-1.2598773497692717,-0.661830592812837,67
-1.2370086232940012,-0.4143740343469866,67
-1.2273782473691208,-0.8708908480629917,67
-1.2609068082691204,-0.8311022539956336,67
-1.2598773439304891,-0.6618306153401344,67
-1.2370086232943582,-0.41437403434177067,67
-1.2273782318050859,-0.8708909046810445,67
2.04296885542421,2.2078514557733793,1
1.9540346184495891,2.163071040997327,1
2.0190492013134307,2.1766123804827258,1
1.993973538544875,2.1931757610193903,1
1.909036998402792,2.068871783393084,1
1.9922319118039065,2.2541452735366705,1
1.9251934017694299,2.2492201778115843,1
1.9921648871577615,2.230362329705914,1
1.910364533521766,2.321536075472971,1
1.8528671687183993,2.163703997300134,1
-1.1665578456067651,-1.2815804257397756,67
-1.2964346496812704,-1.002683235741538,67
-1.2600846328982924,-0.7512569002910832,67
-1.2844770942523414,-0.36451434240844005,67
-1.2323551146866698,-0.8949567168696679,67
-1.1665583364972483,-1.281579509560935,67
-1.2964346458157492,-1.0026832484438846,67
-1.2600846488875013,-0.7512568295723232,67
-1.2844770942486745,-0.36451434264968896,67
-1.2323551132702615,-0.8949567217714947,67
-0.38060770086345047,-0.9053692960000542,64
-0.36193568988898933,-0.8908575831090869,64
-0.3824356305572705,-0.7796949404455228,64
-0.3615941931186668,-0.8420783857331335,64
-0.38060770086345025,-0.9053692960000542,64
-0.3619356898889897,-0.890857583109086,64
-0.38243563055727114,-0.7796949404455229,64
-0.3615941931186669,-0.8420783857331339,64
2.2987462538481136,1.1485706354208232,7
2.3166000816855536,0.9732306783108937,7
2.33297898425179,0.990871590950652,7
2.335080170380224,1.0215573037884154,7
2.257489866238606,0.9458472458146302,7
2.2778626177986685,1.136082308070419,7
2.368034435595598,1.0725358705824963,7
2.365236890757498,0.9709436820850444,7
2.354969376606804,1.0844410071121073,7
2.2770730704042443,0.9533240676171654,7
-0.24094622817591813,-1.0314274615399268,64
-0.42635192680314765,-0.9388253193870635,64
-0.37554430438240216,-0.867914033707116,64
-0.3602278850867524,-0.7324393683173831,64
-0.3084489817259574,-0.8272574585062727,64
-0.24094622817591838,-1.031427461539926,64
-0.4263519268031479,-0.9388253193870635,64
-0.3755443043824025,-0.8679140337071148,64
-0.36022788508675213,-0.732439368317383,64
-0.30844898172595764,-0.8272574585062729,64
-0.2651701835316331,-0.8376875740678464,64
-0.45058516170178764,-0.7350679595510077,64
-0.33190246833055304,-0.698705738147579,64
-0.3373825656481237,-0.5684532344749141,64
-0.3277319005201719,-0.7522117317508921,64
-0.2651701835316331,-0.8376875740678472,64
-0.4505851617017872,-0.7350679595510079,64
-0.3319024683305529,-0.6987057381475791,64
-0.33738256564812347,-0.568453234474914,64
-0.3277319005201719,-0.7522117317508923,64
2.2834237990125428,0.9410426343305962,7
2.360568190371794,0.8401981500628982,7
2.2108355621344074,0.9785525089291102,7
2.2147335736546356,0.8421301260643911,7
2.308187401922353,0.850580043369472,7
2.227994064681046,0.7184815888611361,7
2.3767087605887234,0.9849364782830026,7
2.3810472221844448,0.9336558834986879,7
2.1992313320099965,0.8871280721239879,7
2.239804658527647,0.7538230176591624,7
2.283423799012542,0.9410426343305955,7
2.3605681903717963,0.8401981500628971,7
2.2108355621344096,0.978552508929108,7
2.214733573654636,0.842130126064391,7
2.308187401922352,0.8505800433694717,7
2.2279940646810448,0.7184815888611387,7
2.37670876058872,0.9849364782830117,7
2.3810472221844465,0.9336558834986881,7
2.199231332009993,0.8871280721239894,7
2.2398046585276457,0.7538230176591626,7
-0.6060865899965656,-1.863402597293582,63
-0.5670236215447536,-1.893419216852379,63
-0.585562194469816,-1.7445496186596292,63
-0.5351458952117613,-1.8388156749122502,63
-0.6060865899965655,-1.8634025972935793,63
-0.567023621544754,-1.8934192168523774,63
-0.5855621944698169,-1.7445496186596305,63
-0.5351458952117613,-1.8388156749122502,63
3.0183212584516794,1.5355731640744432,4
2.986010493497818,1.3775036574914619,4
3.014969930847278,1.4057133808728277,4
3.032339492125366,1.4308750997275217,4
2.9535682670121526,1.3690510622817305,4
3.0106317406994227,1.5560102517746695,4
2.9308079885763743,1.5297719597266242,4
2.946138477354937,1.4594851956833947,4
2.959404482597376,1.551216184315706,4
2.8553981610123396,1.4205751553870085,4
-0.5208389245771983,-2.1504706809925613,63
-0.6731210276373135,-1.8524664544217295,63
-0.5700059011529564,-1.8827849787723856,63
-0.5600692264476871,-1.6936821694556397,63
-0.499694187731084,-1.7205149972623008,63
-0.5208389245771982,-2.1504706809925627,63
-0.6731210276373135,-1.8524664544217295,63
-0.5700059011529561,-1.8827849787723825,63
-0.5600692264476868,-1.6936821694556385,63
-0.4996941877310843,-1.7205149972623008,63
-0.7786880905971975,-0.31653029791373216,66
-0.8385024530134492,-0.22849227443771103,66
-0.7825931244975529,-0.17683090695019826,66
-0.8263035863329639,-0.17430054868787898,66
-0.7786880905971955,-0.3165302979137424,66
-0.8385024530136255,-0.22849227443729184,66
-0.7825931244975527,-0.17683090695019824,66
-0.8263035863329576,-0.17430054868789147,66
1.484182546981379,1.7113419063132083,14
1.3787608850374131,1.5629840274462092,14
1.4095567008412662,1.5497735415758493,14
1.359075187057124,1.5954523029060301,14
1.3333059286716362,1.5109658584535748,14
1.4993917926035234,1.7256892113566702,14
1.453539825516411,1.6952540208983367,14
1.4142934512483847,1.5863620429359264,14
1.3476960345634184,1.675486896205314,14
1.3362700312759481,1.5445849477724447,14
-0.6531997695391192,-0.6866833550366291,66
-0.7568065694694682,-0.39850042129011787,66
-0.8464473716641987,-0.2579315848822532,66
-0.7379538690502637,-0.17303115230465374,66
-0.7822926578500066,-0.2245410746525918,66
-0.6531997695391984,-0.6866833550360268,66
-0.7568065694694682,-0.3985004212901168,66
-0.8464473716600129,-0.25793158489332196,66
-0.7379538690502639,-0.17303115230465377,66
-0.7822926578499638,-0.2245410746526951,66
-0.7114908270492114,-0.3169089609830162,66
-0.8445302740285636,-0.13825963830563645,66
-0.8615647072134557,-0.11465188823762784,66
-0.7323875264656888,-0.034819072994749026,66
-0.7652520727534788,-0.21484782832414742,66
-0.7114908270492112,-0.3169089609830163,66
-0.8445302740285627,-0.13825963830563603,66
-0.8615647072134548,-0.11465188823762801,66
-0.732387526465689,-0.034819072994749095,66
-0.7652520727534782,-0.21484782832414798,66
1.4569514034598348,1.6218446384462062,14
1.55228373107318,1.4734706533044246,14
1.39662869887384,1.6524615240985359,14
1.4339656116620763,1.4990962133908317,14
1.4291770220279751,1.5110235708819895,14
1.4669067206976205,1.3161549783179205,14
1.4684205626681799,1.6371144376675186,14
1.4768178644408942,1.6197833902807215,14
1.4074267346327796,1.5295476999326725,14
1.3966091036763395,1.3195476605368885,14
1.4569514034598332,1.6218446384462057,14
1.55228373107318,1.473470653304427,14
1.3966286988738408,1.6524615240985354,14
1.4339656116620747,1.4990962133908317,14
1.4291770220279734,1.51102357088199,14
1.466906720697619,1.3161549783179196,14
1.4684205626681812,1.637114437667518,14
1.4768178644408931,1.6197833902807206,14
1.40742673463278,1.529547699932671,14
1.3966091036763384,1.3195476605368883,14
-0.9025964907654476,-1.1487563106328935,65
-0.9067943709660541,-1.2980593483112957,65
-0.8885304936887243,-0.9279845389381769,65
-0.8994345843378381,-1.2758210839976845,65
-0.9025964907340872,-1.1487563109090289,65
-0.9067943928884177,-1.2980592828185782,65
-0.8885304936894635,-0.9279845389433337,65
-0.8994345814826991,-1.2758210944619544,65
2.306155800828744,2.3961985397424983,0
2.215590250722405,2.3236645644431038,0
2.2589678494020498,2.3178642458134973,0
2.234668494682655,2.361612948206544,0
2.1829756049862756,2.2502168626202783,0
2.3179589465845543,2.4287273018938618,0
2.289111059362249,2.4501986874791615,0
2.2842672855160218,2.382434450149859,0
2.2449329006919596,2.4699742140561054,0
2.1805688255864006,2.3219521664346683,0
-0.780814273352686,-1.943082651762313,65
-0.9359648817956379,-1.2479833045241737,65
-0.8985010075992458,-1.2750112691309607,65
-0.8912340517172528,-0.9114013976586138,65
-0.8443454847832387,-1.2323210682735917,65
-0.7808142733538074,-1.9430826517608106,65
-0.9359648817960728,-1.247983304522359,65
-0.8985009534237723,-1.2750114741279495,65
-0.8912340517406933,-0.9114013978038392,65
-0.8443455149270628,-1.2323209634143801,65
1.9090036510774024,-1.6898338218007678,43
2.056323973783465,-1.6302938590286886,43
2.043008164684154,-1.7335885455823228,43
1.9029724393630836,-1.5561584446009837,43
1.9090036510774036,-1.689833821800769,43
2.056323973783465,-1.6302938590286893,43
2.043008164684151,-1.7335885455823248,43
1.9029724393630856,-1.5561584446009857,43
1.4119449263457917,-3.090280555266796,51
1.6203959258613037,-2.687328772389808,51
1.4672026211418887,-2.881577787211973,51
1.6865259543721263,-2.8006250983667456,51
1.51894138990278,-3.0597232100671414,51
1.5786205310844363,-2.7886619310087606,51
1.6349797808194027,-2.632762873772004,51
1.6932532811453944,-2.6292152761665677,51
1.7241226931475822,-2.5575385220276097,51
1.5810350749959448,-2.8919543767011193,51
1.9684080260601031,-1.6141645094770447,43
1.8842005545078835,-1.5667056998448912,43
1.925119967708106,-1.5545364290137234,43
1.9989207008398875,-1.6605024266543607,43
1.8522740035704213,-1.5901932867003625,43
1.9684080260601027,-1.614164509477045,43
1.8842005545078833,-1.566705699844892,43
1.9251199677081057,-1.5545364290137227,43
1.9989207008398866,-1.66050242665436,43
1.8522740035704224,-1.5901932867003643,43
2.1217136891980184,-1.7821343499072708,43
1.921020768527566,-1.8179763475200963,43
1.9857559921863654,-1.6991902773416447,43
2.115068389379161,-1.8244529188909688,43
2.0182178407285867,-1.7156553100137204,43
2.1217136891980197,-1.7821343499072715,43
1.9210207685275658,-1.8179763475200936,43
1.9857559921863668,-1.6991902773416456,43
2.1150683893791613,-1.8244529188909697,43
2.0182178407285893,-1.715655310013721,43
1.5634176481195943,-2.8620075794133784,51
1.6049099812810033,-2.9312695109702935,51
1.5168900967333678,-2.731778010011577,51
1.702617396698117,-2.70013474741465,51
1.5273110899532392,-2.6950415964008907,51
1.715130079271523,-2.7215071146542473,51
1.4733693091153102,-2.771016865563153,51
1.740580957603458,-2.7997976789376637,51
1.62165632809298,-2.7710529943667486,51
1.8016007674937777,-2.830066588595739,51
1.5634176506628372,-2.862007578074473,51
1.6049099808286231,-2.9312695112136966,51
1.5168901512691617,-2.7317779791054173,51
1.7026173971955276,-2.7001347470802277,51
1.52731107181707,-2.6950416072852925,51
1.715130040789531,-2.721507140321361,51
1.4733693087263826,-2.7710168657755405,51
1.7405808948938144,-2.7997977190473025,51
1.62165632581252,-2.7710529956938923,51
1.8016007683032418,-2.830066588088858,51
-0.8598797587973284,-1.125219104453543,62
-0.7783705853581923,-1.0286049039690675,62
-0.8202840234486137,-0.9808510016383004,62
-0.7864946049504274,-1.0440811994507335,62
-0.8598797587973297,-1.125219104453544,62
-0.778370585358192,-1.0286049039690683,62
-0.8202840234486144,-0.9808510016383006,62
-0.7864946049504269,-1.0440811994507326,62
1.715066489095407,0.35843930017622677,6
1.7821881778255964,0.20305194290499506,6
1.8310390384073396,0.21523807733341155,6
1.8503802165436365,0.2382420559366033,6
1.8380900574665775,0.1965160815215633,6
1.6742330333967217,0.3631627773861089,6
1.752664869845586,0.2655880958210708,6
1.7465890712779835,0.23405138090389987,6
1.7699896435094957,0.27238502498702855,6
1.7840791100521172,0.1780171343219301,6
-0.6864138244038324,-1.2349532560615242,62
-0.8486616228515519,-1.2828861289748612,62
-0.8065977187032234,-1.0572668768691564,62
-0.8123263615863959,-0.9496827491119533,62
-0.7391234694963372,-1.055547692208185,62
-0.6864138244038323,-1.2349532560615235,62
-0.8486616228515514,-1.2828861289748612,62
-0.8065977187032237,-1.0572668768691569,62
-0.8123263615863957,-0.9496827491119533,62
-0.7391234694963379,-1.0555476922081863,62
-0.6791496451833324,-1.3710106064800403,62
-0.8743323220832612,-1.060230387166124,62
-0.7579533624148773,-0.9737732102905787,62
-0.7392491867901706,-0.8577350188103606,62
-0.7681693603453454,-1.0658822135288368,62
-0.6791496451833322,-1.3710106064800405,62
-0.8743323220832617,-1.0602303871661234,62
-0.7579533624148777,-0.9737732102905767,62
-0.7392491867901698,-0.8577350188103606,62
-0.7681693603453434,-1.065882213528835,62
1.7031895417164893,0.28154829598012726,6
1.8599325088736662,0.16001043360439426,6
1.7069888410737306,0.25935713237754593,6
1.7531567579867182,0.16122143629473357,6
1.7306204616307364,0.1350791395314436,6
1.7018625261184628,0.08057257522007356,6
1.7599234974558366,0.2281705527860021,6
1.8896995902873026,0.1917566646089237,6
1.67975842475417,0.21379075202665948,6
1.7421537797065405,0.09217777182850302,6
1.7031895417164897,0.2815482959801276,6
1.8599325088736656,0.16001043360439407,6
1.706988841073732,0.25935713237754593,6
1.7531567579867187,0.16122143629473346,6
1.7306204616307383,0.13507913953144365,6
1.7018625261184623,0.08057257522007358,6
1.7599234974558362,0.2281705527860019,6
1.8896995902873015,0.1917566646089238,6
1.6797584247541701,0.21379075202665965,6
1.7421537797065398,0.09217777182850306,6
-0.9201566022761625,-1.6727273709611246,61
-0.8522963490196042,-1.651839123946088,61
-0.9253160773275277,-1.5753232934140595,61
-0.8343243360154231,-1.646868597370503,61
-0.9201566022761639,-1.6727273709611246,61
-0.8522963490196045,-1.6518391239460875,61
-0.9253160773275275,-1.5753232934140589,61
-0.8343243360154234,-1.6468685973705033,61
2.5046245604355537,0.5359346830602721,3
2.3855873036535438,0.41245885456336334,3
2.47355912613857,0.42385617916848767,3
2.449545734595972,0.4461926646606973,3
2.3667320598415835,0.39760789807205693,3
2.401859459922982,0.5777286603585576,3
2.3096610735477663,0.5146643295197806,3
2.3847971144399764,0.45650589480950937,3
2.3193934941620964,0.5352609176594917,3
2.2459740816633453,0.45677571688849683,3
-0.7990067600268611,-1.7274367488246913,61
-0.9243045041199945,-1.726547959582779,61
-0.8967647303151067,-1.594813778215408,61
-0.9485356949077578,-1.5485493176446512,61
-0.8270272938794768,-1.5731368727080606,61
-0.7990067600268631,-1.7274367488246918,61
-0.9243045041199954,-1.7265479595827793,61
-0.8967647303151073,-1.594813778215407,61
-0.948535694907758,-1.5485493176446503,61
-0.8270272938794778,-1.5731368727080604,61
-1.8038654870461226,0.4094607887498439,68
-1.792714324961364,0.49981770025743755,68
-1.7546459477725156,0.4426948020988661,68
-1.7747021577608777,0.4387644922099701,68
-1.8038654870460822,0.4094607887496693,68
-1.7927143249613648,0.49981770025743766,68
-1.7546459477725163,0.4426948020988672,68
-1.7747021577608557,0.43876449220988334,68
0.5646342880701375,1.2690186101330199,11
0.48258463237275206,1.1340930587512557,11
0.5563043027620378,1.1503709052925613,11
0.5222543575065791,1.183002465754971,11
0.49266368362968604,1.0677692233128095,11
0.5317473953556754,1.3739591832335818,11
0.52561913178057,1.2465340305879078,11
0.5212942164220037,1.2242222769857525,11
0.48442448451946823,1.2962830202833033,11
0.4684535185803026,1.1179798194415376,11
-1.4513207100740295,-0.011820638878125928,68
-1.7571334493114303,0.24427583214523582,68
-1.8110877005808041,0.4532936765038356,68
-1.6209905081904765,0.35772923857943817,68
-1.6330320250984431,0.319257612272847,68
-1.451320710074012,-0.011820638878180911,68
-1.7571334493022193,0.24427583211211376,68
-1.8110877005807835,0.45329367650373154,68
-1.620990508190479,0.35772923857943845,68
-1.6330320250983132,0.31925761227234417,68
-1.4580751008358326,0.1259979463090684,68
-1.6781460888569517,0.2189251311484631,68
-1.6543674197409617,0.43916631722885296,68
-1.490283195897113,0.25826969700601,68
-1.5254918356552953,0.17303734128263248,68
-1.4580751008358297,0.12599794630906266,68
-1.678146088856953,0.21892513114849776,68
-1.6543674197409624,0.43916631722885247,68
-1.490283195897112,0.2582696970060091,68
-1.5254918356553007,0.17303734128264703,68
0.5569716117322067,1.1747734137994947,11
0.6142075771375606,1.0322124278070772,11
0.479582910170784,1.24162601781413,11
0.4654876320783795,1.1454047621552124,11
0.47238516815209347,1.0425606464409347,11
0.541404176534035,0.9336655727032384,11
0.46297435834598305,1.1979822564874807,11
0.4873090800089823,1.1988468402972279,11
0.4912218461624708,1.1059628049317392,11
0.48084695559413415,0.9583409503712689,11
0.5569716117322073,1.1747734137994952,11
0.6142075771375602,1.0322124278070774,11
0.47958291017078736,1.2416260178141287,11
0.46548763207823735,1.1454047621552519,11
0.4723851681520938,1.0425606464409356,11
0.5414041765340427,0.9336655727032349,11
0.46297435834598283,1.1979822564874798,11
0.48730908000898426,1.198846840297227,11
0.49122184616247094,1.1059628049317385,11
0.48084695559412977,0.9583409503712701,11
-1.4258370203385036,-0.6133572460977603,67
-1.4280159615084917,-0.503146699776085,67
-1.422471283299538,-0.4754992599493506,67
-1.3993335700203022,-0.5557259441012944,67
-1.4258370203384312,-0.6133572460980949,67
-1.4280159615098516,-0.5031466997668491,67
-1.4224712832995905,-0.475499259948945,67
-1.399333570017804,-0.5557259441168151,67
1.7754820706119452,2.0761850290029438,1
1.7160934522241098,1.9992259978409983,1
1.7876237188562116,2.0181200157319132,1
1.76423036430494,2.02210597338659,1
1.678232465241914,1.871762596876585,1
1.7282745907146342,2.127652585782582,1
1.6868351364651055,2.06385564482321,1
1.744144966694147,2.0578808584799093,1
1.6734190940104845,2.145897975360267,1
1.6177016416405148,2.0030411612604486,1
-1.2830406264781613,-0.894640562182221,67
-1.4108328811809359,-0.9244697498138619,67
-1.442313273889332,-0.48570577286245387,67
-1.4277649166270305,-0.41099402923072925,67
-1.389127373019128,-0.5449675283266915,67
-1.2830406263761418,-0.8946405624401482,67
-1.4108328810042803,-0.9244697503323174,67
-1.4423132738901554,-0.4857057728557269,67
-1.4277649166270296,-0.41099402923069445,67
-1.3891273730174645,-0.5449675283371024,67
-0.5836080359713023,-0.9056800705235692,64
-0.5415968689702312,-0.863684208111523,64
-0.5928617299397312,-0.831963525071172,64
-0.531375164787852,-0.8771904235953706,64
-0.5836080359713022,-0.905680070523568,64
-0.5415968689702317,-0.8636842081115231,64
-0.5928617299397312,-0.831963525071172,64
-0.5313751647878522,-0.8771904235953706,64
1.9805192193399321,0.9741253914989155,7
1.9061195302512328,0.8373519604244837,7
1.92532260328254,0.8390272023320763,7
1.939218619877556,0.8616629036697521,7
1.9016916099743704,0.7960321231755662,7
1.955987729904205,1.0015648901577114,7
1.9247702419033137,0.9181696816742189,7
1.9402353115303705,0.8428416458235521,7
1.9288494908210005,0.9130939936793825,7
1.8827418019068436,0.7951044601281757,7
-0.3904986518100924,-0.9812129184343145,64
-0.5861423708277411,-0.9898945551564731,64
-0.5526521477926848,-0.8758449793382175,64
-0.5844881360765235,-0.7538652411185254,64
-0.4884323718550682,-0.8392567081289117,64
-0.3904986518100932,-0.9812129184343151,64
-0.5861423708277412,-0.9898945551564743,64
-0.5526521477926852,-0.875844979338218,64
-0.5844881360765236,-0.7538652411185258,64
-0.4884323718550686,-0.8392567081289123,64
-0.4198822569579108,-0.8291567340284556,64
-0.6070852370654206,-0.8346419558037506,64
-0.48173007473469875,-0.7600146407713838,64
-0.5405921665660749,-0.7014692981306659,64
-0.47788096395343527,-0.8230625070008946,64
-0.4198822569579107,-0.8291567340284557,64
-0.6070852370654208,-0.8346419558037503,64
-0.48173007473469853,-0.7600146407713846,64
-0.5405921665660745,-0.701469298130665,64
-0.4778809639534354,-0.8230625070008943,64
1.92523769967403,0.8218810048473946,7
2.045104137262535,0.7005493975688805,7
1.8621678043666667,0.8337380567966435,7
1.9113118894790246,0.7057708377827767,7
1.899662796171987,0.7306659351594762,7
1.9097374784452577,0.6030338210707462,7
1.9462909335971594,0.8585136063796022,7
1.9901288768002037,0.8257168869541605,7
1.8586206759751815,0.7610879673662747,7
1.9433697448098823,0.6251327378168188,7
1.925237699674029,0.8218810048473958,7
2.0451041372625345,0.7005493975688806,7
1.8621678043666685,0.8337380567966438,7
1.9113118894790249,0.705770837782776,7
1.899662796171987,0.730665935159475,7
1.9097374784452585,0.6030338210707457,7
1.9462909335971605,0.8585136063796017,7
1.9901288768002041,0.8257168869541593,7
1.858620675975181,0.7610879673662759,7
1.943369744809881,0.6251327378168183,7
-0.7128998187406986,-1.65315695240029,63
-0.6577160307418763,-1.6929453465846318,63
-0.7190605320637429,-1.6229815315330747,63
-0.6258527961179232,-1.6437458980170057,63
-0.712899818740698,-1.65315695240029,63
-0.657716030741876,-1.6929453465846314,63
-0.719060532063743,-1.622981531533075,63
-0.6258527961179233,-1.6437458980170068,63
2.74395263948485,1.4312220945015304,4
2.6683260994132922,1.2107962634020093,4
2.7105058770037127,1.2159521335352994,4
2.71415121979563,1.2288198894881857,4
2.6599649080478263,1.154327836412747,4
2.73125097098534,1.428707319243217,4
2.67918765135001,1.3350838989015446,4
2.6792749054354394,1.2746653434633117,4
2.654703188728324,1.3422904028471891,4
2.604599363565321,1.225304884631132,4
-0.5820157730369402,-1.9165811633052439,63
-0.7422352171647032,-1.679677735100952,63
-0.6813140246996386,-1.6342612076346668,63
-0.7334461063985112,-1.593714498951393,63
-0.6144198260036051,-1.557324638019134,63
-0.5820157730369405,-1.9165811633052423,63
-0.7422352171647033,-1.6796777351009509,63
-0.6813140246996386,-1.6342612076346656,63
-0.7334461063985114,-1.5937144989513927,63
-0.6144198260036045,-1.5573246380191343,63
-0.9733362104797528,-0.34545860284155167,66
-0.9876433004950285,-0.2531815471943607,66
-0.9758509503823065,-0.2456922724712217,66
-0.9721576479907258,-0.2474416176400745,66
-0.9733362104797543,-0.34545860284155133,66
-0.9876433004950269,-0.25318154719436037,66
-0.975850950382306,-0.2456922724712218,66
-0.9721576479907258,-0.2474416176400746,66
1.0287141433152451,1.5157374919139144,14
0.8925375996005694,1.3605993182547507,14
0.9396674568733834,1.3403326705316263,14
0.9240471624340993,1.394806081446472,14
0.8782968942449195,1.3199967116999842,14
1.0435082155552167,1.565765772382067,14
1.0039333019173429,1.4723487834199231,14
0.9426214900534763,1.3967683764892214,14
0.9428158799288479,1.4650048809212821,14
0.8674566047279164,1.3353456487021231,14
-0.8236382172227735,-0.674703176440838,66
-0.9560455670359014,-0.37854233265961956,66
-0.99872784177362,-0.24112252551218982,66
-0.9415656440357286,-0.18413811180025264,66
-0.9032909739127704,-0.23517904320296515,66
-0.823638217222771,-0.6747031764408382,66
-0.9560455670359032,-0.37854233265961784,66
-0.9987278417736203,-0.24112252551219007,66
-0.9415656440357282,-0.18413811180025286,66
-0.9032909739127694,-0.23517904320296504,66
-0.8420778127027058,-0.3395103514592855,66
-1.0774829078942476,-0.2583340983485956,66
-0.9721138798529008,-0.1760787049187127,66
-0.942034329586643,-0.16138519851408129,66
-0.8797161527861835,-0.2870695771038284,66
-0.8420778127027053,-0.339510351459286,66
-1.0774829078942474,-0.2583340983485954,66
-0.9721138798529015,-0.17607870491871258,66
-0.942034329586643,-0.1613851985140815,66
-0.879716152786184,-0.2870695771038286,66
1.07014467842741,1.4104295697638316,14
1.1518840965439208,1.2626210750081341,14
1.012133804997713,1.4057075454260104,14
1.00770420654139,1.2774860107274186,14
0.962507814161388,1.2762901737960755,14
1.0366004424623683,1.1175730121178395,14
0.9694620983588875,1.4237518019891524,14
1.041480103677388,1.39614986688001,14
0.9568382932780951,1.2983296440104095,14
0.9615980663523246,1.1154824910974988,14
1.0701446784274113,1.4104295697638314,14
1.1518840965439214,1.2626210750081346,14
1.0121338049977135,1.4057075454260106,14
1.0077042065413895,1.2774860107274177,14
0.9625078141613883,1.276290173796076,14
1.0366004424623676,1.1175730121178395,14
0.9694620983588884,1.4237518019891515,14
1.0414801036773877,1.3961498668800147,14
0.956838293278097,1.2983296440104086,14
0.9615980663523251,1.1154824910974985,14
-1.057282913776163,-0.9813065395349958,65
-1.0649024880853404,-1.007882694065126,65
-1.0769658191446698,-0.9251568064763687,65
-1.0554439943252651,-1.027972465665755,65
-1.0572829137761635,-0.9813065395349981,65
-1.0649024880851903,-1.0078826940662873,65
-1.07696581914467,-0.925156806476376,65
-1.0554439943253673,-1.0279724656650036,65
1.9411874538112959,2.2716921106432872,0
1.8623811309444716,2.1504292600607395,0
1.9043275370907247,2.1355371775429597,0
1.9153792049612564,2.18704576375485,0
1.8500704279609494,2.0568531568658237,0
1.9394680345710629,2.3144049541394756,0
1.9298480940597182,2.283013795592248,0
1.9087756600403292,2.2262649414045272,0
1.8976620240643407,2.291867132960199,0
1.8568358334587056,2.145217923449923,0
-1.001860672257484,-1.4821314627070017,65
-1.0806561337396101,-1.0844006037565308,65
-1.0500159024013713,-0.9892162364573853,65
-1.0593804296266989,-0.8515293381793486,65
-0.9611054796635001,-0.891792656563976,65
-1.0018606723747536,-1.4821314623878912,65
-1.0806561337396103,-1.0844006037565297,65
-1.0500159024013709,-0.9892162364573861,65
-1.059380429626698,-0.8515293381793724,65
-0.9611054796634999,-0.8917926565639631,65
2.051599686588162,-1.704549802306302,43
2.1508403128604763,-1.5728391069150347,43
2.1699475423690386,-1.7157959152793836,43
2.056135607395672,-1.5523650119147485,43
2.051599686588162,-1.704549802306303,43
2.1508403128604763,-1.5728391069150356,43
2.169947542369038,-1.7157959152793818,43
2.0561356073956714,-1.5523650119147472,43
1.3592398526290208,-2.884821166311516,51
1.5332596062721446,-2.447551831401664,51
1.4499184792183772,-2.667458275607746,51
1.6133475050274935,-2.602446756937277,51
1.5346535105217036,-2.905165185407967,51
1.4736618669631005,-2.5712661352416264,51
1.5705482534215895,-2.3186930754727406,51
1.658194921271892,-2.3315981136782558,51
1.6131505494256748,-2.3305411605036226,51
1.637164226111588,-2.5926502092702037,51
2.1787493382565084,-1.6680143626244044,43
1.987931515579418,-1.5632431011854404,43
2.097543581046296,-1.5524191252964903,43
2.1583257941703464,-1.6776302372450251,43
2.0411237032598772,-1.6445503522634932,43
2.1787493382565093,-1.6680143626244028,43
1.9879315155794182,-1.5632431011854397,43
2.0975435810462963,-1.5524191252964894,43
2.1583257941703473,-1.6776302372450267,43
2.041123703259878,-1.6445503522634919,43
2.310085022891183,-1.72896289622871,43
2.1261447410360392,-1.7337657379169982,43
2.2006785707691345,-1.610387053333295,43
2.3342729336827195,-1.744258710831633,43
2.239793155451097,-1.667274760574274,43
2.3100850228911822,-1.7289628962287105,43
2.126144741036035,-1.733765737916999,43
2.2006785707691336,-1.6103870533332947,43
2.334272933682721,-1.744258710831635,43
2.239793155451098,-1.6672747605742742,43
1.47894448749001,-2.7026996621074937,51
1.583609894460309,-2.7582657006698534,51
1.4181942967190453,-2.594115623753489,51
1.7262714675772912,-2.511486825723859,51
1.4629579296965525,-2.4525481103862106,51
1.6951989321520688,-2.4323346685434624,51
1.3636224002067507,-2.5462341697264246,51
1.788246367336348,-2.5992322944194832,51
1.6015963224448369,-2.579905057045854,51
1.8026388849654713,-2.624548271655359,51
1.4789444896017827,-2.702699660867467,51
1.5836098946752108,-2.7582657005423403,51
1.418194296603534,-2.5941156238261445,51
1.7262714677212097,-2.51148682560653,51
1.4629579299470636,-2.4525481102051567,51
1.6951989321555239,-2.4323346685404617,51
1.363622400127138,-2.546234169775964,51
1.7882463673340523,-2.5992322944213213,51
1.6015963248132878,-2.579905055384728,51
1.8026388846559422,-2.624548271896073,51
-1.3710892013250604,-0.6973825721641789,62
-1.3158869489429323,-0.6969884075673524,62
-1.3842041651866617,-0.7044838829039901,62
-1.3358995259004687,-0.6392076851089505,62
-1.371089201621148,-0.6973825714536682,62
-1.3158869489393243,-0.6969884075768769,62
-1.3842041652442734,-0.7044838827653457,62
-1.3358995259141435,-0.6392076850709169,62
1.4735657837802771,0.4151843200606425,5
1.46260975460213,0.27852332336657415,5
1.5246529251023475,0.33141210382328823,5
1.4834777142456774,0.34854822446333883,5
1.5206355103600366,0.3043125206217242,5
1.4719628474304756,0.43641366077329385,5
1.3527807149601332,0.4323039485783102,5
1.415950368581817,0.36214965786997294,5
1.3737525391677854,0.44129031112170536,5
1.4296619071927217,0.3604599751538657,5
-1.128146653549264,-0.7616045995251001,62
-1.2817799289607785,-0.9791139466804009,62
-1.3147348049709675,-0.7457102561551123,62
-1.346479196824496,-0.6147081558307589,62
-1.2224589647824469,-0.7553089457074983,62
-1.1281466535492974,-0.7616045995250148,62
-1.2817799288785496,-0.9791139468703182,62
-1.3147348049630776,-0.7457102561752269,62
-1.3464791968518601,-0.6147081557564782,62
-1.22245896478496,-0.7553089457008649,62
-1.0746290927948297,-0.6883966362613636,62
-1.3535967320992115,-0.6162348700306104,62
-1.1461846227968613,-0.5878025669701527,62
-1.2111730268437015,-0.606942532267914,62
-1.1531521863201593,-0.7516949572415211,62
-1.074629092794867,-0.6883966362612937,62
-1.3535967320981843,-0.6162348700336189,62
-1.146184622796684,-0.5878025669705899,62
-1.2111730268437515,-0.6069425322677751,62
-1.1531521863201688,-0.7516949572414953,62
1.3278870632125135,0.4832393141599074,5
1.3905922595109301,0.4056233773693401,5
1.3816008306890044,0.40117068429652203,5
1.22549194811623,0.35671423410607356,5
1.4473427428054193,0.3765263761321173,5
1.3430843310376483,0.2617487144241962,5
1.4909229833988091,0.44869118607544844,5
1.4875611406046967,0.4634563023282201,5
1.3047465101596325,0.39558343323428863,5
1.2613716149033811,0.3221361477738907,5
1.327887063212513,0.4832393141599074,5
1.3905922595109306,0.40562337736934,5
1.3816008306890037,0.40117068429652214,5
1.2254919481162063,0.3567142341060933,5
1.447342742805419,0.3765263761321179,5
1.3430843310376468,0.2617487144241963,5
1.4909229833988087,0.4486911860754479,5
1.4875611406046951,0.4634563023282203,5
1.3047465101596332,0.39558343323428885,5
1.261371614903381,0.32213614777389077,5
-1.3276060812608956,-1.354267958534764,61
-1.2864659602162756,-1.2628409839503667,61
-1.3022126774419047,-1.332647186015578,61
-1.2546187201787702,-1.3470760203263508,61
-1.3276060812608481,-1.354267958534847,61
-1.2864659602162296,-1.262840983950457,61
-1.302212677442098,-1.3326471860152256,61
-1.25461872017858,-1.3470760203266854,61
2.1756374979859943,0.5914892731925444,3
2.0205784637286235,0.516092192279778,3
2.1406582329524033,0.49401295755418323,3
2.0552012324829305,0.5702687196231264,3
2.026885405826568,0.5558904444673255,3
2.1682506503852808,0.6332049590600625,3
2.025889780765928,0.6239486623535891,3
2.1024904206087567,0.5119482688273985,3
2.0512216986079235,0.6599830843360687,3
2.0350929796183252,0.5920875029926931,3
-1.1477472271627176,-1.3614443089578812,61
-1.2712821549129267,-1.4862891223231667,61
-1.2170552036115998,-1.3121937193596194,61
-1.2611241103027804,-1.2872108150846486,61
-1.1490862160577267,-1.3910870547528582,61
-1.1477472271627231,-1.3614443089578747,61
-1.2712821549129552,-1.4862891223231243,61
-1.2170552036114903,-1.3121937193598283,61
-1.2611241103027808,-1.2872108150846464,61
-1.1490862160578226,-1.3910870547527134,61
-2.20651149038067,1.0353245354423022,68
-2.199124069038225,1.013337248821597,68
-2.2081196871090274,1.0799427026462445,68
-2.2225222228356185,1.0253273348470084,68
-2.2065114903806693,1.0353245354423033,68
-2.1991240690382243,1.0133372488215964,68
-2.208119687109028,1.0799427026462434,68
-2.222522222835619,1.0253273348470076,68
0.14099473323517814,1.4978325612455394,10
0.06433639101982125,1.3638290446070334,10
0.16121795936946715,1.4203132166562595,10
0.1086532591417965,1.4399717807097616,10
0.07058977816617247,1.4282682432821023,10
0.20525051894302593,1.6406566036151218,10
0.09421163179120404,1.4937050762533488,10
0.1615290676499454,1.4823763125795915,10
0.0977586516603646,1.5272682356682572,10
0.0945762316147959,1.4875791903077682,10
-1.9072327641062266,0.7296305327221548,68
-2.218134052382691,0.9922807249393996,68
-2.242332220965369,1.0383384331153132,68
-2.0824830363564897,1.0183399091983112,68
-2.1008168625491357,0.9331800520823917,68
-1.9072327641062248,0.7296305327221546,68
-2.2181340523826902,0.9922807249394001,68
-2.242332220965368,1.0383384331153118,68
-2.0824830363564897,1.0183399091983107,68
-2.1008168625491344,0.9331800520823913,68
-1.834617335896021,0.7470329080306393,68
-2.1042829840514035,0.9608681101784053,68
-2.038153629001166,0.9445865476188865,68
-1.8546817195192151,0.8413404671400666,68
-1.977255794983918,0.7727323730781448,68
-1.8346173358960203,0.7470329080306392,68
-2.104282984051405,0.9608681101784081,68
-2.038153629001163,0.9445865476188859,68
-1.8546817195192127,0.8413404671400675,68
-1.9772557949839173,0.7727323730781434,68
0.03745880592599935,1.5256471497027901,10
0.07047593182034069,1.3635579271668843,10
-0.04564817679578354,1.5255516543987377,10
-0.28238807198500626,1.5506555476222168,10
0.002812578022946474,1.376285623411122,10
-0.03259627448257783,1.3056999831001437,10
0.07581454038537687,1.5696782062529528,10
0.013988723148847618,1.5796601983576686,10
-7.672173653821296e-05,1.4078010578392222,10
-0.07617472442517954,1.3408867582860864,10
0.03745880592618429,1.52564714970281,10
0.0704759318198282,1.363557927166853,10
-0.04564817679551801,1.5255516543987482,10
-0.2823865451837378,1.5506554716672374,10
0.002812578022946986,1.3762856234111247,10
-0.03259627448255573,1.305699983100139,10
0.07581454038564438,1.5696782062529864,10
0.013988723156889513,1.5796601983575647,10
-7.672173654214386e-05,1.4078010578392217,10
-0.07617472442547177,1.3408867582860862,10
-1.78715202071153,0.22877423121872154,67
-1.7635558758371532,0.31060139193772973,67
-1.7764005930840765,0.28073449979457504,67
-1.784565554699162,0.2821195173936317,67
-1.7871520207115337,0.22877423121872326,67
-1.7635558758371535,0.3106013919377314,67
-1.7764005930840756,0.2807344997945868,67
-1.7845655546991643,0.28211951739363583,67
1.4235687432473745,2.2927459646716875,1
1.3092429608505576,2.263039179874073,1
1.3783497497102144,2.2580969691224917,1
1.349210679875086,2.3488066088892694,1
1.2979185450482915,2.2617395810620007,1
1.4020588263328861,2.4235516325863036,1
1.3257851286994455,2.3316017923991685,1
1.3963430662801768,2.3098512115560403,1
1.3297275343326271,2.456144596871315,1
1.2974581447541234,2.3071125065759177,1
-1.584547936683246,0.1471404144549935,67
-1.8095343312227299,0.13268899640685017,67
-1.7384570252109115,0.3107177380778579,67
-1.7280365047309738,0.26771074210221835,67
-1.6991082171999246,0.22417227995439118,67
-1.5845479366832456,0.14714041445499346,67
-1.8095343312227277,0.13268899640684295,67
-1.7384570252109122,0.3107177380778541,67
-1.728036504730974,0.2677107421022185,67
-1.699108217199929,0.22417227995441405,67
-1.024105832388362,-0.5418450452494856,64
-1.038781249772669,-0.502637411216894,64
-1.0832343025978228,-0.5208405201843495,64
-1.0265358185988664,-0.5031287582314703,64
-1.024105832388363,-0.5418450452494864,64
-1.0387812497726685,-0.5026374112168976,64
-1.0832343025978286,-0.5208405201843437,64
-1.026535818598866,-0.5031287582314695,64
1.5997029677345356,1.0903721661341939,12
1.5361360394344075,0.9533387967927376,12
1.609446535373339,1.0288047642845126,12
1.5668553898604243,1.030815169880243,12
1.5603218693385117,1.0328964755440457,12
1.570536516012324,1.1495101518569475,12
1.54871049900651,1.0870734198568521,12
1.5928496053238377,1.017601820341158,12
1.5029291631647468,1.1156425658567537,12
1.521446525127177,1.0327682128197877,12
-0.8736725023865443,-0.4734398499323115,64
-0.9879410970965843,-0.6031987435719272,64
-0.979836385714137,-0.5287889885700537,64
-1.0164974964185947,-0.44609523470072876,64
-0.9258860165688946,-0.5123230533516151,64
-0.8736725023865443,-0.4734398499323112,64
-0.9879410970965848,-0.6031987435719269,64
-0.979836385714137,-0.5287889885700531,64
-1.0164974964185953,-0.4460952347007285,64
-0.9258860165688948,-0.512323053351615,64
-0.8711703010014387,-0.39957257630093723,64
-1.1112674396503683,-0.45931708370506275,64
-0.9021669917564391,-0.4458965957200716,64
-0.9966471243704443,-0.4025637184162443,64
-0.9047188889979256,-0.5294301361441407,64
-0.8711703010014386,-0.3995725763009372,64
-1.111267439650368,-0.45931708370506225,64
-0.9021669917564389,-0.4458965957200717,64
-0.9966471243704452,-0.4025637184162431,64
-0.9047188889979256,-0.5294301361441401,64
1.5184606083396952,1.1121250609520068,12
1.6001192038941394,1.0296381726428327,12
1.5339805437928553,1.0507611401210204,12
1.4007651648531427,0.9299137147251884,12
1.6164489910223474,0.9962181530738149,12
1.5122771630390477,0.8386631047518934,12
1.6436368963441745,1.1099315800957084,12
1.60891686488567,1.289741784364554,12
1.4227925633968699,0.9475444944009638,12
1.4193167119777121,0.8387456109489091,12
1.5184606083396939,1.1121250609520053,12
1.6001192038941567,1.0296381726427943,12
1.533980543792855,1.0507611401210173,12
1.400765164853141,0.9299137147251895,12
1.6164489910223483,0.9962181530738159,12
1.512277163039046,0.8386631047518922,12
1.6436368963441754,1.109931580095705,12
1.608916864885715,1.2897417843644339,12
1.4227925633968672,0.9475444944009641,12
1.419316711977711,0.8387456109489085,12
-1.171223053400621,-1.3383224971566223,63
-1.1427008363661206,-1.227164906485891,63
-1.1920214107181046,-1.3122582059221262,63
-1.138752161586916,-1.2320899722095864,63
-1.1712230534005936,-1.3383224971566725,63
-1.1427008363660067,-1.2271649064861263,63
-1.1920214107186526,-1.312258205921043,63
-1.1387521615868885,-1.2320899722096434,63
2.1235326643684247,1.6292882963747688,4
1.9810372260743792,1.482573368400763,4
2.0518350200729816,1.4869409403250302,4
2.082076189421264,1.6020002652832495,4
1.990601362546199,1.5402395414631522,4
2.0716074760462333,1.6083627008157906,4
1.9898501566456959,1.670684132954624,4
2.01961481209733,1.4838042866248133,4
1.9827733584293838,1.7170315585722935,4
1.926936488413012,1.5518564940253836,4
-0.9825467852840548,-1.1203848110268317,63
-1.1385591063227072,-1.3423806070417252,63
-1.1038416174847694,-1.334417455927946,63
-1.1585167635922515,-1.3096421384801769,63
-1.0491445070868506,-1.2895112766106671,63
-0.9825467852840556,-1.1203848110268326,63
-1.1385591063227,-1.3423806070417312,63
-1.1038416174845485,-1.3344174559283843,63
-1.1585167635920057,-1.309642138480629,63
-1.0491445070867758,-1.289511276610838,63
-1.4818229094429505,0.3288840793257779,66
-1.4659366372044895,0.34478643294870004,66
-1.5055800445541418,0.3926327368659681,66
-1.506418402109791,0.37484180707102666,66
-1.4818229094429505,0.32888407932577807,66
-1.4659366372044889,0.3447864329487004,66
-1.5055800445541418,0.3926327368659675,66
-1.5064184021097915,0.3748418070710263,66
0.7573167815360905,1.8486427907062981,12
0.6944552212293987,1.7600904056488704,12
0.7823398478589004,1.7833449574608773,12
0.7564305110385635,1.822932922066948,12
0.6926027475498536,1.825491862626924,12
0.7504715644373616,1.9540236893112937,12
0.6556866626189966,1.8652726299319755,12
0.7171700585457649,1.8117616928409015,12
0.610173760598819,1.8700265732060957,12
0.5758507401785765,1.7979760485700318,12
-1.355226908500733,0.20342372285445534,66
-1.4225482994134737,0.2830457538269139,66
-1.5463967734866806,0.40385687609789334,66
-1.4461911556197449,0.40806622820395405,66
-1.5050006844901895,0.37841038823726675,66
-1.3552269085007307,0.20342372285445526,66
-1.4225482994134726,0.2830457538269136,66
-1.5463967734866804,0.4038568760978934,66
-1.4461911556197438,0.40806622820395344,66
-1.5050006844901889,0.378410388237267,66
-1.3749482415545604,0.2919986007536698,66
-1.693077981795858,0.46929322375954297,66
-1.5470955012814178,0.47012581498587525,66
-1.492789480661542,0.4420287107434756,66
-1.5038345510239888,0.31131471500154,66
-1.3749482415545609,0.2919986007536703,66
-1.6930779817958581,0.46929322375954285,66
-1.547095501281419,0.4701258149858754,66
-1.4927894806615414,0.44202871074347555,66
-1.5038345510239894,0.31131471500154034,66
0.6857415328173598,1.88851568894778,12
0.6826162536823824,1.739713941008537,12
0.5893822006547046,1.8539092564237643,12
0.4612554030976833,1.7264019383251903,12
0.6421805936723065,1.737796130510341,12
0.5241076208308317,1.574866535757792,12
0.7047461152322957,1.931356712340574,12
0.5868800711352402,1.9953055281853858,12
0.5259864715181221,1.6837039196901604,12
0.4186256907027242,1.5751553937075808,12
0.6857415328172464,1.8885156889477734,12
0.6826162536824935,1.7397139410085412,12
0.5893822006548283,1.853909256423771,12
0.46125540309500906,1.7264019383249092,12
0.6421805936722831,1.7377961305103395,12
0.5241076208309025,1.5748665357578002,12
0.7047461152322735,1.9313567123405668,12
0.5868800710263701,1.9953055281736325,12
0.5259864715181224,1.6837039196901606,12
0.41862569070271866,1.5751553937075833,12
-1.388554000458445,-0.1720828487227546,65
-1.3647954821457393,-0.08878554008817219,65
-1.4023203772976884,-0.15188264336744187,65
-1.3549442186256748,-0.1351045150525968,65
-1.3885540004584433,-0.17208284872275675,65
-1.3647954821457398,-0.08878554008817208,65
-1.4023203772976875,-0.15188264336744187,65
-1.3549442186256755,-0.13510451505259688,65
1.5414050576270868,2.471548929860603,0
1.4757950746669373,2.430356519275458,0
1.5138010482675697,2.38994098070774,0
1.5205990942343293,2.471972562158941,0
1.4559629775400351,2.3994353416119116,0
1.4915820373043922,2.4860623889620554,0
1.4210282532758554,2.500444251266056,0
1.4671967720200552,2.418288790757459,0
1.4041077291442372,2.5401937373161663,0
1.3856528007444815,2.429515419598881,0
-1.2815327007566415,-0.23710089453959873,65
-1.3363244934550946,-0.30089918675698574,65
-1.303308558493079,-0.12580877272824822,65
-1.3411096487059773,-0.14359516105230966,65
-1.2716544500499058,-0.15844339871533714,65
-1.2815327007566406,-0.23710089453959857,65
-1.3363244934550944,-0.3008991867569857,65
-1.3033085584930781,-0.12580877272824842,65
-1.341109648705979,-0.14359516105230957,65
-1.2716544500499063,-0.15844339871533716,65
2.0695243594356256,-1.224908211126729,44
2.1735363559551475,-1.1775632563076421,44
2.1639816826352405,-1.2137658062933216,44
2.0616880151793517,-1.1332561878062202,44
2.069524359435626,-1.2249082111267307,44
2.173536355955146,-1.1775632563076432,44
2.1639816826352396,-1.2137658062933205,44
2.061688015179351,-1.13325618780622,44
1.4424169985851016,-2.985268008435583,52
1.6826701439046756,-2.482106756905575,52
1.5290475859767174,-2.764242628247662,52
1.8134542991907783,-2.63468762950902,52
1.6199667971392715,-2.9261281387912206,52
1.5248990175713146,-2.623460610106944,52
1.6944662931709877,-2.3616198113315803,52
1.6726899796281174,-2.366086211184817,52
1.778362877708313,-2.379869272693417,52
1.6340108100030228,-2.5993080138294378,52
2.364372640845457,-1.2427154349191414,44
2.0007237925223813,-1.181148158884461,44
2.114394791435198,-1.152876910518855,44
2.154101768226201,-1.1917338497469088,44
1.9657859410801184,-1.1155458318494262,44
2.3643726408454553,-1.2427154349191396,44
2.00072379252238,-1.1811481588844612,44
2.1143947914351977,-1.1528769105188552,44
2.1541017682262,-1.1917338497469099,44
1.965785941080117,-1.115545831849426,44
2.4195206922089523,-1.1888300498180784,44
2.1531335637361195,-1.222417558654339,44
2.37359806490739,-1.1859943032364997,44
2.490635022186358,-1.2518246999846618,44
2.1904009945100222,-1.1203422445744722,44
2.4195206922089514,-1.1888300498180782,44
2.1531335637361226,-1.2224175586543422,44
2.3735980649073887,-1.1859943032365006,44
2.4906350221863587,-1.2518246999846605,44
2.190400994510024,-1.120342244574472,44
1.4718368304814176,-2.697173302503523,52
1.5461563222772363,-2.8652005874477693,52
1.4289500851069241,-2.5471658446081586,52
1.6565995088077146,-2.6019922867160292,52
1.4941939902213193,-2.45205883228902,52
1.69981943797093,-2.5744416177060434,52
1.466653937023128,-2.4399458116889536,52
1.741356120720141,-2.5771134566556113,52
1.5923248571527415,-2.59740595303245,52
1.7229546640616953,-2.721002456230624,52
1.4718368976970115,-2.697173262976185,52
1.5461563260272018,-2.8652005854556837,52
1.428950084873222,-2.547165844764236,52
1.6565995093044001,-2.6019922863593283,52
1.4941939905003803,-2.4520588320809193,52
1.6998194373808935,-2.5744416181445624,52
1.4666539356357366,-2.4399458127065885,52
1.7413561204825565,-2.5771134568405394,52
1.5923248577057352,-2.5974059526566187,52
1.7229546640188413,-2.7210024562597135,52
0.11115737652222611,-1.7979940646859718,56
0.1729279237760559,-1.6839575203316164,56
-0.004498246081439189,-1.8212723158593698,56
0.15968262983249812,-1.6555221886901592,56
0.11115737652222901,-1.7979940646859696,56
0.17292792377605506,-1.683957520331616,56
-0.004498246081438238,-1.8212723158593684,56
0.15968262983249934,-1.655522188690154,56
2.7240269368468297,0.4322142368009507,8
2.782827739641407,0.28120383243227204,8
2.78234897894521,0.33456282645809743,8
2.8124300422109663,0.35490948680463513,8
2.805271062158997,0.29444437100509213,8
2.7191838237475627,0.3868320017949859,8
2.836529386717811,0.33406357222301203,8
2.7503851498675274,0.28997831037196703,8
2.823437234835631,0.36457237543107357,8
2.809133733218766,0.24745209475439142,8
0.12029536561901935,-2.006710313740768,56
-0.07381965125301655,-1.9595800997929882,56
0.023072115186115197,-1.7660916639570985,56
-0.07104798972949943,-1.9083422626490418,56
-0.05028766939898444,-1.8554303423970429,56
0.12029536562150364,-2.0067103137387776,56
-0.07381965125301655,-1.959580099792989,56
0.0230721151861148,-1.7660916639571,56
-0.07104798972949943,-1.908342262649042,56
-0.050287669398984776,-1.8554303423970433,56
0.1986571064038783,-1.8197946373026963,56
-0.08766106649572124,-1.868270925059076,56
0.11719391303214419,-1.6406789159464956,56
-0.016959620942645363,-1.7693208164262828,56
-0.01812006345059926,-1.8298668897126031,56
0.1986571064044477,-1.8197946373021134,56
-0.08766106649577395,-1.868270925059109,56
0.11719391303214044,-1.6406789159465027,56
-0.016959620942628928,-1.769320816426271,56
-0.018120063450599272,-1.8298668897126036,56
2.6305252125597764,0.343354299111392,8
2.8941909552408966,0.30278501066421326,8
2.6773400796957794,0.28331514178499434,8
2.775499598157138,0.2116592292436277,8
2.662924428613603,0.20515027654915807,8
2.8251586071191848,0.15322828512255765,8
2.783002193477607,0.26422933891174344,8
3.029326673311413,0.33068566177077346,8
2.7266645383450223,0.24808214014865412,8
2.9050588422436743,0.18725107049752834,8
2.630525212559779,0.3433542991113926,8
2.8941909552408966,0.30278501066421476,8
2.677340079695778,0.28331514178499384,8
2.775499598157133,0.21165922924362554,8
2.6629244286136036,0.20515027654915907,8
2.8251586071191834,0.15322828512255765,8
2.7830021934776057,0.26422933891174344,8
3.0293266733114117,0.33068566177077335,8
2.7266645383450205,0.24808214014865448,8
2.905058842243676,0.1872510704975289,8
0.08558412251828224,-2.2781666751480953,55
0.02196002723669626,-2.3475635402701056,55
0.024062553794240316,-2.3122415340565285,55
0.05584064448065802,-2.355676156608747,55
0.08558412251336718,-2.278166675151663,55
0.021960027235741204,-2.347563540270678,55
0.02406255379278244,-2.312241534057487,55
0.05584064448046,-2.3556761566088618,55
3.3452184929265645,0.7980438808637971,2
3.359570037166543,0.6803955203724654,2
3.3925327319480227,0.7397254502730066,2
3.4355530652481843,0.7678141709822555,2
3.3963970304579876,0.7249395395846867,2
3.330903912529301,0.8240118388580534,2
3.433573426593639,0.8080276960417527,2
3.340321826105837,0.720449925314734,2
3.4284528003884924,0.8508735080432237,2
3.3512136340015473,0.7520975647785049,2
0.061241618703441254,-2.2631642371361016,55
-0.019644551464542997,-2.280119457359718,55
0.04051085820504739,-2.295011562644033,55
-0.031550559787450166,-2.4010802721117224,55
0.02332144006126518,-2.3251498314720207,55
0.0612416187009313,-2.2631642371378584,55
-0.019644551464373414,-2.2801194573596204,55
0.040510858203261925,-2.2950115626452314,55
-0.03155055978744856,-2.4010802721117206,55
0.02332144006123946,-2.32514983147204,55
-0.34082703668246916,-2.228945771251703,60
-0.3456886969340499,-2.3211034702567694,60
-0.33900724482014516,-2.1036679997630525,60
-0.34007196044064636,-2.2343444156448364,60
-0.340827036683031,-2.2289457712532705,60
-0.34568869693404985,-2.321103470256767,60
-0.3390072447939168,-2.1036679996950354,60
-0.3400719604406447,-2.234344415644832,60
2.1927505492299444,1.277364804271673,9
2.174342486223941,1.1325579356414242,9
2.1921501044394023,1.1223511119243121,9
2.126057132826329,1.1720770403286775,9
2.142471830711845,1.1321490450538103,9
2.180606998570353,1.3806629600138725,9
2.275968309866142,1.3337784006839182,9
2.2128841892229527,1.229616546039747,9
2.1898477800775473,1.3888278073620377,9
2.2923475875746133,1.2210391939040575,9
-0.2570127395640027,-2.1660374997440304,60
-0.3914637766530062,-2.3006061214251585,60
-0.3744913119106044,-2.2101146700621324,60
-0.3222892422125966,-2.0011990888898277,60
-0.360978310672629,-2.1930029195508176,60
-0.25701273956386533,-2.166037499743768,60
-0.3914637766530063,-2.300606121425157,60
-0.3744913119108695,-2.2101146700629135,60
-0.3222892424424438,-2.001199089476253,60
-0.36097831067262864,-2.193002919550816,60
-0.20141767946593314,-1.9175807684012343,60
-0.32629095372552774,-1.9478600378003688,60
-0.21912490321312003,-1.8513760717577938,60
-0.2158161863719205,-1.6850123008058715,60
-0.2523570116923608,-1.9190144040752095,60
-0.20141767627129586,-1.9175807621965528,60
-0.3262909559369226,-1.9478600432179078,60
-0.2191247056413625,-1.8513756497851739,60
-0.21581606292970504,-1.6850120367599941,60
-0.252357012695229,-1.9190144063195134,60
2.204565971736611,1.1845798319439254,9
2.321203988476487,0.9799686057387723,9
2.1619191877319297,1.1532340154101413,9
2.2162255376157898,1.0234368440764388,9
2.2255458208242462,0.9047360006381476,9
2.34670413940468,0.812163030846788,9
2.216594767818876,1.135056303966453,9
2.325843865815544,1.3336855898318967,9
2.249289965255354,1.050311295844589,9
2.26765411215174,0.8834230348896098,9
2.204565971200603,1.1845798336520856,9
2.321203980626231,0.979968634756409,9
2.161919188145914,1.1532340140218638,9
2.2162255443938754,1.0234368198506203,9
2.2255458148570066,0.904736023254363,9
2.346704143220259,0.8121630099735414,9
2.216594772200309,1.135056289972508,9
2.3258438635435446,1.333685595512177,9
2.2492899636026196,1.050311300363127,9
2.2676540851515314,0.8834231486389769,9
-0.0012327446420156616,-1.7032879324028718,59
-0.03088775616733714,-2.018917773376083,59
-0.08789052244032029,-1.8945249498569217,59
-0.01894514858907498,-1.9873621663197898,59
-0.00123274905214048,-1.703287938168586,59
-0.030887757923071003,-2.018917774779472,59
-0.08789052213416199,-1.8945249494897751,59
-0.01894513100252996,-1.9873621516346078,59
2.9216551016160137,1.8435776485460007,1
2.8551608165790934,1.8195251780018546,1
2.9054688741719263,1.8617200228661883,1
2.8879097795734108,1.8959757005068376,1
2.838527942658375,1.8635108656265607,1
2.9003687693782667,1.9643317367502677,1
2.898593063029044,1.9758588532093349,1
2.8781597641679126,1.927944485655324,1
2.8966503653898745,2.046999123224724,1
2.8490438265790883,1.9629090859980856,1
-0.0333783149543013,-2.0316344028326823,59
-0.1548215871066319,-1.979376644703991,59
-0.12058894600211553,-2.1093941334108,59
-0.1339510711183509,-1.965806326037224,59
-0.16307925630877468,-2.217612810582602,59
-0.03337831429871001,-2.0316344023559005,59
-0.15482158710660573,-1.9793766447039614,59
-0.12058894598831539,-2.1093941333975392,59
-0.13395107111005236,-1.965806326027022,59
-0.16307925630879225,-2.2176128105826183,59
0.21297756276451454,-2.044509552045139,54
0.18883496225780214,-2.0957424193989285,54
0.1073995350504809,-2.146594318090847,54
0.23015331753182858,-2.0262160822346638,54
0.2129775627645801,-2.0445095520450742,54
0.18883496225765825,-2.0957424193990666,54
0.10739953505018268,-2.1465943180910956,54
0.23015331753183552,-2.026216082234657,54
3.1058524200671873,0.9736170269658774,8
3.146295018304042,0.946146327541284,8
3.128472730612413,0.9429818965248865,8
3.199912410535928,1.0036336656532159,8
3.106822302893331,0.9398026434218382,8
3.2063324040458507,1.0695512089019394,8
3.3015273254612834,1.0592783114218935,8
3.1796460787634975,0.9944368278103458,8
3.261590101561033,1.098718138222941,8
3.154886111105921,0.9557700586651191,8
0.30340645960240986,-2.0599980756549283,54
0.14582779358923997,-2.0618972986303867,54
0.08012529753851097,-2.2072830969904684,54
0.04107602326608794,-2.2650417443595625,54
0.16552931369131743,-2.043816019446338,54
0.3034064596014253,-2.0599980756559972,54
0.14582779358939374,-2.0618972986302557,54
0.08012529755739188,-2.207283096975636,54
0.04107602314595221,-2.2650417444582955,54
0.16552931369137366,-2.0438160194462816,54
0.38815528432184393,-1.8382471348602514,54
0.12820728869332074,-2.0325576428558523,54
0.27397300077254644,-1.9114413316886076,54
0.0958218862653178,-2.163877955232704,54
0.18293532530442935,-2.0871401106585767,54
0.38815528432000923,-1.8382471348626201,54
0.12820728866974676,-2.0325576428765735,54
0.2739730007724717,-1.9114413316886953,54
0.09582188627009579,-2.1638779552288017,54
0.18293532530466683,-2.08714011065835,54
3.101311953985611,0.8873069512310857,8
3.1793801718234564,0.8600188939089306,8
3.06672968059646,0.8827502442385036,8
3.029675065409569,0.79760166562113,8
3.1499687722892338,0.8014921349247287,8
3.1306118722865763,0.7586568286583681,8
3.2754982003648516,0.9290023986530438,8
3.3034756472848867,1.0077821592408267,8
3.02966422451745,0.8186864238369419,8
3.108569086103748,0.781319688575191,8
3.1013119539856575,0.8873069512308578,8
3.1793801718236057,0.8600188939081649,8
3.0667296805965054,0.8827502442382773,8
3.0296750654098106,0.7976016656199126,8
3.149968772289516,0.8014921349230514,8
3.130611872286669,0.7586568286576939,8
3.2754982003645643,0.9290023986542048,8
3.303475647283829,1.0077821592444143,8
3.029664224517395,0.8186864238372499,8
3.1085690861036213,0.781319688576059,8
0.0097145614702825,-2.680585266208814,53
0.022921048034629358,-2.5988703549902232,53
-0.029712456599656253,-2.7137937481983108,53
0.06844671185207783,-2.5665604461319425,53
0.009714561470282447,-2.680585266208814,53
0.022921048034629358,-2.598870354990224,53
-0.029712456599656198,-2.7137937481983108,53
0.06844671185207711,-2.5665604461319416,53
3.628189939253999,1.3786864721966285,2
3.653969593839786,1.301473285139504,2
3.6387061373866034,1.3365087675916099,2
3.692959347741507,1.3905716655302438,2
3.5955745899028626,1.3241620982121114,2
3.6658000980367205,1.4522876767060777,2
3.715487698979012,1.4470427598038502,2
3.6306424819629908,1.392265697732578,2
3.6939312915735774,1.4931585732451933,2
3.623238575891931,1.3859901770507785,2
0.07293070540427228,-2.719467190248218,53
0.02103185785514102,-2.60364850463516,53
-0.012245432022652021,-2.6738401982070172,53
-0.054205529288324596,-2.8087872107914755,53
0.0068069388845841735,-2.594648089474364,53
0.07293070540427173,-2.7194671902482184,53
0.02103185785514107,-2.6036485046351587,53
-0.012245432022652028,-2.6738401982070163,53
-0.05420552928832458,-2.8087872107914764,53
0.00680693888458418,-2.5946480894743646,53
-0.08477628182603025,-2.0855907494636416,58
-0.19114628409767562,-2.311494570401865,58
-0.09843102593943166,-2.108409030065596,58
-0.1332834987152426,-2.1566852766499602,58
-0.08477628234035199,-2.085590749902981,58
-0.19114628409767495,-2.3114945704018646,58
-0.09843102538074909,-2.1084090295439806,58
-0.13328349873733322,-2.156685276672701,58
2.5529391083169433,1.5121144241349027,13
2.5291620359216935,1.5051606829216355,13
2.5113920958566482,1.4359262066787302,13
2.4712272104319424,1.5068331433402178,13
2.460567089641235,1.4943143450287686,13
2.628219836053672,1.6135737065549642,13
2.708677331403614,1.6059590249699904,13
2.6056538120117585,1.4866001450563904,13
2.5977057919689646,1.6059789791447037,13
2.6331055898262106,1.5034798513187269,13
-0.07181329372212181,-2.1308369892300845,58
-0.0941805342101703,-2.0430319867007203,58
-0.17992890287742794,-2.237268784658889,58
-0.01271847468787156,-1.9722328983589341,58
-0.09991523253818228,-2.081848466358044,58
-0.07181328464057991,-2.1308369814254795,58
-0.09418053419267174,-2.0430319866835895,58
-0.17992890287743488,-2.2372687846589003,58
-0.012718465004647118,-1.9722328885633722,58
-0.09991523254435426,-2.081848466363826,58
0.16208143398687636,-1.649556044943783,58
-0.10660915670179369,-1.971057066390015,58
0.042990200280574514,-1.8603207912915465,58
0.030186808985080502,-1.7736261596239027,58
0.03362631370948525,-1.8178287130781352,58
0.1620814373810876,-1.6495560400284361,58
-0.10660915828449447,-1.9710570681111137,58
0.042990221506099886,-1.8603207682275917,58
0.03018688116943945,-1.7736260813618423,58
0.03362631314524413,-1.8178287137513494,58
2.6265466386561584,1.5108058714911692,13
2.7043881468675,1.3616245985290114,13
2.509466410910051,1.4958548524993391,13
2.4180180582643684,1.3159506924343953,13
2.5981054250660622,1.364441889290428,13
2.581737748941278,1.2440603396852878,13
2.699516487727297,1.5056656494084206,13
2.6631216204222947,1.5944568814333218,13
2.5447114512160196,1.4156139284118068,13
2.4861954938386446,1.2995831561708433,13
2.6265466387231564,1.5108058713620602,13
2.704388146309822,1.3616245997804381,13
2.5094664109213425,1.4958548524785935,13
2.4180180584248574,1.3159506920990502,13
2.598105425057261,1.3644418893094357,13
2.581737748888902,1.2440603398222765,13
2.6995164877776814,1.505665649309463,13
2.6631216214139974,1.5944568796196055,13
2.5447114512248885,1.4156139283945086,13
2.4861954938483204,1.2995831561498687,13
-0.04588161659423745,-2.2254069813853707,57
-0.06927518070137287,-2.4459866403999513,57
-0.11728356897462569,-2.4205299585865645,57
-0.0285396789747492,-2.351036627939958,57
-0.04588161666066156,-2.225406981439701,57
-0.06927518070137295,-2.4459866403999526,57
-0.11728356897462633,-2.4205299585865667,57
-0.02853967891210927,-2.351036627885575,57
3.2624463567949835,2.0704538816338074,0
3.2456957460828253,2.016096811980517,0
3.2269640462236775,2.018375787476341,0
3.2192368468654537,2.0687141845185435,0
3.169405436360428,2.026034672812277,0
3.2928053331614087,2.2005295290835067,0
3.298739819026285,2.2105045545650763,0
3.2503878799419827,2.1483697159459,0
3.2449932342456242,2.250378338181921,0
3.2217210197066346,2.1222664128373516,0
-0.04666073304234336,-2.547201719955194,57
-0.008717073576266061,-2.169427369687234,57
-0.07558935516706317,-2.52819068245075,57
-0.12357301914680355,-2.4957639994263783,57
-0.07266126279369922,-2.505815501232613,57
-0.04666073304234381,-2.547201719955193,57
-0.008717073547850854,-2.169427369665339,57
-0.07558935516706346,-2.5281906824507505,57
-0.12357301914680371,-2.4957639994263783,57
-0.07266126279369928,-2.505815501232613,57
2.6750277115367096,-1.7889726933644743,42
2.6694708866051253,-1.868970996260004,42
2.691933113749601,-1.8402692793625153,42
2.580874348543123,-1.8293055669074778,42
2.6750277115369734,-1.7889726933639223,42
2.669470886604901,-1.8689709962604524,42
2.6919331137495375,-1.8402692793626392,42
2.5808743485433707,-1.8293055669070122,42
0.6273741685031327,-4.3165715788923205,46
0.7064735410834615,-4.116325772686623,46
0.6318231245946753,-4.256314318421921,46
0.8562735489444634,-4.156800341156448,46
0.726257357247247,-4.389729984486897,46
0.494362164637834,-4.116847970516093,46
0.6447046614635848,-4.046010508877277,46
0.5385644033193796,-4.040201110087589,46
0.6598819285035649,-4.018287223785628,46
0.564416073153687,-4.194203166163985,46
2.778437534354259,-1.9742214861838097,42
2.696410268438151,-1.828319862563281,42
2.672927919131416,-1.8908564301263548,42
2.7035935119857046,-1.8318114130894716,42
2.6360093477077666,-1.8852751908064478,42
2.7784375343523835,-1.9742214861870584,42
2.6964102684382607,-1.8283198625630512,42
2.672927919132162,-1.8908564301249773,42
2.7035935119857313,-1.8318114130894134,42
2.6360093477120197,-1.8852751907985117,42
2.8699180027581193,-2.148457994833986,42
2.804850391843346,-2.070444304577299,42
2.7637296897029175,-1.9609257498163244,42
2.934744303453193,-2.064648436668937,42
2.807661749846969,-2.080424481154171,42
2.8699180027654974,-2.14845799482328,42
2.8048503918746484,-2.070444304530786,42
2.763729690058869,-1.960925749155698,42
2.9347443034532685,-2.064648436668811,42
2.8076617498418086,-2.0804244811618298,42
0.45149429971815336,-3.9950197567843007,46
0.701039012838812,-4.098759411923131,46
0.3856856829678906,-3.9138176698882945,46
0.7362947110603371,-3.959344868621235,46
0.34516109446523735,-4.0310961893705795,46
0.6673201856841001,-3.9549223048257742,46
0.38585097929952294,-4.023672105386775,46
0.7461684621962905,-4.114246188402731,46
0.48992774958103125,-4.034093965490797,46
0.7648399147542169,-4.153537840324901,46
0.45149429972369676,-3.9950197567837735,46
0.7010390078395478,-4.098759412659802,46
0.38568568296825595,-3.913817669888252,46
0.7362946986638776,-3.959344870540083,46
0.34516109535399725,-4.031096189306126,46
0.6673201836015279,-3.95492230513214,46
0.38585098275307156,-4.023672105107712,46
0.7461704375259315,-4.114245878721935,46
0.48992774965143226,-4.034093965483865,46
0.7648399144380073,-4.153537840375517,46
0.013284757197883003,-1.6617338635349421,56
0.08393693177572253,-1.6177033994571082,56
-0.03154970265414935,-1.6119016791618102,56
0.07029484773384398,-1.6096538872163029,56
0.013284757197883116,-1.6617338635349421,56
0.08393693177572216,-1.6177033994571086,56
-0.03154970265414946,-1.6119016791618097,56
0.07029484773384372,-1.6096538872163035,56
2.7149591734585505,0.34759343351310257,8
2.788650079205887,0.21686212160822407,8
2.7969955741981636,0.2824246588751935,8
2.7988777845064936,0.33363415286531234,8
2.8062497998257245,0.24276890059239542,8
2.650249898665803,0.32642979459840243,8
2.7925504741461316,0.30703751303377297,8
2.694087167674885,0.2578889996511883,8
2.7546101521597013,0.3435942421960331,8
2.7555734732224795,0.23014162382727513,8
0.13139471136503306,-1.6892244531595806,56
-0.1228747844040261,-1.740448814429462,56
-0.06814295120548261,-1.6815650325475802,56
-0.060909398520102076,-1.6300861407741203,56
-0.041854684871877976,-1.6867820880023217,56
0.13139471136521635,-1.6892244531594756,56
-0.12287478440402629,-1.7404488144294636,56
-0.06814295120548228,-1.6815650325475797,56
-0.060909398520101694,-1.6300861407741198,56
-0.041854684871877317,-1.6867820880023185,56
0.24764131119549262,-1.6217286454564774,56
-0.055711527543135714,-1.5899412741222916,56
0.06706633684594134,-1.4768734944057496,56
-0.008614020966055617,-1.4889030449829253,56
-0.0012470596361079706,-1.586166274781936,56
0.24764131119494595,-1.621728645456955,56
-0.05571152754313573,-1.5899412741222927,56
0.06706633684594167,-1.4768734944057496,56
-0.008614020966055489,-1.4889030449829255,56
-0.0012470596361077427,-1.5861662747819356,56
2.585832513837752,0.3111002049811583,8
2.712086125554349,0.2855403167061183,8
2.585997051151763,0.22000093383476435,8
2.6407033277718974,0.1845133896006392,8
2.6496267351267733,0.15678869976799262,8
2.7107088765550817,0.12265116690933117,8
2.7272834692721784,0.22268244509502774,8
2.850115411830932,0.2880293935145312,8
2.6318470114268524,0.19832711235735742,8
2.784773097685208,0.15205314500672798,8
2.5858325138377523,0.311100204981158,8
2.71208612555435,0.2855403167061186,8
2.5859970511517636,0.22000093383476435,8
2.6407033277718948,0.1845133896006365,8
2.649626735126774,0.15678869976799267,8
2.7107088765550835,0.12265116690933163,8
2.7272834692721775,0.22268244509502758,8
2.8501154118309424,0.2880293935145447,8
2.631847011426853,0.1983271123573597,8
2.784773097685208,0.152053145006728,8
0.058300062499097124,-2.2817696532584124,55
0.08731514018625357,-2.30183082813416,55
0.0632340420867085,-2.2503316686071013,55
0.10434152526281389,-2.332051845686672,55
0.058300062498827826,-2.281769653258591,55
0.08731514018523573,-2.3018308281348268,55
0.06323404208620946,-2.2503316686074304,55
0.10434152526193805,-2.332051845687209,55
3.3272858704919637,0.7157313510770006,2
3.326415223204111,0.6378491150140365,2
3.3679746985564223,0.6732052818494417,2
3.383906913702227,0.719492112708351,2
3.2991542230066564,0.6475619239335441,2
3.3118168761657754,0.7548414470857483,2
3.3724089668832256,0.7834155718261064,2
3.3399168015652956,0.6862109862526373,2
3.343095258208882,0.8369368284284853,2
3.305566280340863,0.7162810689092798,2
0.07202852562644213,-2.2539543234150625,55
-0.08692653732481287,-2.3379753872352063,55
0.04693387707501615,-2.2940387725061226,55
0.06363520120185688,-2.2693925679040907,55
0.07419207368030384,-2.2978908109815817,55
0.07202852562297136,-2.253954323417345,55
-0.08692653732481265,-2.3379753872352054,55
0.04693387707494972,-2.294038772506165,55
0.0636352012014882,-2.2693925679043323,55
0.07419207368026343,-2.297890810981613,55
-0.2754236874820305,-1.7016135171574824,60
-0.3396916678364966,-1.9873966786616346,60
-0.28614025868479803,-1.6888116290231383,60
-0.32697470157087766,-1.8893437933661508,60
-0.2754236944053674,-1.7016135352997237,60
-0.33969166804044626,-1.98739667922268,60
-0.2861402592629193,-1.6888116305414076,60
-0.32697470001766804,-1.8893437888000635,60
2.167060761372265,1.2824031725370226,9
2.1390884390904907,1.1865664177014812,9
2.180653587475947,1.233401242959616,9
2.1243356710470795,1.2805126855847824,9
2.1057663781431475,1.186492551912169,9
2.150212264219559,1.3989387592881775,9
2.22117570176391,1.3841500082663178,9
2.169642164278688,1.284747054983653,9
2.154904642730292,1.4476344908240175,9
2.2553780210802348,1.247994365366661,9
-0.2496316754418101,-1.769600815826952,60
-0.3676634744543926,-1.8776497262440406,60
-0.34107404600657865,-1.8462213017382998,60
-0.2385171681755088,-1.5290766627663956,60
-0.30218528900745895,-1.7535394286086783,60
-0.2496316748742935,-1.7696008145507287,60
-0.36766347439002883,-1.8776497260407807,60
-0.3410740466213266,-1.8462213036395199,60
-0.2385171679767526,-1.5290766623593885,60
-0.30218529120509274,-1.7535394349472557,60
-0.09538803526659992,-1.4060604637572898,60
-0.15650915593331416,-1.3330204736683484,60
-0.1348632629934923,-1.4323743138525602,60
-0.08814341351634121,-0.9523663270587122,60
-0.17350396949312685,-1.4887233524620038,60
-0.09538801196191041,-1.4060604207092058,60
-0.15650916851015312,-1.3330205035281293,60
-0.13486323908283443,-1.4323742664183563,60
-0.08814341366491044,-0.9523663248424159,60
-0.17350393741585765,-1.4887232892766018,60
2.1902164504108406,1.2531653753593996,9
2.2932834288110286,1.063158595602393,9
2.155476417977438,1.1674506519243175,9
2.2065456047697714,1.1298803779313018,9
2.253052166537125,1.0372060405347896,9
2.368549324885127,0.880394395186295,9
2.1790707828941396,1.152193272020381,9
2.2427007907723593,1.3521092244537258,9
2.249898947225007,1.105163012054665,9
2.267172875489445,0.9535719838963174,9
2.1902164503287986,1.2531653756332595,9
2.293283388805778,1.0631587123244708,9
2.1554764180890738,1.167450651530172,9
2.2065456192733843,1.1298803293988064,9
2.2530520225204924,1.037206454767548,9
2.368549278956004,0.8803945756248108,9
2.179070783406075,1.1521932703098126,9
2.242700790798579,1.3521092243784196,9
2.2498989488607237,1.105163007401904,9
2.2671730272280133,0.9535713736362418,9
-0.10562782411935043,-1.773495545752154,59
-0.0967861905589046,-1.9043358524319547,59
-0.13450085753655164,-1.7827474121090203,59
-0.10959136181367984,-1.9086443914858444,59
-0.10562782415995521,-1.7734955458099195,59
-0.09678619054151769,-1.9043358524131766,59
-0.1345008575402313,-1.7827474121149098,59
-0.10959136180959345,-1.9086443914813946,59
2.855338991971173,1.941644683289365,1
2.8300565264355466,1.959514834338745,1
2.8769084287637288,1.9641542092385424,1
2.812673601720541,1.9843272109805767,1
2.7648248828300317,1.9638663734143422,1
2.802267616138711,2.0958983436000294,1
2.8366657235217834,2.1206873542499975,1
2.8539880242389737,2.0975971739302164,1
2.7722950054983597,2.1735946827520487,1
2.8280296722165734,2.1033941085384784,1
-0.08924091319110485,-1.9959201172169811,59
-0.21976467373700473,-1.9710100447005325,59
-0.18364800257864514,-2.0243757055559595,59
-0.1372626663681208,-1.8152960416442645,59
-0.1572616748606092,-1.994443538290059,59
-0.0892409131999123,-1.9959201172241285,59
-0.2197646737370237,-1.9710100447005614,59
-0.1836480025787147,-2.0243757055560425,59
-0.13726266637461862,-1.8152960416528527,59
-0.15726167486041084,-1.9944435382898087,59
0.26950080825854084,-1.7090533746551073,54
0.27253934588934847,-1.7862467287165524,54
0.23316946185026463,-1.7565021135488483,54
0.2687895327843467,-1.7536381270457522,54
0.2695008082585422,-1.709053374655105,54
0.2725393458893501,-1.7862467287165504,54
0.23316946185026824,-1.7565021135488454,54
0.26878953278434653,-1.753638127045751,54
3.0710130698108706,0.9324628479632199,8
3.117785725331537,0.9186060431882337,8
3.113308887393677,0.9373899120681641,8
3.1636964429665815,0.9876831713778843,8
3.054907913247852,0.8810519024306793,8
3.139169712288801,1.021211070018618,8
3.2203472527091606,1.0374729519844683,8
3.1241946738408974,0.9575161526252094,8
3.1895722068889034,1.0828059865320214,8
3.0915817499363407,0.9133334750364878,8
0.4042031544356958,-1.7272720305768923,54
0.16695836473192283,-1.7691573645814067,54
0.1460764562416623,-1.8643502484372696,54
0.23073709644124668,-1.7383685154702622,54
0.21036142932724733,-1.7834893760976047,54
0.4042031544280835,-1.727272030586484,54
0.16695836473192308,-1.7691573645814058,54
0.14607645624155322,-1.8643502484373713,54
0.23073709644125537,-1.7383685154702546,54
0.21036142932723997,-1.783489376097612,54
0.4673839187900574,-1.500069168752247,54
0.24366185151728756,-1.667084039805411,54
0.3438387372071781,-1.5599728109731406,54
0.2569043147014169,-1.6913694216189217,54
0.2680684723284011,-1.670771127850472,54
0.4673839187900586,-1.5000691687522458,54
0.24366185151728229,-1.6670840398054163,54
0.3438387372071776,-1.5599728109731388,54
0.25690431470240205,-1.6913694216177788,54
0.2680684723283997,-1.6707711278504729,54
3.097068214158122,0.9097008829807811,8
3.0510699226944613,0.8644419856130379,8
3.03262471522645,0.842285890312085,8
2.934344995986794,0.757596563607751,8
3.170178035479743,0.8091449463016104,8
3.027484578206889,0.7360157241073992,8
3.264448706399986,0.9224343456113065,8
3.1571284165588596,0.9842937560943934,8
3.007142337979823,0.7945269333656522,8
3.00665018020374,0.732494915731155,8
3.0970682141581243,0.9097008829807616,8
3.051069922694557,0.8644419856126236,8
3.032624715226445,0.842285890312129,8
2.9343449959867924,0.7575965636077823,8
3.1701780354798434,0.8091449463010912,8
3.0274845782068573,0.7360157241076452,8
3.2644487064000476,0.9224343456110387,8
3.1571284165583657,0.9842937560962266,8
3.0071423379798277,0.7945269333656355,8
3.006650180203487,0.7324949157330372,8
0.0718816251689576,-2.544836901058104,53
0.06238845081802847,-2.508343458113711,53
0.014915651094984227,-2.539128559636633,53
0.10434472825209751,-2.479650231538967,53
0.0718816251689574,-2.5448369010581047,53
0.06238845081802758,-2.508343458113712,53
0.014915651094984233,-2.5391285596366315,53
0.10434472825209802,-2.479650231538966,53
3.58933996756521,1.3277826257153658,2
3.630418196543014,1.304054768270224,2
3.6106528544638445,1.297372155673938,2
3.636045278402829,1.349073081568358,2
3.5200173601752325,1.2790154722141571,2
3.590055742786928,1.4209709972723237,2
3.6736664368315184,1.4255271692405276,2
3.6158226207439492,1.3513601990455644,2
3.638954202761116,1.4584982016891153,2
3.581886357331403,1.3244625118687514,2
0.08437986491515555,-2.570780521566033,53
0.0683264072879548,-2.4379572490033374,53
-0.001183711406632175,-2.591265423255684,53
-0.003822595735705891,-2.624343839162662,53
0.03316102855821373,-2.4961313709136075,53
0.08437986491515732,-2.5707805215660344,53
0.06832640728794917,-2.43795724900334,53
-0.0011837114066319662,-2.5912654232556815,53
-0.0038225957357056984,-2.6243438391626617,53
0.0331610285582131,-2.496131370913609,53
0.0676230916092501,-1.5507902158166131,58
-0.05257634145436469,-1.7804089447099058,58
0.02304866954159159,-1.5626750877867046,58
-0.02980393436725999,-1.6461467488359696,58
0.06762309160943658,-1.550790215816391,58
-0.052576341184734914,-1.7804089444398308,58
0.02304866954313113,-1.5626750877847995,58
-0.029803935809585777,-1.646146750862684,58
2.528415507006721,1.4896044276576768,13
2.46208997398479,1.4718512942088022,13
2.4566271621543647,1.4449065122837257,13
2.4181719717236034,1.4927613834039324,13
2.3657568690322557,1.4529410156429525,13
2.571228345220635,1.6266487904878988,13
2.6003930464260216,1.6184248169897595,13
2.5268373347256925,1.5112424131868931,13
2.5111171564280417,1.6128842168943298,13
2.5369818296868654,1.4992003039133104,13
0.08849860514899135,-1.597391809581528,58
0.01005804242079835,-1.498543254601554,58
-0.11810881466016745,-1.7608535545860216,58
0.04493948676161096,-1.4654085031679462,58
-0.06592989812424367,-1.6786313231051542,58
0.08849860303177164,-1.5973918120196868,58
0.010058042420755378,-1.49854325460162,58
-0.11810881459088558,-1.7608535544759738,58
0.04493948676157197,-1.4654085031679989,58
-0.06592989821642288,-1.678631323249084,58
0.15698723852404897,-1.2121670779347122,58
0.012921755911105243,-1.4186161450843295,58
0.0742512775859877,-1.4165593660424673,58
0.08016507269672853,-1.2310293523175548,58
0.055141350456084794,-1.3892040813746678,58
0.1569872385240592,-1.212167077934688,58
0.012921755909830827,-1.4186161450862824,58
0.07425127759566003,-1.416559366030219,58
0.08016507269672515,-1.2310293523175626,58
0.055141350456258904,-1.3892040813744015,58
2.5459420062861007,1.530132989576293,13
2.620765050269429,1.4191179682983999,13
2.4383696334226466,1.4627152435831123,13
2.3515852071583523,1.3716009335071553,13
2.5427630888982033,1.4005607014431194,13
2.521724801562799,1.2922899286946923,13
2.6068395765863825,1.5086059568963714,13
2.5399632080333627,1.6126173026283173,13
2.4728664748835634,1.4234474766624592,13
2.4063358016373786,1.3112405062669708,13
2.5459420062610914,1.5301329896232745,13
2.6207650502903723,1.4191179682552866,13
2.438369633422782,1.4627152435828623,13
2.351585207156105,1.3716009335116877,13
2.54276308895352,1.4005607013326296,13
2.5217248014631206,1.2922899289261818,13
2.606839576496693,1.5086059570670076,13
2.5399632080105996,1.6126173026711568,13
2.472866474884736,1.4234474766602812,13
2.4063358016306937,1.311240506280651,13
-0.04467206808466004,-2.147923102953852,57
-0.06805651943281758,-2.281283516275894,57
-0.08322185226576423,-2.2163251126169294,57
-0.003208960571874939,-2.1768515756797457,57
-0.04467206804003269,-2.1479231029215353,57
-0.06805651942933287,-2.2812835162729175,57
-0.0832218522658488,-2.2163251126169947,57
-0.0032089600168690165,-2.1768515752718507,57
3.2026776374464903,2.1267463898302665,0
3.164087585231356,2.1289111645652183,0
3.1673887739506204,2.1055857476095206,0
3.114883262418871,2.147266746085767,0
3.0835367989528923,2.0797056272585146,0
3.1746849931735617,2.29167314365258,0
3.192165362814897,2.269511989807975,0
3.179874104412993,2.2124172045375365,0
3.120642787926557,2.297284549490638,0
3.1431953389658287,2.1899942523294986,0
-0.05655021429856905,-2.407418827029045,57
0.006644358032273485,-2.038101819049585,57
-0.12148571458287183,-2.380198682139893,57
-0.09510126638240969,-2.30909294420512,57
-0.07628424980874539,-2.3192404926765104,57
-0.05655021429847638,-2.407418827028986,57
0.006644358048450549,-2.0381018190368927,57
-0.12148571458287212,-2.3801986821398926,57
-0.09510126638239277,-2.3090929442051116,57
-0.07628424980878828,-2.319240492676547,57
2.5702238267785797,-1.750524040832653,42
2.587724782739828,-1.7894673035436477,42
2.6600004991030786,-1.8686525998258177,42
2.4683169660800135,-1.727640297080913,42
2.5702238267785806,-1.75052404083265,42
2.58772478273983,-1.789467303543646,42
2.660000499103199,-1.8686525998255763,42
2.468316966080014,-1.7276402970809148,42
0.6073776242134932,-4.328416461267088,46
0.679881220230014,-3.998048957615438,46
0.6336895257317178,-4.21579643361065,46
0.8396086704603911,-4.030597072095088,46
0.7003812795752181,-4.308353896866509,46
0.45730426630405346,-4.108746973802846,46
0.6324125497193454,-3.9017614364344655,46
0.5674132560625574,-3.9970696487045725,46
0.6392602391661912,-3.878132596266008,46
0.6107284564900325,-4.105422612194144,46
2.65938242259776,-2.0517964463243525,42
2.623132622490436,-1.8033995232080877,42
2.624363168020553,-1.87134258429401,42
2.710782540504111,-1.8960255091792995,42
2.579617170290981,-1.8782150278956247,42
2.659382422597858,-2.0517964463242153,42
2.6231326224904397,-1.80339952320808,42
2.624363168020514,-1.871342584294102,42
2.710782540504089,-1.8960255091793292,42
2.5796171702913324,-1.8782150278950218,42
2.816995387794228,-2.179332895897958,42
2.7174955219001933,-2.1327943810488152,42
2.729065703367348,-1.987124492705507,42
2.9007592108688534,-2.1069664762067704,42
2.7925861129200475,-2.112749611264593,42
-2.2265349498937748,1.9833047888302693,42
2.717495521899735,-2.1327943810494387,42
2.729065703367622,-1.987124492705029,42
2.900759210868941,-2.106966476206631,42
2.7925861129200094,-2.1127496112646544,42
0.5584052297184956,-4.034900058069497,46
0.7251707378878662,-3.973658806854843,46
0.4405551457796057,-3.8781477306924135,46
0.7774105003607149,-3.8210902395858453,46
0.4345292045812725,-4.021458067066726,46
0.7278537790728244,-3.879687910860025,46
0.44737487488792776,-4.048359031947794,46
0.7885874854757204,-4.0066168055078295,46
0.5247745115127543,-4.007234847669534,46
0.8326888404699142,-4.0102075586619375,46
0.5584052363946996,-4.034900057326024,46
0.7251707494903535,-3.9736588051249018,46
0.4405551457844877,-3.8781477306918903,46
0.7774104980026335,-3.821090239992205,46
0.43452920457455574,-4.021458067067304,46
0.7278537810035587,-3.8796879105504307,46
0.44737491823117814,-4.048359028123261,46
0.7885876438071696,-4.006616779769894,46
0.5247744896759143,-4.007234849999195,46
0.8326886768567777,-4.010207587213124,46
-0.7506078323817279,-1.2539020847322786,62
-0.7318029417187726,-1.2048089869363234,62
-0.7439808931356561,-1.1084319215984995,62
-0.7330885488498401,-1.1723833504215495,62
-0.7506078323817279,-1.2539020847322784,62
-0.7318029417187735,-1.204808986936325,62
-0.7439808931356561,-1.1084319215985003,62
-0.7330885488498393,-1.1723833504215484,62
2.243839302033327,0.5558627331309829,6
2.2962200116692326,0.41232038865939147,6
2.3486997471980726,0.4601797901118564,6
2.3689323264005493,0.4726840981002133,6
2.2851328172981336,0.39769498186849167,6
2.1489306315442263,0.4935172245962191,6
2.2563270944090283,0.4479323399459292,6
2.197379389509867,0.4075381106269182,6
2.242274591814545,0.4455686796767748,6
2.188599267126124,0.3321563077931921,6
-0.6069720671898031,-1.3855644141790362,62
-0.7822072768422055,-1.3198224596296526,62
-0.7595129296098926,-1.2519774560229144,62
-0.7280654689314044,-1.0676134674790903,62
-0.6948303086846714,-1.1843599163922867,62
-0.6069720671898027,-1.3855644141790378,62
-0.7822072768422048,-1.3198224596296502,62
-0.7595129296098918,-1.2519774560229147,62
-0.7280654689314047,-1.0676134674790891,62
-0.6948303086846709,-1.1843599163922862,62
-0.6463219238745422,-1.3140381660199953,62
-0.796728123510411,-1.2106242255824804,62
-0.6891863921441531,-1.1735424520793765,62
-0.6725804530723438,-1.0327715677924103,62
-0.6861584773161314,-1.2301402723932027,62
-0.646321923874542,-1.3140381660199951,62
-0.7967281235104107,-1.2106242255824817,62
-0.6891863921441528,-1.1735424520793765,62
-0.6725804530723425,-1.0327715677924114,62
-0.6861584773161319,-1.2301402723932027,62
2.134553359174197,0.3923252805741792,6
2.280533921394031,0.23066157192136655,6
2.1640060538040324,0.3515091705091093,6
2.1978243027362394,0.21031751538391721,6
2.1679635055300026,0.24851067356737896,6
2.1684542379944656,0.11349317981192188,6
2.2254787945679118,0.3198684980808499,6
2.357933995810354,0.19358306894091148,6
2.1031541568437806,0.29789358644711306,6
2.2091737150015276,0.10136847368434627,6
2.134553359174198,0.39232528057418015,6
2.2805339213940314,0.23066157192136705,6
2.164006053804036,0.35150917050910935,6
2.1978243027362407,0.21031751538391744,6
2.1679635055300053,0.24851067356737933,6
2.1684542379944687,0.11349317981192213,6
2.225478794567912,0.31986849808085055,6
2.3579339958103516,0.1935830689409112,6
2.1031541568437806,0.29789358644711333,6
2.2091737150015276,0.10136847368434616,6
-0.7961521868766218,-1.772280351285165,61
-0.7333906522290253,-1.8092627888428185,61
-0.7645752143625985,-1.685296475091617,61
-0.7023625957577281,-1.7638387238313291,61
-0.7961521868766214,-1.7722803512851637,61
-0.7333906522290248,-1.809262788842819,61
-0.7645752143625986,-1.6852964750916148,61
-0.7023625957577284,-1.7638387238313284,61
2.8332438678102694,1.0221816634794678,3
2.8167565288278373,0.8416544438909176,3
2.899401103674626,0.9350762820613578,3
2.8889393259465628,0.9113457782605735,3
2.776945710354201,0.8033388650503054,3
2.7225680443576574,0.9142551925971054,3
2.7448087324636083,0.9295977737627334,3
2.7266746462134757,0.8817497874914776,3
2.740462367400475,0.9615810602986322,3
2.6614649673348967,0.8407905016054354,3
-0.7984934510101948,-1.8576995890998773,61
-0.836035559653413,-1.7711701249375964,61
-0.7662413379682271,-1.7668692023610286,61
-0.7711369347371448,-1.6508347092563045,61
-0.7027742342040568,-1.7188276088594872,61
-0.7984934510101945,-1.8576995890998762,61
-0.8360355596534139,-1.771170124937597,61
-0.7662413379682274,-1.7668692023610282,61
-0.7711369347371442,-1.6508347092563067,61
-0.7027742342040567,-1.7188276088594885,61
-1.74572352965195,0.3988217042460582,68
-1.8363286335511744,0.5105659672226027,68
-1.6552035299675767,0.4888879428915727,68
-1.7774503330517364,0.4971373383998342,68
-1.7457235294986513,0.398821703568356,68
-1.8363286335518056,0.5105659672242578,68
-1.6552035299676022,0.4888879428918023,68
-1.7774503329550526,0.49713733816052147,68
1.0209639220647626,1.5512465099062316,11
0.8400806684652857,1.4074996473993313,11
0.9942604229875853,1.426777760817134,11
0.9367524636922249,1.4666277555400127,11
0.8722487918682785,1.3271534342740856,11
0.9422860336484119,1.5504773428457337,11
0.8624294656253333,1.5063575466441816,11
0.8913594024728815,1.4556644064558997,11
0.8102171797225386,1.5050986386955223,11
0.7678542018555968,1.3141872114285282,11
-1.4747820198683868,-0.14134624310615027,68
-1.7464469230824027,0.22124991267295405,68
-1.9054588441654552,0.551521907791144,68
-1.5498212569449428,0.40805805911255066,68
-1.6663763422444806,0.39822329973320136,68
-1.4747820176205133,-0.14134625115191013,68
-1.746446888006943,0.221249793169125,68
-1.905458826635327,0.5515218645132661,68
-1.5498212569361007,0.40805805905420206,68
-1.6663763422379358,0.39822329970901277,68
-1.4184425937782204,0.057417613959076526,68
-1.5279194436419101,0.19526699692718552,68
-1.6890351151666236,0.4089735118050397,68
-1.4177433605729235,0.30946321293204515,68
-1.568142248193898,0.18556732685691715,68
-1.4184425937765541,0.057417613954288675,68
-1.527919443639198,0.19526699691921934,68
-1.6890351151048546,0.4089735115673895,68
-1.4177433627250213,0.30946321929745646,68
-1.5681422479814127,0.18556732620300892,68
0.8299841204761272,1.3874561916183434,11
0.9698897053699683,1.2613798653960542,11
0.7232677537269472,1.3845746345960492,11
0.7872245624191911,1.2737154106437356,11
0.7772518587221718,1.1724846646525138,11
0.8475246857736703,1.0342947686304427,11
0.7771442857604697,1.2928209716318366,11
0.9067337843810693,1.4039770861952403,11
0.7921158115397082,1.2876823412316292,11
0.7648032386420512,1.0737352691826403,11
0.8299841204761282,1.3874561916183437,11
0.9698897053704173,1.2613798653958932,11
0.7232677537269467,1.3845746345960501,11
0.7872245624193386,1.2737154106436828,11
0.7772518587221713,1.1724846646525127,11
0.8475246857736606,1.0342947686304471,11
0.7771442857604669,1.2928209716318404,11
0.90673378438115,1.4039770861952132,11
0.7921158115397081,1.2876823412316292,11
0.764803238642047,1.0737352691826412,11
-1.1639736470268223,-0.9537499494648449,67
-1.0774544932500418,-0.8849974873495773,67
-1.0877653592954641,-0.712786523847239,67
-1.1310976396717571,-1.0053268384541123,67
-1.1639736470264377,-0.9537499494663771,67
-1.0774544932484278,-0.8849974873602955,67
-1.0877653592889416,-0.7127865238682319,67
-1.1310976398954349,-1.005326837702652,67
1.9569631831588898,2.285836884541961,1
1.8897357484593444,2.2328805387690625,1
1.9349478908744573,2.236329100833618,1
1.9356503171755528,2.272339513295429,1
1.863267739044251,2.141252813174678,1
1.9249035302416302,2.3606600058211566,1
1.8731970741162107,2.3431219685400646,1
1.8980805525047928,2.3527478136056765,1
1.8655258225165685,2.413487012548993,1
1.8087828454893802,2.2667169032597605,1
-1.1358494057136608,-1.1684268983050168,67
-1.2028930272634377,-1.0540819581024836,67
-1.1127291300760178,-0.966149139786507,67
-1.1281411650875817,-0.636280902312892,67
-1.0903923757869076,-1.0218950829216844,67
-1.1358494066070717,-1.1684268964819788,67
-1.2028930272737317,-1.0540819580659477,67
-1.1127291302784539,-0.966149138963745,67
-1.128141165101054,-0.6362809022662057,67
-1.0903923765566033,-1.021895080397791,67
-0.4062504672758479,-1.1359845388369938,64
-0.41152071364646003,-1.2096655393749667,64
-0.42482775742680595,-1.0581403932422706,64
-0.3992668764736448,-1.121858212861092,64
-0.4062504672758468,-1.1359845388369931,64
-0.41152071364646003,-1.209665539374968,64
-0.4248277574268062,-1.0581403932422713,64
-0.3992668764736443,-1.1218582128610914,64
2.3461615959561146,1.4234017578896696,7
2.4066833658517988,1.2307237843988499,7
2.4322367224355794,1.2569324057347178,7
2.457627148274136,1.27247859898525,7
2.37163085043485,1.1757910111076126,7
2.359710855852759,1.3532009206761277,7
2.446381735655101,1.291129808720792,7
2.412384187729909,1.2017729863615576,7
2.437539363821592,1.3214216513766341,7
2.3603847802751603,1.101673235515991,7
-0.29755940065859804,-1.33720815151525,64
-0.46273030292063555,-1.1558066878116156,64
-0.45021352032889933,-1.2411960464358365,64
-0.40420177513019223,-0.9822813581836415,64
-0.34717956269934125,-1.1147303310969474,64
-0.2975594006585985,-1.3372081515152516,64
-0.46273030292063577,-1.1558066878116147,64
-0.45021352032889933,-1.2411960464358367,64
-0.4042017751301921,-0.9822813581836415,64
-0.3471795626993417,-1.1147303310969476,64
-0.3088188962261656,-1.109529452386811,64
-0.4990148315055976,-1.0170191826776491,64
-0.3895368459876603,-1.0642963287695975,64
-0.4072447092837027,-0.910051288583519,64
-0.3668906328826698,-1.0483452088401237,64
-0.30881889622616565,-1.1095294523868104,64
-0.4990148315055974,-1.0170191826776496,64
-0.3895368459876605,-1.064296328769598,64
-0.4072447092837027,-0.9100512885835181,64
-0.36689063288267026,-1.0483452088401237,64
2.3170911607144724,1.146484170785085,7
2.470198967775983,1.0226397614754774,7
2.3008676233685197,1.1698430492198029,7
2.279273075699022,0.9590602028121036,7
2.3672720227883612,1.0297498172543342,7
2.2597204776965394,0.8105602378704495,7
2.4539130079116678,1.1357239911310775,7
2.5117538585856978,1.1164560671250363,7
2.220954285473376,1.0010037125581168,7
2.30230874636496,0.8332843811788775,7
2.317091160707246,1.1464841708004543,7
2.4701989677759566,1.0226397614755502,7
2.300867623380981,1.1698430491927172,7
2.2792730756990163,0.9590602028121162,7
2.367272022788261,1.0297498172545796,7
2.2597204776965376,0.8105602378704498,7
2.4539130079108076,1.1357239911330146,7
2.511753858585961,1.1164560671243997,7
2.2209542854733484,1.0010037125581661,7
2.3023087463649645,0.8332843811788785,7
-0.6072902519163906,-2.058173060929261,63
-0.5626926101490954,-2.111592374272451,63
-0.5943093162019246,-1.9582737214246932,63
-0.5385300715686058,-2.070648805449358,63
-0.6072902519163897,-2.058173060929262,63
-0.5626926101490954,-2.1115923742724507,63
-0.5943093162019244,-1.9582737214246926,63
-0.5385300715686057,-2.0706488054493564,63
3.0306171908241613,1.687670108890936,4
3.0488994563113887,1.571814038037993,4
3.05787909662438,1.6204499042269462,4
3.065990635169885,1.616886352560262,4
2.9755656712450276,1.5676617247959306,4
3.034113910303232,1.740178293287772,4
3.002072150836066,1.7269535006231909,4
3.016973870942686,1.6555337072579366,4
3.0257431793948824,1.7461832226677914,4
2.9257061646317264,1.6134665662769005,4
-0.5101844330589838,-2.320265847651529,63
-0.6649491363760036,-2.0319815600537856,63
-0.5771062502590976,-2.1083481802207316,63
-0.5900012321355836,-1.9301639484741093,63
-0.528010130526606,-1.9754816217852316,63
-0.510184433058984,-2.320265847651529,63
-0.6649491363760042,-2.0319815600537874,63
-0.5771062502590972,-2.108348180220733,63
-0.5900012321355836,-1.930163948474109,63
-0.5280101305266061,-1.9754816217852318,63
-0.8406723564214925,-0.6885525930207059,66
-0.86428004831917,-0.7530254874109203,66
-0.8228553651212673,-0.5421665035121893,66
-0.8588682031969733,-0.612738665052626,66
-0.8406723564082653,-0.688552593197396,66
-0.8642800487229422,-0.7530254764945996,66
-0.822855365116868,-0.5421665035384785,66
-0.8588682027464096,-0.6127386682075393,66
1.6048951211857891,1.875207376091163,14
1.4890222605813792,1.774854832944765,14
1.5282979110258388,1.7471927370131741,14
1.4812322804185214,1.7836320971649193,14
1.4430017607471608,1.7238504380903883,14
1.6090411820960373,1.910776895495245,14
1.5164749390528214,1.892539396613242,14
1.495473605410572,1.7730205503027192,14
1.4220439564788905,1.8593114129995159,14
1.4106422036312007,1.7388525551737322,14
-0.7031250314638967,-1.3323257888434812,66
-0.825290103607122,-0.7358911369018416,66
-0.8926637962182363,-0.8697881056321414,66
-0.7709660617356089,-0.4598559952706016,66
-0.8109495942131223,-0.6980632940464997,66
-0.7031252370157994,-1.3323250280308003,66
-0.8252901036070217,-0.7358911369033981,66
-0.8926638462860575,-0.8697891428494948,66
-0.770966061735068,-0.4598559952727872,66
-0.8109495943069458,-0.6980632923317373,66
-0.7454138495820836,-0.6548986529685293,66
-0.9175634610733401,-0.4299977718447812,66
-0.9331396848692707,-0.4961224421247779,66
-0.8065558034805479,-0.31852744590707716,66
-0.813749177910695,-0.587962383630921,66
-0.7454138495820751,-0.6548986529685936,66
-0.917563461073217,-0.4299977718452017,66
-0.9331396854473113,-0.4961224399797111,66
-0.806555803480578,-0.318527445906974,66
-0.8137491779090952,-0.5879623836438959,66
1.5102918846136688,1.794077158973031,14
1.62114474191075,1.6520190138100048,14
1.405733520243851,1.7871366317941948,14
1.4062987639303315,1.5950753521218934,14
1.4194791459745002,1.667439792551548,14
1.4769209118390705,1.4550764869570172,14
1.5134503335908773,1.7978406072561737,14
1.5645187385192172,1.8100710983834813,14
1.402812432696599,1.6569746461259292,14
1.3821264105815256,1.4449917585145788,14
1.5102918846136664,1.794077158973031,14
1.6211447419107496,1.652019013810006,14
1.4057335202438517,1.7871366317941948,14
1.40629876393033,1.5950753521218937,14
1.4194791459744986,1.6674397925515465,14
1.4769209118390692,1.4550764869570205,14
1.5134503335908778,1.797840607256173,14
1.564518738519214,1.81007109838348,14
1.4028124326965987,1.6569746461259292,14
1.382126410581526,1.4449917585145784,14
-0.8685031598205739,-1.45509219439295,65
-0.8527634520276406,-1.5680861930076766,65
-0.8709785664549419,-1.3089773493893984,65
-0.8457414838422774,-1.5353510030502264,65
-0.8685031598202526,-1.4550921943935278,65
-0.8527634520107081,-1.5680861930431411,65
-0.8709785657970669,-1.3089773512183243,65
-0.8457414838423717,-1.5353510030500632,65
2.313503365416411,2.5153539410192796,0
2.2178905662421844,2.4522676445395075,0
2.2561811251404786,2.4421836086778206,0
2.237372483844412,2.4789805184580587,0
2.2004428134263576,2.3768082356037747,0
2.332181709106693,2.562796428446968,0
2.2833487746031538,2.5646168071909954,0
2.27908686327029,2.515013963009274,0
2.2418141345180986,2.585186461495114,0
2.179050723226263,2.4565599519847985,0
-0.7535642917940654,-2.004721112803284,65
-0.9075631798822551,-1.4427440418346853,65
-0.8426712853302789,-1.545469472078581,65
-0.8691417094538086,-1.309670404178096,65
-0.7921936391698637,-1.5057558722419295,65
-0.7535642917940617,-2.0047211128032894,65
-0.9075631798823163,-1.4427440418345523,65
-0.8426712853098642,-1.545469472116944,65
-0.8691417127181735,-1.3096703953581543,65
-0.7921936391698521,-1.505755872241944,65
1.914865818136175,-1.7486875367421129,43
2.010843346417629,-1.6952549969856345,43
2.009545899140039,-1.7970204314258735,43
1.8801088842577491,-1.6508896008081646,43
1.9148658181361855,-1.7486875367421062,43
2.010843346417635,-1.6952549969856296,43
2.0095458991400377,-1.7970204314258686,43
1.880108884257748,-1.6508896008081604,43
1.4143024170586054,-3.3990246266374027,51
1.6068263213832548,-3.054458207859606,51
1.4561656783447403,-3.205743164665172,51
1.6816141173343295,-3.1185650900619377,51
1.5136500447318282,-3.388883446050366,51
1.5082274494647994,-3.1909651111920376,51
1.580133746871876,-3.0283441498426233,51
1.5805441151120463,-3.0559776748042435,51
1.6495436874426437,-2.9890004927047,51
1.529887002629806,-3.268208604407581,51
1.9613542438787994,-1.7278803120353117,43
1.8996425661369167,-1.675836022006629,43
1.8780405048043778,-1.6558838796372506,43
1.95810959808132,-1.7540210488122836,43
1.836838475190416,-1.6897850247446033,43
1.9613542438787996,-1.7278803120353112,43
1.8996425661369174,-1.675836022006629,43
1.8780405048043785,-1.6558838796372488,43
1.9581095980813201,-1.7540210488122827,43
1.836838475190416,-1.6897850247446022,43
2.119101391426526,-1.9230544936523746,43
1.9452887263950134,-1.9224747284748431,43
1.9993362502317746,-1.8210617141617849,43
2.147541610373053,-1.9856306484602564,43
2.003208881153909,-1.847143086726344,43
2.119101391426526,-1.9230544936523741,43
1.9452887263950134,-1.9224747284748434,43
1.9993362502317744,-1.8210617141617853,43
2.147541610373054,-1.9856306484602566,43
2.0032088811539097,-1.8471430867263448,43
1.4278546278257929,-3.166656251299879,51
1.5058180716283662,-3.2323368395276373,51
1.4115384546766268,-3.0379780119025512,51
1.6350236226432444,-3.0668518443191695,51
1.40993322419025,-3.052930089559561,51
1.680273514101386,-3.054473852572504,51
1.3618125053952899,-3.0803733576540675,51
1.6593861648571329,-3.098337555133316,51
1.5030618414615482,-3.1058285821451515,51
1.6657037958244554,-3.1810159860251033,51
1.4278546263090555,-3.1666562519489787,51
1.5058180578373526,-3.2323368455438595,51
1.4115389219803682,-3.0379778031184306,51
1.6350236230025383,-3.066851844136195,51
1.4099332223922256,-3.0529300903604772,51
1.6802735074644797,-3.054473856055892,51
1.361812208400346,-3.0803734850324593,51
1.659400616961044,-3.0983300039908044,51
1.503061834723334,-3.1058285852885827,51
1.6657038020263233,-3.181015982909176,51
-0.8518257876858972,-1.2745508146321325,62
-0.7958346275305673,-1.1648581433878733,62
-0.8343176645607049,-1.1122744547702883,62
-0.7953013353266423,-1.1719067691186797,62
-0.8518257876858972,-1.2745508146321334,62
-0.7958346275305662,-1.1648581433878726,62
-0.834317664560705,-1.112274454770289,62
-0.7953013353266422,-1.1719067691186789,62
1.8742882171042232,0.40668376859218913,6
1.9326433829287961,0.24663984643963305,6
1.9777211133648125,0.2621014666778836,6
2.0050363502124164,0.27309501305052425,6
1.9731648273536602,0.21501210383070582,6
1.8115359883251698,0.41761051285223694,6
1.8730228755365566,0.33426068303793816,6
1.8204038970582543,0.3156437067922979,6
1.8719563808457518,0.3430581808736706,6
1.8431176095182578,0.22611991922334415,6
-0.6932509304332556,-1.3552077417188877,62
-0.8628389137718857,-1.4206206689675098,62
-0.8469559688906819,-1.2074257726433835,62
-0.8282878065382773,-1.0581746180932787,62
-0.7672789715704158,-1.1768260961839276,62
-0.6932509304332561,-1.3552077417188884,62
-0.862838913771885,-1.4206206689675098,62
-0.846955968890681,-1.2074257726433824,62
-0.8282878065382783,-1.0581746180932814,62
-0.7672789715704162,-1.176826096183928,62
-0.7100966281789541,-1.4273864623117793,62
-0.9028689406355165,-1.2525782393784357,62
-0.8120449252889053,-1.1810656577928464,62
-0.7896039784532279,-1.0396716733095193,62
-0.8011916591664433,-1.2699215278800897,62
-0.7100966281789551,-1.4273864623117785,62
-0.9028689406355165,-1.2525782393784355,62
-0.8120449252889049,-1.1810656577928478,62
-0.7896039784532294,-1.0396716733095195,62
-0.8011916591664434,-1.2699215278800908,62
1.8392863520753273,0.30051248376221,6
1.981806153996996,0.1799056635417325,6
1.867529272555104,0.24234916323806244,6
1.8806419872836482,0.11333769629295166,6
1.8976869424163003,0.1240367361193263,6
1.824065229161092,0.04194674141222766,6
1.9316866455447812,0.2042871471644275,6
2.0368040073889513,0.1645280952006356,6
1.787680020200675,0.21389635410886765,6
1.8761216798533136,0.04723364947781413,6
1.839286352075326,0.30051248376220974,6
1.9818061539969969,0.17990566354173268,6
1.8675292725551027,0.24234916323806222,6
1.8806419872836486,0.11333769629295168,6
1.8976869424163023,0.12403673611932664,6
1.824065229161092,0.041946741412227456,6
1.931686645544782,0.2042871471644275,6
2.036804007388948,0.16452809520063566,6
1.787680020200673,0.2138963541088678,6
1.8761216798533127,0.047233649477814194,6
-0.9073185585141704,-1.6438237837071012,61
-0.8322455750482004,-1.6433120050177845,61
-0.9104834322576701,-1.597321344453555,61
-0.812297595456983,-1.628776565918697,61
-0.90731855851417,-1.6438237837071008,61
-0.8322455750481988,-1.643312005017784,61
-0.9104834322576709,-1.5973213444535541,61
-0.8122975954569835,-1.6287765659186966,61
2.5250194766992218,0.7040093994435924,3
2.443578334485037,0.5790740037407539,3
2.5022197743327697,0.6052692974174684,3
2.494625307139186,0.596808399469182,3
2.40264001027539,0.553732624895465,3
2.453203628136751,0.7568258266705659,3
2.3473838554854836,0.7036780267911952,3
2.3964483923283826,0.6467257409258818,3
2.3503425133280795,0.7377690200163954,3
2.289859028484897,0.6305692887320207,3
-0.8131701413412971,-1.6468547042589423,61
-0.9156035889407999,-1.743993474947877,61
-0.8759940490605754,-1.5901206005506223,61
-0.9348272376881372,-1.5576316420038059,61
-0.8057277968591228,-1.5983910393205603,61
-0.8131701413412981,-1.6468547042589428,61
-0.9156035889407994,-1.743993474947878,61
-0.8759940490605745,-1.5901206005506217,61
-0.9348272376881375,-1.557631642003806,61
-0.8057277968591228,-1.5983910393205598,61
-1.9228045247346068,0.3031091122790912,68
-1.8755094143419533,0.34568657710880296,68
-1.8534211478417861,0.31208654184209766,68
-1.8654366401049818,0.297463539624923,68
-1.9228045247436392,0.30310911232679766,68
-1.8755094143427877,0.3456865771138885,68
-1.853421147845548,0.3120865418623457,68
-1.8654366401055564,0.2974635396280391,68
0.6436222256044482,1.3998365174816771,11
0.5134337182863776,1.2665444848555214,11
0.5918706448629275,1.2873820192672925,11
0.5618495623080999,1.314328289026738,11
0.544578052774369,1.201553586726245,11
0.6392609816742152,1.4368443178605015,11
0.5352920628746093,1.3279820073198938,11
0.5570378670828897,1.3047465415558388,11
0.48277399461292,1.3585266322834637,11
0.5133319054969824,1.171629789237527,11
-1.489574942842458,-0.11723330835830668,68
-1.885660046812096,0.09015420351148482,68
-1.9099132979624873,0.3031190683590408,68
-1.7294490239414178,0.2099297901282765,68
-1.7528119109687736,0.1803488697174538,68
-1.48957494282446,-0.11723330841774597,68
-1.885660048962615,0.09015421140564431,68
-1.909913297990072,0.30311906851054105,68
-1.7294490239404123,0.2099297901236017,68
-1.7528119109694356,0.18034886972175182,68
-1.5206893723974435,0.029188176296218817,68
-1.8402448411291525,0.1533990403459741,68
-1.79757165316477,0.33059343320958545,68
-1.6208125432718012,0.15678203081268346,68
-1.6427568010802112,0.04694275138430325,68
-1.5206893723975476,0.029188176296690273,68
-1.8402448411256755,0.15339904033280993,68
-1.79757165316973,0.3305934332338605,68
-1.6208125432718408,0.1567820308129302,68
-1.6427568010802118,0.046942751384311726,68
0.5553715474644993,1.3026551626788916,11
0.6742821530326842,1.1660336372669011,11
0.42076648531724364,1.334107506023802,11
0.380164917476845,1.238050171633564,11
0.43397275900733456,1.1337952385778511,11
0.5298393630873016,0.9816316896016294,11
0.44089624378759146,1.2522325587226277,11
0.5761371242380322,1.2635707378315872,11
0.4821908955376855,1.1878903611406386,11
0.4698532859770625,1.0121189715916359,11
0.5553715474644972,1.302655162678894,11
0.6742821530326775,1.1660336372669018,11
0.4207664853172439,1.334107506023803,11
0.38016491747684666,1.2380501716335635,11
0.4339727590073336,1.1337952385778503,11
0.5298393630872859,0.9816316896016344,11
0.44089624378759146,1.252232558722629,11
0.5761371242378283,1.2635707378316487,11
0.48219089553768624,1.1878903611406362,11
0.469853285977058,1.0121189715916359,11
-1.3239705391507635,-0.7713529426495765,67
-1.2679027597256365,-0.6933075273471453,67
-1.3071299482084529,-0.6172255560808976,67
-1.2559153957380684,-0.7895444576896911,67
-1.3239705391507102,-0.7713529426497286,67
-1.2679027597257526,-0.6933075273466772,67
-1.307129948208451,-0.6172255560808985,67
-1.2559153957383162,-0.7895444576888103,67
1.6777665877350463,2.1431699359268137,1
1.6172213389596155,2.0524630862346243,1
1.669979611862372,2.077116425717588,1
1.659211392693199,2.077978485785006,1
1.590898006232717,1.9222885180265856,1
1.670626845869471,2.2668528877457654,1
1.5917761883931936,2.1688630731451037,1
1.6434321701897543,2.185637765532645,1
1.5875907190875143,2.2191113303929937,1
1.5553735919475922,2.063377725609377,1
-1.2161515028142953,-0.8095472041734548,67
-1.3687564906360588,-0.9852331193570818,67
-1.3077233297763766,-0.659005605390175,67
-1.33124397891476,-0.5732804227304154,67
-1.2527875334424419,-0.8091530922565588,67
-1.216151502814361,-0.809547204173249,67
-1.368756490652711,-0.9852331193064597,67
-1.3077233297758217,-0.6590056053925757,67
-1.3312439789147628,-0.5732804227304078,67
-1.2527875334376133,-0.8091530922726244,67
-0.647560405621499,-1.1751406184041309,64
-0.5901907605994942,-1.1097559033336153,64
-0.6574062528986858,-1.0904042135462126,64
-0.5751163118781942,-1.0934042932696042,64
-0.6475604056214985,-1.175140618404131,64
-0.5901907605994947,-1.1097559033336148,64
-0.6574062528986854,-1.090404213546213,64
-0.5751163118781947,-1.0934042932696029,64
2.096178783056009,1.2768604681004676,7
2.014247069480902,1.095440864273416,7
2.026639167398787,1.0946423108399455,7
2.0435947833915713,1.1004790296051885,7
2.017303896239015,0.9852547577625653,7
2.093128752933374,1.30678887995477,7
2.057822967343642,1.1849233176790734,7
2.0418070122335603,1.095248633997233,7
2.0472815557592683,1.2096249612817742,7
1.9921909672258444,0.9851734040475452,7
-0.4456746813912325,-1.2662349945250406,64
-0.6572178971528299,-1.2816606966901731,64
-0.6293959224831126,-1.1124283181840364,64
-0.6541862930731506,-0.9819598434588367,64
-0.5424022839345449,-1.071868500604529,64
-0.4456746813912327,-1.2662349945250402,64
-0.6572178971528295,-1.2816606966901722,64
-0.6293959224831142,-1.1124283181840378,64
-0.6541862930731511,-0.981959843458836,64
-0.5424022839345447,-1.0718685006045285,64
-0.45814613271830334,-1.1265112494677425,64
-0.6985252057114866,-1.1057080634973493,64
-0.5584229693345898,-1.0174859721886005,64
-0.6277858232500065,-0.9453112932778008,64
-0.5455303987387286,-1.0467702731606172,64
-0.45814613271830357,-1.1265112494677445,64
-0.6985252057114868,-1.1057080634973468,64
-0.5584229693345896,-1.0174859721885998,64
-0.6277858232500064,-0.9453112932778023,64
-0.5455303987387287,-1.046770273160617,64
1.9829543743986342,0.9959740539999176,7
2.1628505833260068,0.8563429890080506,7
1.958951871088641,0.9937475003097233,7
2.006749888674434,0.8057970716235214,7
1.9784595782013246,0.8985681867179551,7
1.9992543581309665,0.7095584265853146,7
2.053037487714965,1.0360666617537344,7
2.1509611685795402,1.0433041400562002,7
1.9332854867183251,0.8600409670930921,7
2.0290638074159175,0.7088510968210155,7
1.9829543743986222,0.9959740539999506,7
2.162850583326067,0.8563429890079031,7
1.9589518710886222,0.9937475003097876,7
2.006749888674435,0.8057970716235249,7
1.9784595782013223,0.8985681867179575,7
1.9992543581309674,0.7095584265853155,7
2.0530374877133366,1.0360666617587213,7
2.1509611685911327,1.043304140024149,7
1.9332854867183262,0.8600409670930929,7
2.029063807415919,0.7088510968210158,7
-0.7282592607450975,-1.8653589799191066,63
-0.6809689993618058,-1.8932879885461744,63
-0.7492938754461099,-1.8304773277463038,63
-0.6519668667171156,-1.8558867871900049,63
-0.7282592607450972,-1.865358979919112,63
-0.6809689993618058,-1.8932879885461742,63
-0.7492938754461096,-1.8304773277463038,63
-0.6519668667171153,-1.855886787190003,63
2.770044445109691,1.6507782447414205,4
2.7568220441842834,1.4936900513926288,4
2.782658130852766,1.5006251961628734,4
2.7647812642521705,1.5151285487302033,4
2.715611744958673,1.4290570819852673,4
2.7098619941878024,1.7160806663408825,4
2.757512494588531,1.6115895092270205,4
2.74365559730901,1.5646127698313863,4
2.725481904395618,1.635195133011515,4
2.7094334276468803,1.4847565367601654,4
-0.6018109898659817,-2.058718065790831,63
-0.7737039623615961,-1.8691230336762414,63
-0.7057444873357781,-1.8371821954334524,63
-0.7570558249802523,-1.7853638604867457,63
-0.6452853117840299,-1.7804343045742324,63
-0.6018109898659816,-2.058718065790834,63
-0.773703962361596,-1.8691230336762419,63
-0.7057444873357783,-1.837182195433452,63
-0.7570558249802528,-1.7853638604867446,63
-0.6452853117840296,-1.7804343045742324,63
-1.1047585454811735,-0.6996983585469966,66
-1.1194937011063986,-0.4575682543115784,66
-1.107048995144735,-0.43283239954532726,66
-1.0929854908566958,-0.46656436039885846,66
-1.1047585454275433,-0.6996983587225089,66
-1.1194937011063917,-0.4575682543115967,66
-1.1070489951447318,-0.4328323995453387,66
-1.0929854908566812,-0.46656436039892296,66
1.1582482195349146,1.7201020926999586,14
1.013941196621165,1.578749691353347,14
1.0531775639412784,1.550754410471794,14
1.021371383231668,1.581722698925848,14
1.004202964930643,1.5117069847076525,14
1.164955104849048,1.81071440323401,14
1.0874979886615663,1.6675986516895887,14
1.0386370255432484,1.6088486634645678,14
1.0095517696468062,1.653485706790011,14
0.9785546708492519,1.5281267354523766,14
-0.8999227715411497,-0.8859523505447032,66
-1.0812560730494631,-0.6718742171378571,66
-1.1439548764803866,-0.4560353326995887,66
-1.053153312181055,-0.3687282247095085,66
-1.0284080204553634,-0.4111620825376534,66
-0.8999227715411134,-0.8859523505417031,66
-1.0812560730505598,-0.67187421713484,66
-1.1439548764804255,-0.4560353326994079,66
-1.0531533121810548,-0.3687282247095087,66
-1.0284080204553623,-0.4111620825376604,66
-0.8969911992207797,-0.6013117394892562,66
-1.221371779481673,-0.46935288403931524,66
-1.1168303182449406,-0.33728627121144295,66
-1.076224909839206,-0.33730526920744797,66
-1.0170583352305758,-0.4739555044896182,66
-0.8969911992207743,-0.6013117394892818,66
-1.2213717794816736,-0.46935288403930286,66
-1.1168303182449397,-0.3372862712114633,66
-1.0762249098392056,-0.33730526920744885,66
-1.0170583352305747,-0.4739555044896222,66
1.1765587186232391,1.6603039231176449,14
1.2823922706653106,1.5325285190777453,14
1.0523810863536907,1.611702840718956,14
1.0700360867959648,1.4582766900028674,14
1.0286759663155645,1.487819892911703,14
1.0962185061439393,1.2744692189300362,14
1.0997938485390362,1.6675952398259255,14
1.1819828836211062,1.6732645120617438,14
1.0309850754686116,1.491125235387255,14
1.0142777144550583,1.3074259862050304,14
1.176558718623239,1.6603039231176462,14
1.2823922706653104,1.5325285190777467,14
1.052381086353689,1.6117028407189546,14
1.070036086795968,1.4582766900028665,14
1.0286759663155656,1.4878198929117021,14
1.096218506143938,1.274469218930036,14
1.0997938485390377,1.667595239825926,14
1.1819828836211035,1.6732645120617464,14
1.030985075468613,1.4911252353872553,14
1.0142777144550579,1.307425986205029,14
-1.0961818950875,-1.1853355815867082,65
-1.0710284935964718,-1.2242840205281362,65
-1.1187469577475453,-1.1272881025519417,65
-1.0453498427256058,-1.2716520695685465,65
-1.0961818950875046,-1.185335581586696,65
-1.0710284935990741,-1.2242840205202887,65
-1.1187469577474833,-1.1272881025521406,65
-1.0453498427262296,-1.271652069566862,65
1.952689995994599,2.394815447890291,0
1.8716776750413997,2.2912823000433074,0
1.9047947208393348,2.276391396074161,0
1.892022862596359,2.3216920530841176,0
1.845981077897864,2.184524810217793,0
1.948706122402424,2.488778062507782,0
1.920355606447107,2.4240779034482136,0
1.9197506247610343,2.36974680512441,0
1.896042280457954,2.4378057385247223,0
1.85966323986099,2.2670181042645807,0
-0.977843017320651,-1.6277945173632853,65
-1.090735809270489,-1.2749319686131562,65
-1.0634900838814434,-1.1971611372663484,65
-1.0921142628206666,-1.0719142600882436,65
-0.998962787831906,-1.1902035564712792,65
-0.9778430173243803,-1.6277945173545816,65
-1.090735809270476,-1.2749319686131877,65
-1.0634900838829555,-1.1971611372620665,65
-1.092114262820663,-1.0719142600882614,65
-0.998962787833389,-1.1902035564651943,65
2.0941455418454864,-1.7464108266968283,43
2.1437639499855154,-1.6050690080186776,43
2.175293016814107,-1.7489112531049138,43
2.040249723865165,-1.5999936755911486,43
2.0941455418454873,-1.7464108266968288,43
2.143763949985516,-1.6050690080186771,43
2.1752930168141065,-1.7489112531049154,43
2.0402497238651605,-1.5999936755911517,43
1.278173418541273,-3.2390396277761253,51
1.4752957255300871,-2.8821334637925444,51
1.3902728095839474,-3.1016468283336325,51
1.5902286451974514,-3.002974778863037,51
1.4304710377467165,-3.260767153943723,51
1.427873792177978,-2.960660961858239,51
1.520709104430142,-2.757211297475872,51
1.553487842058943,-2.7943684402453455,51
1.6076137861768167,-2.776605972997723,51
1.5235279025921606,-2.9994755587649244,51
2.1485222854150074,-1.712955218759944,43
2.044631599756966,-1.6648373951462412,43
2.057840399589446,-1.621524457145931,43
2.149704243263277,-1.7381922000183794,43
2.0192413281287367,-1.7183682018404796,43
2.148522285415006,-1.7129552187599437,43
2.0446315997569657,-1.66483739514624,43
2.057840399589445,-1.6215244571459269,43
2.1497042432632782,-1.7381922000183792,43
2.0192413281287376,-1.7183682018404796,43
2.282622571311985,-1.790124371716,43
2.1636836495387186,-1.802325944434536,43
2.188768192100051,-1.6902170536737713,43
2.323394931922412,-1.8099514850034595,43
2.236926942693112,-1.772112393256978,43
2.2826225713119865,-1.7901243717160005,43
2.163683649538718,-1.8023259444345372,43
2.1887681921000515,-1.6902170536737704,43
2.323394931922413,-1.8099514850034595,43
2.236926942693112,-1.772112393256979,43
1.3452650050695119,-3.0598957050860243,51
1.472377556690228,-3.0915560668003144,51
1.3191452700357176,-2.935662983291154,51
1.6506304876736462,-2.9033594777723737,51
1.368294535551786,-2.8701189147501687,51
1.6012942542743436,-2.8285204797726253,51
1.292954051191174,-2.9071727447190767,51
1.6881426781956679,-2.9241613177757704,51
1.4511803106274483,-2.9586052944768686,51
1.6937990325231342,-2.9909873869402857,51
1.3452650051484858,-3.0598957050502325,51
1.472377557042551,-3.0915560666341757,51
1.3191452700376551,-2.9356629832902295,51
1.6506304877146611,-2.9033594777494693,51
1.3682945355523732,-2.8701189147498782,51
1.6012942549974845,-2.8285204793596233,51
1.29295405119499,-2.907172744717249,51
1.688142678133147,-2.924161317811348,51
1.4511801403305382,-2.9586053776439023,51
1.6937990324065617,-2.990987387003079,51
-2.144699650859093,1.0598611930433175,62
-1.9422569461539991,0.8796094650402806,62
-2.1265700629006554,1.0455914891851994,62
-2.042157147807278,0.9289697701925963,62
-2.144699630976332,1.059861250468108,62
-1.942256945916126,0.8796094677842304,62
-2.1265700620056576,1.0455914908894341,62
-2.042157148272116,0.9289697678807752,62
1.8220759646115539,0.45988098782123943,5
1.9653797375018016,0.08748794591391573,5
2.029532408141023,0.13800139415627266,5
1.8667380771923645,0.17403095522268702,5
1.854849005236589,0.0522240300484022,5
1.908715838660686,0.2959543607628616,5
1.8835766519559733,0.20115513650499423,5
2.047122538998105,0.10466749881476994,5
1.845633599225547,0.1871097817621802,5
1.9107532515863506,0.11832136301104737,5
-1.6721462115196095,0.7992369224174586,62
-2.223990507517975,1.0578923394882942,62
-1.9519305216409832,0.7416763454198868,62
-2.0081598367709375,0.9697281422505594,62
-1.9044573861225658,0.841678310520899,62
-1.672146211158389,0.7992369219666543,62
-2.2239905074418083,1.0578923397172106,62
-1.9519305216444514,0.7416763453534071,62
-2.0081598367455986,0.9697281428317939,62
-1.9044573860827398,0.8416783106991691,62
-1.6538456648287554,-0.7267814476936058,61
-1.5835238391872588,-0.5002939152251039,61
-1.6630242413283196,-0.38603203671082525,61
-1.5533025186081575,-0.5168146467980119,61
-1.6536707614987018,-0.7272192406109863,61
-1.5834937947837608,-0.500404303745528,61
-1.6630251500433118,-0.38602842731842746,61
-1.5532892094613797,-0.5168626686083758,61
2.6134579247795364,1.9332609501909783,3
2.9557441404984544,0.24871798181529403,3
3.0663553797417564,0.27158360216779787,3
2.9449928062649233,0.34824518905095947,3
2.572484355299337,1.561591876112897,3
2.6543855223616637,1.8772003413239642,3
2.98651712735453,0.3448221515935075,3
3.1530666776945675,0.26636426720123496,3
2.9827888440942134,0.34807786161311116,3
2.983184376775271,0.3109195498072168,3
-1.047318689380913,-0.8142631093010881,61
-1.5755265813495707,-1.0648369014814532,61
-1.6313831999366906,-0.32562874805650005,61
-1.6146448798201662,-0.10173160943211339,61
-1.498863365528373,-0.3446476208240131,61
-1.047318691778042,-0.8142631036631034,61
-1.5751283452900346,-1.065585916869179,61
-1.6313759911891736,-0.32566697819795765,61
-1.6146265952123344,-0.1017979010547576,61
-1.4988634793139837,-0.3446468198531878,61
-2.428195376191337,1.5647778225239883,68
-2.407669351357613,1.475582955468918,68
-2.444924035506717,1.5742632313202551,68
-2.4803742271868905,1.5145525512375317,68
-2.4281953761913364,1.564777822523989,68
-2.407669351357612,1.4755829554689184,68
-2.4449240355067157,1.574263231320254,68
-2.4803742271868896,1.514552551237532,68
-0.6073256702715505,3.0664405090363425,10
-1.152417011862003,2.7340823415596747,10
-1.0293383501560733,2.7901665259286816,10
-1.0190178363179578,2.664260374546118,10
-1.330867897915358,2.3621458702028493,10
-0.253539478561022,3.1084229962692183,10
-0.33185206310322074,2.9524106899399207,10
-0.432045357675261,3.094994858282075,10
-0.7097150242786822,2.8209264373521674,10
-0.6656011652214536,2.8961356564718046,10
-2.1910390339545702,1.3248126895100776,68
-2.4764028786496715,1.5661473197148719,68
-2.389371238088032,1.458498652271341,68
-2.3839279506577595,1.5553017719117275,68
-2.400520025624719,1.51901229744528,68
-2.191039033954571,1.3248126895100778,68
-2.476402878649671,1.5661473197148736,68
-2.3893712380880303,1.4584986522713415,68
-2.3839279506577586,1.5553017719117286,68
-2.400520025624718,1.5190122974452775,68
-2.0964199437430664,0.8796910049820821,67
-2.0990991106138264,0.9387079899178649,67
-2.088391191648645,0.9158958777093245,67
-2.130614392512039,0.9015053917228305,67
-2.096419943743065,0.8796910049820827,67
-2.099099110613825,0.9387079899178691,67
-2.088391191648644,0.9158958777093235,67
-2.130614392512038,0.9015053917228301,67
1.4190963750772947,3.465602430528967,1
1.3458914690386095,3.420823584708526,1
1.3601524966138754,3.4138543236235575,1
1.3340922044307562,3.33279893969497,1
1.321184238978134,3.3188544404139386,1
1.4268449304104598,3.4911777128921697,1
1.3941217741522807,3.41894894343624,1
1.472052627625633,3.4520817753482302,1
1.3098126695829941,3.4137582900793975,1
1.354643241249907,3.3667515676924897,1
-1.7961944828172172,0.7213199330932587,67
-2.141424652468705,0.9167156754696475,67
-2.0632009654832024,0.9094201177407273,67
-2.0427637452371576,0.9455529148906757,67
-1.9689606894188911,0.9119432378759706,67
-1.796194482817217,0.7213199330932586,67
-2.1414246524687055,0.9167156754696485,67
-2.063200965483203,0.9094201177407262,67
-2.0427637452371576,0.9455529148906765,67
-1.9689606894188891,0.9119432378759715,67
-1.3733185619146095,0.5972898074668613,64
-1.2483602860315395,0.4668963626566393,64
-1.4239121676481306,0.5565851352036894,64
-1.2848104262526603,0.4208078403967227,64
-1.373318561912569,0.5972898074637801,64
-1.2483602860327616,0.4668963626585926,64
-1.4239121676570459,0.5565851352145607,64
-1.2848104262948827,0.4208078404879475,64
1.39760039782342,1.5572226904752604,12
1.4580350921985359,1.376680015855433,12
1.496608819706282,1.4035780163522908,12
1.4536127191843082,1.3736688993181416,12
1.362706571208419,1.3085071002688955,12
1.4462786247628105,1.6307896040222123,12
1.4945230159846907,1.5922915863876368,12
1.5567729763586176,1.5725643397752653,12
1.4612687619207865,1.5634569734226307,12
1.4573804275939415,1.5480148685522956,12
-1.1224616624146648,0.5236112725361973,64
-1.3236278056889421,0.4960831200507052,64
-1.2636609204051272,0.4129768419324841,64
-1.3192791559572787,0.5110067814183319,64
-1.2347604191120571,0.4194085172789992,64
-1.1224616624106645,0.5236112725319526,64
-1.3236278056624107,0.4960831200142621,64
-1.263660920405867,0.41297684193403966,64
-1.3192791559551793,0.5110067814154167,64
-1.2347604191110424,0.4194085172772385,64
-1.5872948964796394,-0.24333291758772313,63
-1.3246652188414616,-0.11575954577471548,63
-1.5302027684925852,-0.22972545196458602,63
-1.3576019380151811,-0.1981836341895756,63
-1.5872811945606498,-0.24347653226992672,63
-1.324665228301664,-0.11576115049230969,63
-1.5302021893835016,-0.22973066233311648,63
-1.3576019572268985,-0.19818617774243455,63
2.157289098184167,2.292563897641848,4
2.149533709860718,2.1204625069542513,4
2.1638373765781647,2.152433375425172,4
2.163554043488997,2.14314679805477,4
2.1094466783345873,2.1299864619724707,4
2.177731360576948,2.1263684565210137,4
2.1669578167290826,2.204184587150782,4
2.2183283400091125,2.1230309499688995,4
2.1122164809659427,2.179194048400032,4
2.131834980308544,2.14542657610309,4
-1.1058799732352635,-0.19141948956231425,63
-1.6388545186165129,-0.29384776056603074,63
-1.5090969519026078,-0.2520882713577147,63
-1.5143165550310806,-0.13413462004336463,63
-1.3644092785852757,-0.22597430651215641,63
-1.105879865550677,-0.19140244551165783,63
-1.638851868410944,-0.2938675495534007,63
-1.5090972173453125,-0.2520853284716509,63
-1.5143165416256272,-0.1341347354404151,63
-1.36440927731825,-0.22597444133937447,63
-1.8445030575788999,1.1106978208273643,66
-1.8092308554077212,1.037418978862355,66
-1.880769189089163,1.1074568872089727,66
-1.8860247446555563,1.0834801251256447,66
-1.8445030575789003,1.110697820827364,66
-1.8092308554077199,1.0374189788623565,66
-1.880769189089165,1.1074568872089714,66
-1.8860247446555543,1.0834801251256454,66
0.22148604803659078,2.7636342023198526,12
0.1683896205030214,2.693755549835832,12
0.17314313182316154,2.6256614830689986,12
0.10765839949843149,2.650290725806912,12
-0.09427554800538095,2.553229506807653,12
0.4102727994495055,2.769854878193729,12
0.31231431798367737,2.7969095577450562,12
0.3930500764935446,2.754169170476364,12
0.1631636327359271,2.7398889074387807,12
0.15339296063315097,2.7619571961592215,12
-1.862400545277476,1.0611634231866423,66
-1.8299628903517111,1.0646538952679228,66
-1.8164197779751945,1.0169964063292916,66
-1.8274947883722727,1.0923142073256198,66
-1.8406110464236676,1.1036989804588802,66
-1.8624005452774741,1.061163423186642,66
-1.829962890351713,1.0646538952679234,66
-1.8164197779751945,1.0169964063292927,66
-1.8274947883722739,1.0923142073256196,66
-1.8406110464236667,1.1036989804588793,66
-1.8017097845103385,0.6608649232799808,65
-1.6965907133530833,0.7004534761387538,65
-1.782173956444312,0.615966426457313,65
-1.748765956069679,0.6633377577640297,65
-1.8017097845103347,0.6608649232799807,65
-1.696590713353082,0.7004534761387538,65
-1.7821739564443129,0.6159664264573127,65
-1.7487659560696776,0.6633377577640299,65
1.3922197603369333,3.2060020703927723,1
1.403947530514338,3.1230734911237312,1
1.3831640011367496,3.087768331135223,1
1.3686064208839712,3.103162545668546,1
1.3104463594536182,3.0435190203567504,1
1.4128223870233112,3.1708241240959545,1
1.358841188719261,3.1925379260432316,1
1.4209974177879157,3.151738820679144,1
1.2856252224270615,3.1861219842717787,1
1.3337763884483351,3.124039903199138,1
-1.7713876692780772,0.7233720937861993,65
-1.7758528719894526,0.5700488267905558,65
-1.7238036516443707,0.636053947120564,65
-1.8189086952031848,0.6561269931267122,65
-1.670695730637341,0.6799856346848014,65
-1.7713876692780726,0.723372093786217,65
-1.7758528719894524,0.570048826790556,65
-1.723803651644371,0.6360539471205643,65
-1.818908695203185,0.6561269931267119,65
-1.6706957306373436,0.679985634684802,65
2.1424052970145167,-1.51524437103092,44
2.351049904568084,-1.401898837202558,44
2.3111095894257234,-1.4112915709407508,44
2.1816277863331575,-1.3853773290752278,44
2.142405297014514,-1.5152443710309214,44
2.351049904568083,-1.4018988372025585,44
2.3111095894257234,-1.4112915709407508,44
2.1816277863331526,-1.3853773290752422,44
2.0494421638599234,-2.796892918082887,52
2.0885479409028456,-2.5268937636369935,52
2.0897243283148548,-2.6402257111967864,52
2.1595683247647393,-2.6288553506799044,52
2.109272818185114,-2.823998968130067,52
2.0213588124502926,-2.7648543160103753,52
2.111478176597787,-2.6646748963863582,52
2.1870800599379256,-2.7716733370848465,52
2.129833347055012,-2.6544652495048457,52
2.135443239301411,-2.74035630585018,52
2.2107578046606036,-1.4330155645550366,44
2.1338483411821865,-1.427950935983484,44
2.3050598202852584,-1.3023154506399568,44
2.3160930268334807,-1.359634729502503,44
2.1047104031975796,-1.3384301704057888,44
2.2107578046606027,-1.4330155645550366,44
2.1338483411821887,-1.4279509359834845,44
2.3050598202852575,-1.3023154506399552,44
2.316093026833478,-1.3596347295025022,44
2.1047104031975787,-1.3384301704057877,44
2.4199988962153514,-1.3802554202379371,44
2.199783960428597,-1.265100183689101,44
2.391745734010753,-1.2423167940265176,44
2.481966435422525,-1.296504587761337,44
2.284022085218208,-1.2203208540236732,44
2.419998896215353,-1.380255420237937,44
2.199783960428597,-1.2651001836891007,44
2.391745734010753,-1.2423167940265183,44
2.481966435422524,-1.2965045877613368,44
2.284022085218208,-1.2203208540236723,44
2.09538031849518,-2.7234047241143715,52
2.2169693416962364,-2.8298037565841487,52
2.0460750441083255,-2.5806058676559878,52
2.2029905979174442,-2.665525921635062,52
2.112369546803623,-2.5606811226050157,52
2.275834327905697,-2.6543881836954317,52
2.012484991260684,-2.4761706287118983,52
2.3340274251067044,-2.7476242646345743,52
2.159316762395361,-2.6615632378914826,52
2.271714573615948,-2.7555517994826393,52
2.0953803184958497,-2.723404724113831,52
2.216969341369081,-2.8298037568470558,52
2.046075044108344,-2.5806058676559656,52
2.2029905979174225,-2.6655259216350804,52
2.112369546803642,-2.560681122605001,52
2.275834327905875,-2.654388183695284,52
-1.9470225676000028,1.720852975462352,52
-2.5340035573872157,2.203883609404672,52
2.1593167623938134,-2.6615632378928265,52
2.2717145736158733,-2.755551799482699,52
-2.068134013317459,1.0723805012054133,62
-1.879827197602832,0.949258554496073,62
-2.036692568299467,1.0634892811997838,62
-1.9678839048003836,0.9733843033192119,62
-2.068134013310362,1.0723805013302206,62
-1.87982719762461,0.9492585545313974,62
-2.036692568298469,1.063489281162826,62
-1.967883904898497,0.9733843039049757,62
1.734407265458877,0.38106825491768964,5
1.7921603103205768,0.1161972450738172,5
1.8868619812357834,0.15285315256446108,5
1.7848949591982286,0.1831103528563053,5
1.7665008818817995,0.07735250531412949,5
1.7808247644365423,0.28816664643463397,5
1.794077049100551,0.2084620079216087,5
1.888030083022665,0.12751852099206168,5
1.760888713535721,0.20162995529963046,5
1.8191969956053184,0.1285540021572723,5
-1.5271501088760735,0.7753947048311831,62
-2.159556933180688,1.0755961998181625,62
-1.8469637859946753,0.7894017849689294,62
-1.9326204177190542,0.9733353450564902,62
-1.8320565679749343,0.891498721171398,62
-1.527150108879401,0.7753947048344435,62
-2.1595569713033567,1.0755961056796277,62
-1.846963785978781,0.7894017850253329,62
-1.932620417718227,0.9733353450541324,62
-1.8320565679768324,0.8914987211736358,62
-1.6969320334582212,-0.40077132820043604,61
-1.5486947980689285,-0.2687127773366369,61
-1.62825251563103,-0.28189675265526803,61
-1.5532427624151341,-0.2667423833717071,61
-1.694459321868059,-0.40951799406353445,61
-1.548696144005023,-0.26870451805890816,61
-1.6282457428508845,-0.2819250524155917,61
-1.5532415843727079,-0.2667496952059863,61
2.9911903581926995,0.4999675797033733,3
2.7981024453833045,0.20370876488928927,3
2.9471690366541408,0.21274700059782178,3
2.8583849368397383,0.2615993492413351,3
2.78604725460432,0.24072867257795144,3
3.039406259286075,0.3454593652504387,3
2.8266212898086973,0.4020790130075392,3
3.0159946430925317,0.23273855948490532,3
2.8470837004884655,0.3908762409867215,3
2.823028544726904,0.3312974135982041,3
-0.9637918629318442,-0.6529258513387534,61
-1.60155788193938,-0.8831227281962197,61
-1.5690575625299314,-0.20913623577156845,61
-1.572061518826147,-0.04157135803482749,61
-1.4359800487044498,-0.2785225575372268,61
-0.9637918666327274,-0.6529258434526795,61
-1.5154380644767902,-1.0623485172916969,61
-1.5690574382994549,-0.20913680554944458,61
-1.5720926759437652,-0.04141697701372411,61
-1.4359843292074477,-0.27849721283677487,61
-2.408466045671982,1.5202076056931682,68
-2.359020638727496,1.4754544663798566,68
-2.405088365093236,1.5072493393295032,68
-2.423345305264972,1.5074396033740887,68
-2.4084660456719833,1.5202076056931706,68
-2.359020638727495,1.4754544663798574,68
-2.405088365093236,1.507249339329504,68
-2.423345305264973,1.5074396033740887,68
-0.15324577264030462,2.8793173410689836,10
-0.6643908560108461,2.515441146634462,10
-0.46072567616682647,2.6202326052798095,10
-0.4714542532750942,2.509416335867234,10
-1.0694117188321461,2.1812849100548357,10
-0.029938184127633896,2.8823805476315822,10
-0.21625440091050768,2.6663723460747257,10
-0.1204195370863067,2.809165858056104,10
-0.3781314537283889,2.591576605940862,10
-0.5140858346250233,2.6409814053378757,10
-2.170687021237655,1.309774687032238,68
-2.4892260998227287,1.5542128737030252,68
-2.338189095431636,1.4514166253153304,68
-2.354376660554428,1.5014862061367618,68
-2.372433801669921,1.5041015752181763,68
-2.1706870212376557,1.3097746870322373,68
-2.4892260998227282,1.5542128737030256,68
-2.3381890954316353,1.45141662531533,68
-2.3543766605544283,1.501486206136762,68
-2.3724338016699225,1.5041015752181777,68
-2.111035633369589,0.967064539220236,67
-2.1303102780968755,1.0641484991111008,67
-2.1218643587441877,0.9951585547620939,67
-2.166284218500478,1.022503206207837,67
-2.11103563336959,0.9670645392202358,67
-2.1303102780968755,1.0641484991111017,67
-2.121864358744186,0.9951585547620958,67
-2.1662842185004707,1.0225032062078347,67
1.529229628241119,3.2936093854863726,1
1.453687084127092,3.222481758103681,1
1.4912870863526986,3.2374686050127046,1
1.462343333583956,3.1674651984862248,1
1.4133254324401372,3.1296999010397784,1
1.525155897970144,3.317490889079541,1
1.4925570420965697,3.276691885238453,1
1.571155217572756,3.270981766505914,1
1.4423622227818331,3.2755643194673083,1
1.3999856797800891,3.2240040761119926,1
-1.8066673846291927,0.7757015092028922,67
-2.2108822153532093,0.9834160094739288,67
-2.07990149197299,1.030934516602952,67
-2.064543557018769,0.9718338697039806,67
-2.0220066547995206,1.0205524319775194,67
-1.8066673846291916,0.7757015092028912,67
-2.210882215353209,0.9834160094739295,67
-2.07990149197299,1.0309345166029498,67
-2.06454355701877,0.9718338697039809,67
-2.022006654799522,1.0205524319775192,67
-1.3347403319371742,0.5607453051184488,64
-1.2035213231659296,0.47779056750985405,64
-1.3716836281734486,0.5305391215265239,64
-1.2441196980468865,0.4569902379202536,64
-1.334740331852264,0.560745304993688,64
-1.2035213231652406,0.4777905675088491,64
-1.3716836280624383,0.5305391213711337,64
-1.2441196980456888,0.4569902379183274,64
1.4325678712518195,1.402525560462078,12
1.4454748352436741,1.20565187117094,12
1.4828462880525701,1.2391120965926248,12
1.4631234882195632,1.2503774652568098,12
1.386762943480232,1.1751869621739863,12
1.4760949525362588,1.4386161231146932,12
1.5146997550922696,1.4015623534738209,12
1.5629847346922177,1.3258955797643277,12
1.4759994168059951,1.360713116455729,12
1.4780955724186486,1.2980812599763267,12
-1.0493992405585333,0.4877423072334106,64
-1.2862236648416525,0.4573299881479607,64
-1.2007565954071033,0.4322881306118527,64
-1.2674490069068798,0.4959866538766623,64
-1.1702350488220468,0.4202645677613407,64
-1.0493992405548012,0.4877423072291886,64
-1.286223664642477,0.4573299878065294,64
-1.2007565954072266,0.432288130612084,64
-1.2674490069074402,0.49598665387749896,64
-1.1702350488220887,0.42026456776140275,64
-1.643309382292357,-0.07815601930814416,63
-1.3749981707845567,0.06689124462368944,63
-1.585213722041265,-0.19109676112868984,63
-1.4101998499267556,0.00419132688404913,63
-1.6433420345661818,-0.07805246448769503,63
-1.3749983502944831,0.06689042523850876,63
-1.5852192582576714,-0.1910689315517525,63
-1.4102001267360562,0.004188863357344583,63
2.1670105190258133,2.1635114969265463,4
2.1438005298819354,1.99711999566059,4
2.1778193491213194,2.0289540495865097,4
2.1829922535625865,2.0367334562479384,4
2.131741870383686,2.0250626576530735,4
2.1664447408750043,2.012751594910664,4
2.177701108077313,2.123041718756827,4
2.2056191344012914,2.020192626796827,4
2.122373543817061,2.094157712408176,4
2.121157363595953,2.041390474083902,4
-1.0433521480043608,-0.03149073697532075,63
-1.6401095243689114,-0.32569109307782423,63
-1.4905022274391848,-0.04896883074384749,63
-1.5467027716171489,-0.12779258056541,63
-1.3174193561957352,-0.051678350312788654,63
-1.043352162589216,-0.03149200537186235,63
-1.6401223718232705,-0.3256055007581239,63
-1.4905022242714214,-0.04896846389219262,63
-1.5467032879940934,-0.12778959275232019,63
-1.317419829180146,-0.0516808259846739,63
-1.9097598573951446,1.116914159190664,66
-1.8264900702581877,1.0564545686949227,66
-1.8895568753374155,1.0761263151230323,66
-1.911886507332012,1.1086883447917795,66
-1.9097598573951438,1.1169141591906644,66
-1.8264900702581857,1.0564545686949227,66
-1.889556875337416,1.0761263151230305,66
-1.91188650733201,1.1086883447917797,66
0.4010495745103251,2.634842575337053,12
0.3226037576731774,2.491443910248551,12
0.35429323270623103,2.4591239920449928,12
0.2741143979027814,2.500540239285789,12
0.020623605263269524,2.4221358846838297,12
0.5126809635296656,2.62420673698827,12
0.5110503620389953,2.644154566226562,12
0.4799665526043818,2.5765611537151694,12
0.3474882892554842,2.5928132105080453,12
0.21673306903476638,2.5748528241274697,12
-1.8783030394617324,1.0724428879455692,66
-1.8822474858210168,1.0577939214032608,66
-1.8243809754485691,1.035996367302675,66
-1.8345743403241763,1.056993641124027,66
-1.8577634706449617,1.1151715223561918,66
-1.878303039461734,1.0724428879455692,66
-1.8822474858210176,1.0577939214032608,66
-1.8243809754485694,1.035996367302675,66
-1.834574340324179,1.0569936411240268,66
-1.8577634706449624,1.1151715223561929,66
-1.9380817933603611,0.7672802128872696,65
-1.820708329862231,0.8220760369570944,65
-1.9123713430521996,0.6874702131493471,65
-1.8741026722210306,0.7976725203802171,65
-1.9380817933603591,0.7672802128872706,65
-1.8207083298622324,0.8220760369570939,65
-1.9123713430521987,0.6874702131493476,65
-1.8741026722210288,0.7976725203802268,65
1.4398746963317615,3.0845681392771507,1
1.4308587872131124,2.9974670034349824,1
1.4353670954164066,2.95602229282704,1
1.4185996226102686,2.97431693910861,1
1.3652900284076628,2.9253882573273517,1
1.4388753890767476,3.028927823877562,1
1.420714246070813,3.0713407382881686,1
1.4496889795299879,3.016893652596065,1
1.3721484465324092,3.066990655408553,1
1.3776593579753271,3.005260769165692,1
-1.8839481841831425,0.8570146062330996,65
-1.8962843604352495,0.6364410790221317,65
-1.8618904444436353,0.7969621196858888,65
-1.9229330619438973,0.7105643690739009,65
-1.7901894550060597,0.827166533132365,65
-1.8839481841804904,0.8570146062402377,65
-1.8962843604352517,0.6364410790221325,65
-1.8618904444436086,0.7969621196859304,65
-1.922933061943897,0.7105643690739003,65
-1.7901894550060606,0.8271665331323631,65
2.194934050351923,-1.547705310508398,44
2.4065563045628453,-1.4258305333609171,44
2.371095802753553,-1.4373371074077708,44
2.205870329602344,-1.3539141185239028,44
2.194934050351933,-1.5477053105083862,44
2.406556304562848,-1.425830533360918,44
2.3710958027535534,-1.4373371074077677,44
2.2058703296023445,-1.3539141185239019,44
1.9451677653256156,-2.891498292843539,52
2.010128204850163,-2.5526914051482112,52
2.002325546697607,-2.6887606947217293,52
2.0861405580354853,-2.694102225572255,52
2.071236054509777,-2.939854286733965,52
1.9151436704878102,-2.774240714584219,52
2.056729639901499,-2.6842781630357053,52
2.1252212586321297,-2.803732512136249,52
2.0631349616166745,-2.6648194782327423,52
2.0931595991174947,-2.7759207303439455,52
2.274143022038285,-1.4701355610890634,44
2.1873239780958826,-1.4575212673611357,44
2.388433653795198,-1.3271985489851876,44
2.3748263641830056,-1.359934482693328,44
2.1549603813222222,-1.33178842672091,44
2.2741430220382868,-1.470135561089063,44
2.1873239780958835,-1.457521267361136,44
2.3884336537952002,-1.3271985489851872,44
2.374826364183006,-1.3599344826933273,44
2.1549603813222222,-1.33178842672091,44
2.461207508917137,-1.3885743294931177,44
2.273929056975757,-1.2992995707270854,44
2.4760749035475214,-1.303253148400565,44
2.5361716561257985,-1.3368174532515673,44
2.3442453596140864,-1.2390486956067113,44
2.461207508917137,-1.3885743294931188,44
2.2739290569757578,-1.2992995707270854,44
2.4760749035475227,-1.3032531484005647,44
2.5361716561257968,-1.3368174532515686,44
2.3442453596140873,-1.2390486956067108,44
2.0360758653447446,-2.74135738313606,52
2.1429849405025134,-2.9039979552261372,52
1.9444752632324858,-2.5973951153430774,52
2.166912452060879,-2.699148326167753,52
2.0391506289377967,-2.5699098928787256,52
2.199946426690594,-2.6702916936156136,52
1.9697429364546357,-2.5482557518519107,52
2.324828993805907,-2.830457891142405,52
-2.3511903288360347,1.9611473596999294,52
2.2077379656940868,-2.7920362991797045,52
2.0360758653417896,-2.7413573831383444,52
2.142984940541328,-2.9039979551968704,52
-2.175309415241374,1.7568383521699686,52
2.166912452059361,-2.6991483261690297,52
-2.209816047487981,1.8472055575510087,52
-2.4398208685003953,2.0177843646850784,52
1.969742936454882,-2.548255751851689,52
2.324828993791331,-2.830457891154367,52
2.0631953391474074,-2.6879411718954787,52
2.207737965684463,-2.7920362991875165,52
-1.5390740835015264,0.42842475994056184,62
-1.2949636810164376,0.30801424230252616,62
-1.4772615248609777,0.47960570560684546,62
-1.3898298105492957,0.3425135518415928,62
-1.5390772037484721,0.42843827598513906,62
-1.2949636808477647,0.3080142415854518,62
-1.47726121529417,0.47960467880369384,62
-1.3898298057759073,0.3425135367139361,62
1.7557216903446222,0.28420753189315334,5
1.782551696149754,0.054921715858076516,5
1.800164563434296,0.10504668819101061,5
1.7952151607428468,0.1064293656576677,5
1.814387086450286,0.04962740288221085,5
1.7940138155956726,0.20247360281598284,5
1.7374437119191593,0.1278596926320988,5
1.8642086237502589,0.02137038803424166,5
1.7517037855212247,0.1321573679465653,5
1.7965756030988043,0.0612917575521872,5
-1.0211884047559692,0.1880250186690798,62
-1.673092830747885,0.4325551203742872,62
-1.2010743417236662,0.18121939833103032,62
-1.3702690585718993,0.4491374424923642,62
-1.1561854553272102,0.2691233514882627,62
-1.0211884048645745,0.18802501888945294,62
-1.67328781732424,0.43322602155324363,62
-1.2010743416996856,0.18121939824982664,62
-1.3702690637751955,0.4491374538506188,62
-1.1561854552296824,0.2691233512198064,62
-1.3155193768169569,-0.4032326758751795,61
-1.10078954570079,-0.23145342223863952,61
-1.2627054094183252,-0.3284201379993101,61
-1.148096106121644,-0.25391290667758815,61
-1.3155194101413266,-0.40323240493871393,61
-1.1007894831982186,-0.23145297802292794,61
-1.2627055516264039,-0.32842207945475993,61
-1.1480962713741996,-0.25391389957806887,61
2.8799384992034835,0.4027358205920372,3
2.6162800861134485,0.10580609151216476,3
2.786224749704742,0.21138269520431524,3
2.7119063978418496,0.3531396301753844,3
2.708626300373685,0.29602970531556777,3
2.8987383985416497,0.3865527826816793,3
2.74070290465961,0.36910362503724703,3
2.8677116449888427,0.14145687965451148,3
2.766213142050859,0.3814078535748345,3
2.799657519979639,0.2476715216685127,3
-0.8087327202210407,-0.868883959828967,61
-1.377124302342101,-0.6445428017677981,61
-0.9208352064734863,-0.5424507903671089,61
-1.1104577643909945,-0.26631858770656053,61
-0.8389925996612474,-0.4867255915340299,61
-0.8087327202205671,-0.868883959836651,61
-1.3771172827767144,-0.6445637479067211,61
-0.9208352061652358,-0.542450792299193,61
-1.11045781732675,-0.2663190665294364,61
-0.8389926060534545,-0.4867255270945539,61
-2.0603789251053723,1.364326264529547,68
-2.039219995899048,1.357308293667273,68
-2.0898837082295643,1.398002918553839,68
-2.10171195765484,1.3993084179653263,68
-2.0603789251053723,1.364326264529546,68
-2.039219995899049,1.357308293667272,68
-2.089883708229564,1.3980029185538394,68
-2.1017119576548393,1.3993084179653263,68
0.581423247683472,2.520035999144627,10
0.2530713949335529,2.1079504167008594,10
0.3296359463619049,2.133202425653832,10
0.29451015672786995,2.105816458013542,10
0.19292135105437652,2.0795665338140945,10
0.5559989425528361,2.505543792177828,10
0.4953692547005977,2.233950765725541,10
0.5325920516777213,2.3282145548406032,10
0.4502126168014123,2.25098830716379,10
0.3234216236374725,2.3289195712151196,10
-1.7660747235349552,1.1847285491004995,68
-2.1288757925963426,1.3779439670164584,68
-1.984424107844918,1.2746771401194974,68
-1.946632190268865,1.300488532685656,68
-1.96177298343402,1.3152513117439544,68
-1.7660747235349539,1.1847285491004995,68
-2.1288757925963444,1.377943967016458,68
-1.9844241078449099,1.27467714011948,68
-1.9466321902688646,1.300488532685656,68
-1.9617729834340185,1.3152513117439535,68
-1.6525355521882414,0.8388360059397055,67
-1.6156516537823118,0.9020256611338691,67
-1.7288907707297467,0.9105875103877892,67
-1.6345920774693152,0.8783133209783319,67
-1.65253555218824,0.8388360059397063,67
-1.6156516537823125,0.9020256611338701,67
-1.7288907707297474,0.9105875103877892,67
-1.6345920774693141,0.8783133209783314,67
1.7569274547143297,2.985430123217781,1
1.6616250271135693,2.929677125821971,1
1.7072605901672957,2.9186920680991717,1
1.666620236974111,2.939675348976333,1
1.6279028623238845,2.9250856593426073,1
1.7211346301414456,2.9954061847772064,1
1.6943891065559713,2.982496934808017,1
1.736436543870439,2.9483351183891156,1
1.6698047740990447,2.997169132922352,1
1.6772419156613767,3.013689257819281,1
-1.2526854653438855,0.5626649047157717,67
-1.7356652042835328,0.8268123539249148,67
-1.500433988268257,0.7397558236312115,67
-1.6581069110856577,0.8576301465294723,67
-1.4949086284084918,0.7556200050603753,67
-1.252685465343885,0.5626649047157721,67
-1.7356652042835328,0.8268123539249133,67
-1.5004339882682567,0.7397558236312104,67
-1.6581069110856568,0.8576301465294718,67
-1.4949086284084918,0.755620005060375,67
-0.9091217549067235,0.1036795825201076,64
-0.8679615667130206,0.14042736964608582,64
-0.9327657544308199,0.09731174266041796,64
-0.8959070005679044,0.12342564958306367,64
-0.9091217549067235,0.1036795825201072,64
-0.8679615667130206,0.14042736964608582,64
-0.9327657544308185,0.09731174266041467,64
-0.895907000567904,0.12342564958306297,64
1.826202833152024,1.1893600397915627,12
1.7750604703718353,0.9220098003933435,12
1.8159833597226547,0.9484886346848354,12
1.804450301181196,0.9994745739949954,12
1.7656382618938518,0.9639116405861099,12
1.7696821555690478,1.120522887319137,12
1.8080754477608256,1.0781607349484514,12
1.8634768366601642,0.9422134261870073,12
1.7791224109795336,1.0807754256055806,12
1.7608529284007048,0.9954640656443686,12
-0.6683644597922912,-0.0044051378352678175,64
-0.9129344139477367,-0.02167996523092475,64
-0.7830709789411471,0.03432690704567842,64
-0.8312499786267724,0.06415448997316324,64
-0.7207935744223775,0.03201678223379551,64
-0.6683644597922886,-0.004405137835269045,64
-0.912934413947736,-0.02167996523092411,64
-0.7830709789411474,0.03432690704567853,64
-0.8312499786267722,0.06415448997316336,64
-0.7207935744223778,0.03201678223379552,64
-1.1199713617033198,-0.4185176974725726,63
-0.9181234767208363,-0.24881990212887026,63
-1.0791449143003107,-0.341520292078771,63
-1.0125185239226404,-0.2571612406579367,63
-1.1199713618070006,-0.41851769676084155,63
-0.9181234767105697,-0.2488199021737523,63
-1.0791449143078093,-0.34152029203837336,63
-1.0125185240369403,-0.2571612400363679,63
2.528054322758132,1.8993415867076175,4
2.3845366958847114,1.759815335913081,4
2.4519033301341726,1.7825431937819287,4
2.424760387510593,1.8150587722219564,4
2.3768835343547585,1.8471455025609154,4
2.4868602945474922,1.8302607146347696,4
2.376370565371168,1.8999415470217809,4
2.5245245474859583,1.7417614037216584,4
2.342618555830575,1.8621777457939335,4
2.339031747051114,1.8398858207788318,4
-0.6796554885169943,-0.6531545097781497,63
-1.1412823426198337,-0.5513127264090194,63
-0.7999313536032671,-0.5024251101431315,63
-1.0256262164866778,-0.363076795245004,63
-0.7646655204822402,-0.40195696508922707,63
-0.6796554885169963,-0.653154509778127,63
-1.1412823341784306,-0.5513127538820192,63
-0.7999313536018136,-0.5024251101509146,63
-1.0256262166204324,-0.36307679471528104,63
-0.7646655204743695,-0.40195696512097556,63
-1.27079633593581,0.6810126945409346,66
-1.2481406084624636,0.6843662271500344,66
-1.3118142424546146,0.720445004434997,66
-1.3102076032166123,0.7225988320395887,66
-1.2707963359358105,0.6810126945409353,66
-1.2481406084624633,0.6843662271500335,66
-1.3118142424546144,0.7204450044349962,66
-1.3102076032166117,0.7225988320395889,66
1.0467958505952513,2.278306212737767,12
0.9745955071288172,2.0862669918373435,12
0.957168814052541,2.0403351288798475,12
0.9369950141641528,2.1059379427002374,12
0.8549922607756917,2.107019746371348,12
1.0115198016281177,2.249658080998028,12
1.0198583400910395,2.2738792958245266,12
1.057138486592957,2.185383471855079,12
0.9065331759312859,2.260803623955485,12
0.9013579074145054,2.2367370272258453,12
-1.1722509906698093,0.5966232808030917,66
-1.2501475322521378,0.6008572752454149,66
-1.2252350705257253,0.6513772063574073,66
-1.2220236102074378,0.6568473722922564,66
-1.1739488133858373,0.6396847903205741,66
-1.1722509906698104,0.5966232808030927,66
-1.2501475322521376,0.6008572752454145,66
-1.2252350705257244,0.651377206357407,66
-1.222023610207437,0.6568473722922565,66
-1.173948813385838,0.6396847903205738,66
-1.2114782700797937,0.35463330567649093,65
-1.1252837872940034,0.4408124841501475,65
-1.2296567652614079,0.3723480028447346,65
-1.1482766768040746,0.4046150491827643,65
-1.2114782700797946,0.35463330567649093,65
-1.1252837872940031,0.440812484150148,65
-1.229656765261408,0.37234800284473446,65
-1.148276676804074,0.40461504918276386,65
1.7790848886209645,2.8018223988694917,1
1.7385870619723756,2.7636972033758083,1
1.7430974170344506,2.7061795533916104,1
1.7334146487476958,2.7704037284590135,1
1.6784846375938973,2.7555960231593644,1
1.7576888313457093,2.800700521354037,1
1.7286739415369679,2.8699896139018746,1
1.7889890219390188,2.8041205788601684,1
1.6664894298453967,2.8775726205288383,1
1.6729456015358302,2.8605005784736064,1
-0.9986142981268255,0.22511785619051763,65
-1.203433079783667,0.23768455540988453,65
-1.067415813067281,0.3457014500952502,65
-1.169760730398997,0.3696576490280866,65
-1.0334530036753913,0.3351104054393908,65
-0.9986142981268255,0.2251178561905177,65
-1.2034330797836674,0.23768455540988453,65
-1.0674158130672815,0.3457014500952504,65
-1.1697607303989963,0.3696576490280866,65
-1.0334530036753902,0.3351104054393907,65
2.192001232601242,-1.5684960575966655,44
2.39750877524452,-1.4654161087489144,44
2.363354743623123,-1.5338879286643288,44
2.25648105509512,-1.3977724942386776,44
2.192001232601242,-1.5684960575966655,44
2.39750877524452,-1.4654161087489137,44
2.3633547436231237,-1.5338879286643303,44
2.256481055095121,-1.3977724942386773,44
1.8531094544222368,-3.051230608844573,52
1.8829010841477651,-2.5914078728246186,52
1.83747872431435,-2.7684433631611443,52
2.01031798247177,-2.7708277000534607,52
1.9505555649567297,-3.0295376444113336,52
1.8690969738521386,-2.8224102221126888,52
1.952057485827714,-2.5951726821826075,52
1.9941857638428135,-2.687565673465478,52
1.964336966898684,-2.5767503126124316,52
-2.3023329402860515,1.8218876242246664,52
2.2330254542874908,-1.4427769973726023,44
2.0983423798583405,-1.4725235573996989,44
2.321266234464735,-1.4201734794471956,44
2.3306760374534927,-1.468676054329289,44
2.1692682406676966,-1.4072500120924494,44
2.2330254542874903,-1.4427769973726021,44
2.0983423798583414,-1.4725235573996984,44
2.3212662344647343,-1.420173479447193,44
2.3306760374534936,-1.4686760543292892,44
2.1692682406676957,-1.4072500120924498,44
2.511310165406249,-1.3835756962701984,44
2.2158837010232606,-1.3764787881766096,44
2.412019505090514,-1.360478929627398,44
2.532684909382113,-1.4252100192792674,44
2.331096493753318,-1.3180561104331388,44
2.5113101654062473,-1.3835756962701984,44
2.215883701023258,-1.3764787881766098,44
2.412019505090513,-1.3604789296273976,44
2.5326849093821133,-1.4252100192792685,44
2.3310964937533183,-1.3180561104331385,44
1.8817769761234535,-2.6993578928598145,52
1.8067248985063251,-2.8834171872661867,52
1.738944121750127,-2.596531451241522,52
1.83200545056419,-2.6884040747874742,52
1.8208074504447753,-2.526098353609251,52
1.9216288220149271,-2.6658119583657816,52
1.8192796108931044,-2.508746072130693,52
1.9768025014225292,-2.795021989936431,52
1.907286154691238,-2.7712292908713394,52
-2.445033382913203,1.823730817994028,52
1.881776976093282,-2.6993578928823605,52
1.806724898588535,-2.883417187215828,52
1.7389441203585116,-2.5965314523114538,52
1.8320054505677652,-2.6884040747848843,52
1.8208074504622171,-2.526098353594168,52
1.9216288220164714,-2.665811958364569,52
1.8192796109424618,-2.508746072086809,52
1.976802501424608,-2.795021989934907,52
1.9072861546596034,-2.7712292908941394,52
1.944579075215828,-2.8488476772645477,52
0.3511344256833349,-0.6015639431147575,56
0.3654160754388369,-0.5697217802776804,56
0.29948649477083905,-0.5306522742464186,56
0.32501877386642575,-0.619742082275288,56
0.35113442568334896,-0.6015639431147433,56
0.3654160754388365,-0.5697217802776802,56
0.29948649477083933,-0.5306522742464191,56
0.32501877386642547,-0.6197420822752878,56
2.381159056719171,0.3597546526828731,6
2.4090839519344835,0.19313060411167515,6
2.4318486746346837,0.2353706360221507,6
2.4637599999762516,0.2793205591588924,6
2.4523482458845387,0.23927376548956,6
2.3579943794246976,0.2972378349318273,6
2.460913576980296,0.26110251284319913,6
2.40610226009132,0.19790110266193334,6
2.4475879407939196,0.27092277614351945,6
2.468018582485489,0.1965749734278574,6
0.562757839742621,-0.7894369480828834,56
0.2452961801579966,-0.761594309885228,56
0.2737958112031555,-0.5352375625681343,56
0.2921500471105608,-0.5299249120544564,56
0.34496475194635173,-0.6019237456942529,56
0.5627565903140667,-0.7894378585408381,56
0.24529618015800667,-0.7615943098852185,56
0.27379581120315566,-0.5352375625681346,56
0.29215004711056086,-0.5299249120544562,56
0.3449647519463508,-0.6019237456942531,56
0.4877175930086677,-0.7513859796869945,55
0.4981257110200292,-0.7654779537949558,55
0.4425447859975831,-0.7437580311448351,55
0.49414227125368904,-0.7739071868180826,55
0.4877175930086469,-0.7513859796870154,55
0.4981257110200373,-0.7654779537949435,55
0.4425447859975834,-0.743758031144835,55
0.4941422712536894,-0.773907186818081,55
3.2806820825779845,0.5580722969389068,2
3.104342609210249,0.4242493047038988,2
3.222838115193903,0.4695554827056403,2
3.1694799342544937,0.504583308708009,2
3.138237299989127,0.4998728306923383,2
3.2146015938809116,0.5449639042698202,2
3.2154560423504415,0.5279252340663542,2
3.202999701585548,0.4405356332974473,2
3.2002244946136242,0.5836259410099635,2
3.1807316074106655,0.49263936813958503,2
0.4782747686100756,-0.9268808607873472,55
0.40233896754051773,-0.8763989251117517,55
0.5184006878659824,-0.7738731346265644,55
0.4382285933186536,-0.7100434765395424,55
0.5856257458691885,-0.8381224889060901,55
0.4782747686100754,-0.9268808607873481,55
0.4023389675405171,-0.8763989251117517,55
0.5184006878659779,-0.7738731346265695,55
0.43822859331865893,-0.7100434765395389,55
0.585625745869203,-0.8381224889060809,55
-0.704363207762616,0.512303326297724,60
-0.5756461377631025,0.4222454116552646,60
-0.6830843875284829,0.47769902639112405,60
-0.6772209832429019,0.45456863832911887,60
-0.7043629726634285,0.5123031114706336,60
-0.575646564329497,0.4222457960521774,60
-0.6830843702290006,0.4776990106518763,60
-0.677221460897377,0.45456907968785487,60
2.0316906086477227,1.616260045625801,11
1.9983302855842646,1.4505791489251998,11
2.0120747750214423,1.4471522422240173,11
1.9962960482149454,1.555201473660909,11
2.0029302215251237,1.5143915964819668,11
2.0546987268667483,1.769474469668989,11
2.126962464348247,1.6903109515482893,11
2.1021669487506975,1.6247905144791277,11
2.091627785859186,1.781702906243424,11
2.127722222137706,1.6689692061851413,11
-0.44224958269292014,0.27827930283089525,60
-0.8210381618913948,0.48582796505761544,60
-0.6363111975183261,0.4296179162783643,60
-0.6731329957984433,0.4562700464543222,60
-0.6556854371605398,0.4212104273520859,60
-0.44224565944304134,0.2782756446995674,60
-0.8210562156017589,0.48584554086300663,60
-0.6363111740154329,0.4296178944178229,60
-0.6731329934961887,0.4562700443338171,60
-0.6556814938035218,0.4212067922873898,60
-0.09274120484752585,-0.12683969057145786,59
-0.052354136511055624,-0.12327850117167825,59
-0.14886977474200244,-0.12879038647096558,59
-0.08759613676859941,-0.14752535060873112,59
-0.09274120484752567,-0.1268396905714579,59
-0.05235413651105411,-0.12327850117168006,59
-0.14886977474200422,-0.12879038647096214,59
-0.08759613676859848,-0.14752535060873198,59
2.7462136225427622,2.1581194902524667,1
2.59927021133557,2.0921788716356944,1
2.6768841470772804,2.1358622913162817,1
2.632978138556372,2.1466976239307214,1
2.608985096539059,2.1258323870820006,1
2.719562636132342,2.2747050402038327,1
2.641036685085595,2.2840028428010464,1
2.7192635817440416,2.2391547930501354,1
2.6196270028276745,2.353638765960773,1
2.6564476557391075,2.2876537660209975,1
0.05605814685029534,-0.2921596757828889,59
-0.1240551887606536,-0.30748496600583186,59
-0.10873365753397747,-0.19954102505339552,59
-0.16852667187259351,-0.0846854533326947,59
-0.09453323432858546,-0.23470039575281515,59
0.05605814703476305,-0.29215967606504434,59
-0.12405518876728598,-0.30748496599171987,59
-0.10873365753395357,-0.19954102505344584,59
-0.16852667187262527,-0.08468545333265459,59
-0.09453323432862698,-0.23470039575272564,59
0.459602178298837,-0.7672232038918669,54
0.4783652804673029,-0.7587482359846062,54
0.3861387806597366,-0.6859437485120119,54
0.4531127327091379,-0.7758714606630221,54
0.4596021782988371,-0.7672232038918672,54
0.47836528046729926,-0.7587482359846115,54
0.3861387806597363,-0.6859437485120117,54
0.45311273270913816,-0.7758714606630221,54
2.799563947813743,1.0421205111707863,7
2.709781294950769,0.8915536944999152,7
2.7143474574403132,0.9165244154762213,7
2.741757390165151,0.9506771622659804,7
2.688185432513274,0.9255604365244248,7
2.8258321730740974,1.0435316390819254,7
2.872257025548896,1.0303955768840705,7
2.8229055103657115,0.9339460217220864,7
2.809721201711588,1.013729097405873,7
2.78799537850767,0.9651482090789596,7
0.7876210945134429,-0.877744470746686,54
0.36454810879959815,-0.9151959129308856,54
0.41890733495663285,-0.7132570191405732,54
0.4057078621648094,-0.6499470922249924,54
0.48156956343899604,-0.7646798293280996,54
0.7876210946892772,-0.8777444705386761,54
0.3645481087995981,-0.9151959129308862,54
0.41890733495663285,-0.7132570191405723,54
0.40570786216480964,-0.6499470922249919,54
0.4815695634389873,-0.7646798293281135,54
0.46615535290033494,-1.1251095178739485,53
0.4995270751499873,-1.1493144409108684,53
0.39418269880831275,-1.1563873392779125,53
0.4995181667508097,-1.162455158663636,53
0.4661553529003344,-1.125109517873949,53
0.4995270751499873,-1.149314440910868,53
0.39418269880831264,-1.1563873392779123,53
0.49951816675080957,-1.1624551586636358,53
3.545316574899964,1.304219849132199,2
3.35866103850586,1.1727608725346197,2
3.422074282077837,1.2336901676612828,2
3.4015686801314877,1.2472714724522111,2
3.3621311328099557,1.213959908041287,2
3.520735687704591,1.2816000579640217,2
3.445276348956414,1.311948272472627,2
3.464846259478796,1.1984115722147863,2
3.3931686041736397,1.3239569134539213,2
3.383372184669874,1.2372552207002256,2
0.6061359065796051,-1.2767737114238045,53
0.4753676274368837,-1.19234674959019,53
0.5091386114297819,-1.2042392747593453,53
0.44878426303279,-1.1553803962680966,53
0.5503080419647197,-1.2124245349721454,53
0.6061359065795905,-1.2767737114238151,53
0.47536762743688354,-1.192346749590189,53
0.5091386114297807,-1.2042392747593451,53
0.4487842630327902,-1.155380396268097,53
0.5503080419647197,-1.2124245349721445,53
-0.0018550404588901469,-0.1547039915701554,58
0.031100555391344528,-0.13483919745372736,58
-0.04148159205610419,-0.13812639748802366,58
-0.01632860229289549,-0.15018065945264444,58
-0.0018550404588900675,-0.15470399157015552,58
0.031100555391344594,-0.13483919745372733,58
-0.04148159205610416,-0.13812639748802366,58
-0.016328602292895514,-0.1501806594526445,58
2.1758849583839757,1.7386246345288936,14
2.10680901588412,1.6692284456838775,14
2.1110623281402563,1.6051067962744232,14
2.098103021486342,1.6649024284710596,14
2.1268776177242787,1.716610266997591,14
2.2321848496315337,1.8562726699948284,14
2.2596664534742494,1.891686981777136,14
2.2206347759466585,1.7693438110820638,14
2.1971676435893754,1.8676973305151539,14
2.250723501839159,1.8309541739341413,14
0.21691397528487769,-0.31834483401136765,58
-0.05358580572661283,-0.2795669125526485,58
-0.011344681239268958,-0.1304179139835945,58
-0.03723721824999597,-0.10819251326303138,58
-0.0016188690169952227,-0.17334169723760764,58
0.21691397528486672,-0.3183448340113558,58
-0.05358580572660714,-0.2795669125526624,58
-0.011344681239268871,-0.13041791398359445,58
-0.03723721824999597,-0.10819251326303127,58
-0.0016188690169952793,-0.1733416972376076,58
0.09212872982179385,-0.42212784768549727,57
0.16310831281225077,-0.4032820425658486,57
0.060104590134503255,-0.4635513229728773,57
0.1355725024764136,-0.4371533243969187,57
0.09212872982179385,-0.42212784768549777,57
0.16310831281225072,-0.40328204256584865,57
0.06010459013450307,-0.46355132297287743,57
0.13557250247641325,-0.4371533243969195,57
2.890945357957039,2.2894938085705334,0
2.7614368749645717,2.17184491151317,0
2.804147899973364,2.186228143973287,0
2.792197479289048,2.198829391123528,0
2.7869072856987933,2.176172597566279,0
2.899023767641162,2.3159072027203527,0
2.840928724878717,2.3385314468884992,0
2.857383344884317,2.269055038529175,0
2.7934752113590755,2.3490336019775344,0
2.8413569498745552,2.3077943061621093,0
0.27595338537864705,-0.6130789329296926,57
0.08904091090474031,-0.5649316665778208,57
0.15259018704573502,-0.5429762549812965,57
0.09835478984562186,-0.4774936578707485,57
0.17045671980566274,-0.5739342575212167,57
0.275953385378832,-0.6130789329292575,57
0.08904091090474028,-0.5649316665778207,57
0.15259018704573488,-0.5429762549812963,57
0.09835478984562186,-0.4774936578707481,57
0.1704567198056626,-0.5739342575212173,57
2.5541414721039435,-2.225623241355903,41
2.675655391672164,-2.256269423414555,41
2.6686779755276233,-2.2201237655753387,41
2.569403415539706,-2.209044054900416,41
2.554141472103943,-2.2256232413559043,41
2.6756553906456455,-2.2562694246792434,41
2.6686779754895857,-2.2201237656256674,41
2.5694034155397083,-2.209044054900414,41
1.2150541456198518,-3.7320387099971053,45
1.3448735092485586,-3.6414995026899954,45
1.2683210214481297,-3.6853025321481,45
1.4276111819321864,-3.612672045526981,45
1.3173347335236931,-3.8594365432770688,45
1.1517209381750777,-3.6035341623136685,45
1.3024495894564896,-3.6628834646498203,45
1.311667250642386,-3.650637613616826,45
1.2889621577704027,-3.6437377949656407,45
1.2457639760678474,-3.7409760289577028,45
2.580159975958846,-2.1953502518164263,41
2.43663987067185,-2.164495570695246,41
2.585936074017059,-2.172871438848965,41
2.579240236796961,-2.1297543976359727,41
2.4660990554857056,-2.1501480667287627,41
2.580159975958847,-2.195350251816428,41
2.4366398706718493,-2.1644955706952422,41
2.585936074017057,-2.1728714388489636,41
2.579240236796961,-2.1297543976359727,41
2.466099055485706,-2.150148066728762,41
2.7533134450872514,-2.2469087874770923,41
2.5949908134121764,-2.2383747725034833,41
2.734811578526629,-2.245725264131794,41
2.743473850596712,-2.250710180425195,41
2.6824751421856066,-2.230600700184642,41
2.753313445087253,-2.2469087874770897,41
2.594990813412176,-2.2383747725034837,41
2.734811578526627,-2.245725264131796,41
2.743473850596713,-2.2507101804251937,41
2.6824751421856075,-2.2306007001846444,41
1.1718937674170111,-3.562945313485855,45
1.4082748840165373,-3.6210599992297032,45
1.0452543699610708,-3.4821653437938873,45
1.3459266708571218,-3.5868991586265833,45
1.1102969257604511,-3.573531110473921,45
1.4664234452522715,-3.557615296700285,45
1.003913104796316,-3.5950964362454685,45
1.3355237167756138,-3.648598068928436,45
1.1820998234037927,-3.5507077321695113,45
1.4399751712866595,-3.6903771696847327,45
1.1718937674931564,-3.562945313464894,45
1.4082754739136196,-3.621059797081803,45
1.0452543699436134,-3.482165343798374,45
1.345926671973332,-3.586899158265929,45
1.1102965912441551,-3.5735311998169745,45
1.4664316867444547,-3.557612292478422,45
1.0039131047266878,-3.595096436262014,45
1.335523700164523,-3.6485980743253825,45
1.1820997842964105,-3.550707743116161,45
1.4399754491161,-3.6903770704684975,45
0.47825204142962385,-0.5989545252541694,56
0.49483336761806884,-0.5736891510557606,56
0.4245905213726014,-0.5421250478770643,56
0.45546812141284665,-0.6061057586573461,56
0.47825204142962385,-0.5989545252541693,56
0.4948333676180691,-0.5736891510557611,56
0.4245905213726014,-0.5421250478770647,56
0.4554681214128474,-0.6061057586573462,56
2.365218197592776,0.40261393633457904,6
2.3944528198687385,0.23941425063836155,6
2.419959527293676,0.2879129693556963,6
2.4450710703703082,0.3233362187017834,6
2.410370067837942,0.2852858475146933,6
2.346840881608961,0.3618168238760067,6
2.4597810337758457,0.3295533497047982,6
2.4193066121612654,0.2567700482120073,6
2.433375039031429,0.34632963038361286,6
2.439910471872439,0.26447054632790185,6
0.7281734914934264,-0.668201817159782,56
0.3886271811998678,-0.7525245008296129,56
0.3876991126700609,-0.5232198677515509,56
0.41312496697208123,-0.5226902448529884,56
0.4630438450642603,-0.5723635383844516,56
0.7281734914924024,-0.6682018171600622,56
0.3886271811998678,-0.7525245008296129,56
0.3876991126700609,-0.5232198677515508,56
0.4131249669720813,-0.5226902448529883,56
0.46304384506426,-0.5723635383844515,56
0.6721585588105122,-0.7253752321695458,55
0.6456681211958037,-0.7662947602639706,55
0.5848792986132497,-0.7418457351114726,55
0.6467690027113601,-0.771820543198921,55
0.6721585588105121,-0.7253752321695451,55
0.6456681211958006,-0.7662947602639735,55
0.5848792986132483,-0.7418457351114748,55
0.646769002711358,-0.7718205431989218,55
3.286660564344645,0.6174779484355493,2
3.1191147265361896,0.45621578670094276,2
3.2300228577708925,0.5042976249382065,2
3.158986574711296,0.557102332090147,2
3.1285421981605834,0.5434032208453874,2
3.2226732746704863,0.6190024616742172,2
3.2355690880867036,0.5955039726963647,2
3.2310315983019398,0.5005429018163609,2
3.2107848214784753,0.6434771959822232,2
3.202215326546936,0.5505403064004282,2
0.6298029654220513,-0.8511515616625066,55
0.5823365447613508,-0.8849808961329354,55
0.6910346632556624,-0.723095290667763,55
0.5928180300575623,-0.6694512774542294,55
0.7355602931038102,-0.7806128054668726,55
0.629802965422052,-0.8511515616625063,55
0.5823365447613418,-0.8849808961329396,55
0.6910346632556685,-0.7230952906677564,55
0.5928180300575624,-0.6694512774542295,55
0.7355602931038059,-0.7806128054668781,55
-0.34115797973638684,0.2380176800038821,60
-0.29236151050965803,0.2042726746154839,60
-0.37766778525442135,0.2337523563332803,60
-0.37007737805335295,0.22443163622855705,60
-0.3411583892550801,0.23801806446003104,60
-0.2923615935016076,0.20427275319584434,60
-0.3776678365774096,0.2337524057418651,60
-0.37007744479975974,0.22443170154044387,60
1.9907494397994494,1.5986697324024617,11
1.9526882797741913,1.4549386294768583,11
1.9846760924847575,1.4321192745384548,11
1.9494036418531744,1.522614315735778,11
1.943596247794437,1.5054407465174362,11
2.0215998261190955,1.782906670044007,11
2.093271222787455,1.7276384798662685,11
2.0828027171064925,1.6588084962023262,11
2.0552954961739784,1.8173935206018976,11
2.0738577924690262,1.668394445804668,11
-0.18590909377299783,0.14288708943576842,60
-0.36838401174515223,0.13032879709204837,60
-0.3371110164992498,0.2239742175614602,60
-0.36758824942780605,0.2474357315086466,60
-0.3246913337574167,0.1796455013396894,60
-0.1859213118534531,0.14289749829647763,60
-0.36838624703804607,0.13033114232049803,60
-0.33711098080041635,0.22397418271050473,60
-0.3675882338269271,0.24743571696866062,60
-0.32469148762221445,0.1796456539852424,60
0.027078169182423797,-0.21383945673690113,59
0.08525553586074154,-0.1896850381712325,59
-0.019144704366163,-0.23258741527279791,59
0.040330257870033734,-0.20456297322252365,59
0.027078169182428658,-0.21383945673690874,59
0.08525553586063085,-0.18968503817111235,59
-0.019144704366164476,-0.2325874152727953,59
0.04033025787004703,-0.20456297322254519,59
2.712875427581251,2.206603479455381,1
2.5927833987670765,2.165791884122472,1
2.671160214264775,2.1885980408045724,1
2.6149916932705746,2.210770965440978,1
2.5904111974211914,2.201123102215295,1
2.697413282865312,2.3165502425464775,1
2.6409685370105054,2.3478858478361366,1
2.7140905966579116,2.2985671093565054,1
2.616408001799259,2.4179879529538226,1
2.661826131724481,2.3452239428183868,1
0.20529942858251582,-0.2846228823896304,59
0.018184327770309858,-0.4457504986622654,59
0.014883862112463236,-0.2690779198210804,59
-0.0556144763903469,-0.16157398372295548,59
0.030240695653850964,-0.30493823488178884,59
0.2052994285802513,-0.2846228823869794,59
0.018184327770450048,-0.4457504986626946,59
0.014883862112450281,-0.269077919821047,59
-0.05561447639034678,-0.16157398372295553,59
0.030240695653618456,-0.3049382348812109,59
0.5579872207239193,-0.7535171230503687,54
0.5983717455732327,-0.7528353545489647,54
0.4762229743001097,-0.7227401552496873,54
0.5645439162287569,-0.7786551963674396,54
0.5579872207239196,-0.7535171230503687,54
0.5983717455732285,-0.7528353545489727,54
0.47622297430010996,-0.722740155249687,54
0.5645439162287569,-0.7786551963674384,54
2.816901520077763,1.063678162529985,7
2.724064084367431,0.9325926427002214,7
2.7498524407097187,0.941357259839429,7
2.7695975253477116,0.9787771749336153,7
2.6998406890608253,0.960225114873075,7
2.8519878126583214,1.0877553554210437,7
2.900501445936691,1.0759629606363978,7
2.8531122261091584,0.9813712919985991,7
2.8289272832125962,1.0583234525333234,7
2.798391070373628,0.9942882864392016,7
0.9282896688046554,-0.8049919180108135,54
0.4848733625703467,-0.9095326158642469,54
0.5244148130167895,-0.7229427340514766,54
0.5189900039886906,-0.6727939413876255,54
0.569290127513252,-0.7717824348939413,54
0.9282896688046984,-0.804991918010772,54
0.4848733625703465,-0.9095326158642476,54
0.5244148130167886,-0.7229427340514772,54
0.5189900039886907,-0.6727939413876262,54
0.5692901275132517,-0.7717824348939419,54
0.5912546621659195,-1.1985751347588114,53
0.6521131273219232,-1.2086398019206455,53
0.522149250835268,-1.2516669508998117,53
0.6620262635165204,-1.2169095026255905,53
0.5912546621659203,-1.1985751347588112,53
0.6521131273219218,-1.2086398019206461,53
0.5221492508352679,-1.2516669508998117,53
0.6620262635165207,-1.21690950262559,53
3.5061823245898855,1.3645022559350863,2
3.339297822079515,1.2281258586363257,2
3.3955912727475854,1.2912174661411755,2
3.374793878723805,1.313944346003625,2
3.3382755710092384,1.2921343670164391,2
3.49861510526493,1.3428143389071159,2
3.433827898659007,1.3766842976070803,2
3.4538223873750304,1.2658947597216477,2
3.375585214101883,1.3950976919899845,2
3.3746009868154747,1.2731710788066135,2
0.7330481054592709,-1.2812483076333987,53
0.585591147212664,-1.2663232652548893,53
0.6442605994936141,-1.2250312986767875,53
0.5816900011299527,-1.2297504310397391,53
0.6695445690378033,-1.2374614224258376,53
0.733048105458287,-1.281248307634214,53
0.585591147212664,-1.2663232652548895,53
0.6442605994936028,-1.225031298676796,53
0.5816900011299544,-1.2297504310397387,53
0.6695445690378113,-1.2374614224258298,53
0.0894882473348035,-0.1998850703964279,58
0.1217892028483231,-0.18826039871045636,58
0.04836889328155212,-0.19731945127725292,58
0.06912768362359838,-0.17686154614230729,58
0.08948824733480347,-0.19988507039642772,58
0.12178920284832313,-0.18826039871045636,58
0.04836889328155212,-0.19731945127725295,58
0.06912768362359839,-0.17686154614230692,58
2.1834703837995804,1.7570055488091623,14
2.10718655340434,1.6943905352069912,14
2.1189514562676273,1.627891012492269,14
2.1024930993054505,1.6792828476179738,14
2.111321350419533,1.725182866188556,14
2.224907842454445,1.8939371462307106,14
2.268048004185317,1.930322734794925,14
2.225562001416716,1.8120739223130715,14
2.2025024907772246,1.9050994299259616,14
2.237894349197526,1.8522378216614301,14
0.2953899711554044,-0.33948842630377907,58
0.06173208867543452,-0.31937760173095847,58
0.07519280318203432,-0.14753783901986106,58
0.058408942321653556,-0.15355625495106004,58
0.10219181126630449,-0.2005250841946482,58
0.2953899711554033,-0.3394884263037783,58
0.06173208867543449,-0.31937760173095797,58
0.07519280318203432,-0.14753783901986106,58
0.05840894232165359,-0.15355625495106007,58
0.10219181126630415,-0.20052508419464796,58
0.1859868124243954,-0.5051339191002581,57
0.2733388107529834,-0.45737846308251706,57
0.1654656452127066,-0.566633122306558,57
0.2385914968379616,-0.5024348932224029,57
0.18598681242439533,-0.5051339191002577,57
0.27333881075298305,-0.45737846308251684,57
0.16546564521270668,-0.5666331223065578,57
0.23859149683796158,-0.5024348932224032,57
2.897560724099187,2.3202555379851466,0
2.7634696454297245,2.2250860038371787,0
2.8156133325966906,2.236479845049805,0
2.792875524394045,2.2266730678589726,0
2.765856868247504,2.237485046048833,0
2.8997397302746553,2.3606851530044444,0
2.838544509725209,2.413432519825845,0
2.886366374523994,2.3208257599007007,0
2.7973363893111554,2.4039694888715557,0
2.8379338244866696,2.3631979033562285,0
0.42687197738706406,-0.6340922739889965,57
0.165541255030126,-0.6904826942649023,57
0.2559755073378277,-0.5927634345250467,57
0.1967208558587652,-0.548012124380498,57
0.2565702419895654,-0.6132533330080052,57
0.4268719784470265,-0.6340922721162016,57
0.16554125503012612,-0.6904826942649023,57
0.25597550733782765,-0.5927634345250474,57
0.1967208558587652,-0.5480121243804974,57
0.2565702419895653,-0.613253333008006,57
2.6768839270131677,-2.2639912852390958,41
2.808726089380641,-2.2773094443467436,41
2.8077758868901137,-2.267539937973367,41
2.6799811773384636,-2.251517657636901,41
2.6768839270131677,-2.263991285239098,41
-2.327868397963021,1.9162139075029483,41
2.8077758868901097,-2.2675399379733734,41
2.6799811773384667,-2.2515176576368985,41
1.0102070529555778,-3.738273366232157,45
1.120623252552523,-3.5694296462024826,45
1.0678257986385442,-3.629050445202185,45
1.1961372132412016,-3.5620228814508454,45
1.1071388988749151,-3.836391015368099,45
0.9346012742063936,-3.584770647514724,45
1.1202049683394675,-3.616443228892327,45
1.125364354999485,-3.599954987444077,45
1.1007557480988017,-3.5821664886258584,45
1.0564972724765092,-3.725822204227295,45
2.609362782187865,-2.206409560395613,41
2.5683559271710403,-2.2284220404432764,41
2.744686413647894,-2.229997011693625,41
2.7309360073059623,-2.179693307179087,41
2.585606450446732,-2.1867591163196205,41
2.6093627821878616,-2.2064095603956133,41
2.5683559271710417,-2.2284220404432764,41
2.744686413647892,-2.229997011693625,41
2.730936007033083,-2.179693307541952,41
2.585606450446733,-2.1867591163196214,41
-2.293617389732089,1.8769618585282253,41
2.7056428343408503,-2.30436640957634,41
2.803251345484378,-2.257784708509098,41
2.8383578949269666,-2.2518648500946323,41
2.7766891955816826,-2.28372261050768,41
2.7859439889961215,-2.2750463307879656,41
2.70564283434085,-2.304366409576341,41
2.8032513454843793,-2.2577847085090963,41
2.8383578949269612,-2.2518648500946363,41
2.776689195581682,-2.283722610507679,41
0.9582091047661156,-3.565361846906529,45
1.164205412059936,-3.6050112685802724,45
0.8419061183846275,-3.4561578832208273,45
1.0899125375715535,-3.511463527352608,45
0.8930893379004721,-3.5806376139196106,45
1.224750183737914,-3.5506831813428903,45
0.7908467011356034,-3.578116287890994,45
1.1200027819278568,-3.6482359194513774,45
0.9653409918968897,-3.5259137733639982,45
1.1796347711786175,-3.674219462479544,45
0.9582057933430468,-3.5653626151093296,45
1.1642054921724272,-3.6050112463342745,45
0.8419061183845634,-3.4561578832208397,45
1.0899125375841534,-3.511463527349283,45
0.8930893378779678,-3.5806376139244094,45
1.2247508887304257,-3.550682974391781,45
0.7908467015143599,-3.578116287815808,45
1.1200027819539227,-3.6482359194445673,45
0.965340991899684,-3.525913773363328,45
1.1796341531005603,-3.6742196373213654,45
1.0250937880807516,-0.9175510437511362,56
1.0396836577649928,-0.8383387405891684,56
0.9377225048034964,-0.8801686936829273,56
1.0019542101347787,-0.8772629112756485,56
1.0250937882341253,-0.9175510436343249,56
1.0396836577649937,-0.8383387405891672,56
0.9377225047963046,-0.8801686936895428,56
1.001954210135096,-0.8772629112753659,56
2.86068503203219,0.36553925277558297,6
2.826386499533612,0.23703349947902322,6
2.8722055342534385,0.28182627087322576,6
2.901391678103523,0.28471582143988455,6
2.8771241753902204,0.27729953399496104,6
2.876039703680432,0.342247944634431,6
2.896780175657184,0.31006632349351493,6
2.8941344744997752,0.2592208750081057,6
2.898788474578883,0.33043995426092904,6
2.8874756884612958,0.2792414778495297,6
1.1912774603023166,-0.9800951863663511,56
0.8578419206741269,-1.106417909934876,56
0.8772637311871435,-0.7992323152158702,56
0.8808865327802385,-0.91388208609851,56
0.923095586554712,-0.9468075284156398,56
1.1912774605855443,-0.9800951861270136,56
0.857841920291488,-1.1064179101852727,56
0.8772637311872865,-0.7992323152157426,56
0.8808865328771921,-0.9138820860120711,56
0.9230955861518277,-0.9468075287809657,56
1.129008249362048,-0.8887243128207394,55
1.1353332835564998,-0.9084524245912659,55
1.065168542113756,-0.9082088500099564,55
1.1966575096488001,-0.9190786341183408,55
1.129008249362042,-0.8887243128207453,55
1.1353332835564882,-0.9084524245912764,55
1.0651685421139172,-0.9082088500098128,55
1.1966575096488226,-0.9190786341183144,55
3.6626384548816744,0.6508122220493171,2
3.523381086677796,0.5470480201118799,2
3.6298012301171356,0.6059622652624103,2
3.5884529906447864,0.6219499149551232,2
3.571892813755253,0.6325759813716381,2
3.6411762190137495,0.6533393721492619,2
3.612253883305937,0.6231986653137914,2
3.612994321122918,0.5762855161069771,2
3.600015302566018,0.6565335523762806,2
3.566506340388333,0.6315684092016758,2
1.1027004823847286,-0.9893660676415772,55
1.1325884416507783,-0.9648199740383628,55
1.1469634236826012,-0.8806842252266679,55
1.0690519245502326,-0.8606626764293229,55
1.178103689878469,-0.9425893304589664,55
1.102700482384792,-0.9893660676415209,55
1.132588441613904,-0.964819974072793,55
1.146963423682601,-0.8806842252266689,55
1.0690519245502395,-0.8606626764293128,55
1.1781036898777026,-0.9425893304597217,55
1.1251175419467874,-0.6182733416869234,60
1.0488785798939018,-0.5765329668736401,60
0.8314058544243644,-0.4800346795801445,60
1.1219772612730154,-0.6592391481501187,60
1.12511754222489,-0.6182733418533729,60
1.048878520709254,-0.5765329334144578,60
0.8287808067494444,-0.47864854271872675,60
1.1219909041311993,-0.6592476508496072,60
2.560179118540969,1.5072410251211148,11
2.5692181217502625,1.2338928865812744,11
2.61540919010993,1.218220624245534,11
2.5607361733994223,1.3732886441734007,11
2.5340176701287835,1.3928323761355135,11
2.561951168054715,1.5981062270571658,11
2.621232635231015,1.5730506977373915,11
2.6241521103234304,1.4495924451684878,11
2.5836449102422296,1.6603252803837367,11
2.638402871755648,1.5647588622765551,11
1.1471175713025537,-0.7367541700751663,60
1.139697189189754,-0.7532813951622039,60
0.8515071252627089,-0.5153761287384376,60
0.7251390238930809,-0.4429512890568986,60
1.077947417200201,-0.6872422328362374,60
1.1471175710814814,-0.7367541699788621,60
1.1396936392509949,-0.7532794279536676,60
0.85287603583942,-0.5161365477839478,60
0.7262370413823049,-0.44345585316277203,60
1.0779818355539013,-0.6872658977546351,60
0.6651251421974955,-0.48253201397618894,59
0.8358136760268308,-0.527987912268719,59
0.6834854289562677,-0.5470858460919841,59
0.7831610823579592,-0.5366995861432515,59
0.6651251421973048,-0.48253201397612816,59
0.8358136760157903,-0.527987912263099,59
0.6834854288717451,-0.5470858460620709,59
0.7831610822789644,-0.5366995861034837,59
3.260980938993479,1.8498105304864256,1
3.1511047523490747,1.8712371938766972,1
3.2363995613420453,1.8622754655349498,1
3.163554163708894,1.9226429568615195,1
3.1433964093225613,1.9485864387427734,1
3.2333649808267464,1.996875088668681,1
3.161252295558558,2.0510831307341313,1
3.2442187125030473,1.9327529166533997,1
3.1262723516798245,2.125266685606775,1
3.1750702074465917,2.078996480149107,1
0.9081834564325946,-0.689517488253768,59
0.7839270395383345,-0.6951423241362041,59
0.7789722095465884,-0.5953018377513163,59
0.6636796049870446,-0.504068161320472,59
0.8442433351094655,-0.6679999203737131,59
0.9081834564326092,-0.6895174882537717,59
0.7839270406427237,-0.6951423241819352,59
0.7789722096616096,-0.5953018377882032,59
0.6636796050343303,-0.5040681613379766,59
0.8442433350126436,-0.6679999203601186,59
0.9446304696097226,-1.0306320132842306,54
0.9881028877826736,-0.9561107934306176,54
0.8891926097997215,-0.9864301841907545,54
0.9924157999470237,-0.997859618397802,54
0.9446304696242657,-1.0306320132719193,54
0.9881028877785412,-0.9561107934349373,54
0.8891926097727307,-0.9864301842153979,54
0.9924158000328026,-0.9978596183171446,54
3.15841408851085,0.979654180892696,7
3.1503013012565217,0.8381631642749919,7
3.139823422614637,0.8587458868570338,7
3.1746499845001654,0.8719638666741434,7
3.1231412995846863,0.894469337830215,7
3.213136957285364,0.99479631953774,7
3.2324630305178657,0.9298411211951558,7
3.1889975357555755,0.8808987579213916,7
3.1995755292985284,0.9552707525712085,7
3.1851777258120912,0.9164186419387347,7
1.2795094732022874,-1.0113534230039811,54
0.8408850838412588,-1.1688448655679942,54
0.9212616504333451,-0.9749831037827293,54
0.938830944125887,-0.9699590278318823,54
1.0290526691776707,-1.0037204070178214,54
1.2795094728810634,-1.0113534233165733,54
0.8408850834137764,-1.1688448658886266,54
0.9212616505155338,-0.9749831037020387,54
0.9388309439794537,-0.9699590279759622,54
1.029052668680745,-1.0037204074345663,54
1.0986423263500713,-1.2312076732945507,53
1.099385805927795,-1.2754591764220933,53
0.8922791620167301,-1.4155653182682564,53
1.1024370158718901,-1.295432534359972,53
1.0986422931896092,-1.231207700816772,53
1.0993854585565266,-1.2754594624891713,53
0.8922790821654396,-1.4155653881269,53
1.1024370779521442,-1.2954324833010509,53
3.856712620063724,1.1808691030870542,2
3.7620144257111408,1.0739085484470425,2
3.791962294720959,1.1322742348910855,2
3.7949075183484235,1.1346781912139654,2
3.758886149416875,1.1233119740534991,2
3.8650714601641125,1.2043080251638891,2
3.809630203985699,1.1840899556346802,2
3.8212177798868194,1.1003976498493082,2
3.7814075980352455,1.2236814355404622,2
3.7747638300063984,1.16113463681393,2
1.1696751336965,-1.265499661973083,53
1.1213509665596828,-1.2895958758867452,53
1.1849231767236104,-1.2500884268617576,53
1.0973762639108013,-1.2973878667088647,53
1.1421915151119488,-1.3017445056102697,53
1.1696755132618988,-1.2654993466467812,53
1.1213506637175095,-1.289596126915967,53
1.1849226168650262,-1.2500888921704418,53
1.0973730031245288,-1.2973906181093353,53
1.1421919017867292,-1.3017441842988822,53
0.7374380106216364,-0.5332126115245553,58
0.732547777341677,-0.49312286868095184,58
0.6436331666909382,-0.5227883970926362,58
0.7003112491269468,-0.5229932493209846,58
0.7374380106208036,-0.5332126115241234,58
0.7325477773412701,-0.49312286868078514,58
0.6436331666908198,-0.5227883970925904,58
0.700311249128732,-0.5229932493218116,58
2.6384071903538175,1.5705246554896408,14
2.583660336846694,1.4925744567583543,14
2.60630089452635,1.4403447202388386,14
2.5740392156004095,1.5085462108303476,14
2.600671183037588,1.5735654656787361,14
2.679684764994038,1.6630485211129107,14
2.714884119844301,1.6709325265437533,14
2.6675968407263833,1.549366912235044,14
2.6542716373457345,1.6667488477357617,14
2.7206258512970773,1.6582192234448974,14
1.006866847127829,-0.7817636328645496,58
0.7008877543955837,-0.7353972559974519,58
0.6648620353878231,-0.4890607826648857,58
0.6409467577561113,-0.49989515889201364,58
0.76362425504526,-0.555718703103394,58
1.0068668471320388,-0.7817636328595299,58
0.7008877639221794,-0.7353972416153797,58
0.6648620353854237,-0.48906078266407915,58
0.640946757756172,-0.49989515889204045,58
0.7636242550083333,-0.5557187030894205,58
0.8056764370046864,-0.6511583072176733,57
0.9523372328799431,-0.7130802869940011,57
0.7156539511640089,-0.8363387126698802,57
0.8978311485647782,-0.7554188661193798,57
0.8056764370046855,-0.6511583072176742,57
0.9523372328800614,-0.7130802869938644,57
0.7156543778993256,-0.8363381744653648,57
0.8978311485649236,-0.7554188661191593,57
3.363088292191861,2.0290369929346985,0
3.265041843444925,1.9690482676288965,0
3.296112307045985,1.998433036207848,0
3.2641852248899683,2.0244239921946083,0
3.2914393189651716,2.016920515588186,0
3.379158676320724,2.094629363779256,0
3.340180482268855,2.1362680917386276,0
3.3584703332448096,2.0438921319583097,0
3.2771382751312097,2.1764526103896413,0
3.3361823559554145,2.1113983772482485,0
1.0251138071018973,-0.9911206787640158,57
0.7186499386529211,-0.9505006359036444,57
0.9652922893744817,-0.8602861128617129,57
0.8713183334294912,-0.7713374256671747,57
0.8145921505867688,-1.0261407983515298,57
1.0246854263515326,-0.9915747617419509,57
0.7186714562370816,-0.9504786429443756,57
0.9652920130853291,-0.8602864775160638,57
0.8713183334123092,-0.7713374256891403,57
0.8147658730163866,-1.0259912981907198,57
2.75232576019573,-2.059327944609761,42
2.826835389058002,-2.070904744054773,42
2.815674957700814,-2.031186360845372,42
2.716796108329101,-2.0567113340546803,42
2.75232576019561,-2.0593279446099344,42
2.82683538905819,-2.0709047440544905,42
2.8156749577007916,-2.0311863608454015,42
2.716796108329042,-2.0567113340547643,42
0.6629619437097538,-4.113095875395726,46
0.8370807391340744,-3.869503838299996,46
0.7708132951464474,-3.973994056190462,46
0.9390192053687793,-3.8460807637265915,46
0.7797325214533594,-4.113635804791418,46
0.5588211887208809,-3.9189792388030837,46
0.8224431352436145,-3.8968083526981125,46
0.7423900503916481,-3.8878155334857456,46
0.7941570180299049,-3.8314572301236103,46
0.6915469957044743,-4.066341638370381,46
2.8190632196128926,-2.022201054583363,42
2.6593850803565338,-2.0214835235151294,42
2.765839024070551,-2.005800765886304,42
2.767814127717482,-1.9320399296533495,42
2.6407557811438807,-1.9718713770388472,42
2.819063247764834,-2.022201010317121,42
2.659385080346261,-2.0214835235316087,42
2.7658390240691757,-2.0058007658885373,42
2.767814127717476,-1.932039929653355,42
2.6407557811445774,-1.9718713770376526,42
2.9309514915957977,-2.1653076919253507,42
-2.0857065126378402,2.0574430749131145,42
2.8873648121724793,-2.1006796856515284,42
3.003583446295264,-2.1317954041341953,42
2.8550282472113437,-2.0993874861151154,42
2.930951491595788,-2.1653076919253595,42
2.8420640221235542,-2.1477893245545574,42
2.88736481217249,-2.1006796856515133,42
3.003583446295206,-2.1317954041342926,42
2.855028247211327,-2.0993874861151447,42
0.6289604677624222,-3.8370254016224403,46
0.8698308494149323,-3.8551878825443087,46
0.5147277451139751,-3.746829998667652,46
0.8215361066856511,-3.778801806727315,46
0.5407909781123967,-3.862307528749984,46
0.8799371550741948,-3.833876348301795,46
0.4435074414135569,-3.871005155369526,46
0.8241316190074034,-3.933192194042184,46
0.6271911988010997,-3.8369855628365728,46
0.9017278270963621,-3.9588259739586733,46
0.6289604735531447,-3.8370254007176796,46
0.8698308464747795,-3.8551878831149917,46
0.5147277451319167,-3.7468299986649996,46
0.8215361070707716,-3.7788018066545352,46
0.5407909781475024,-3.8623075287453013,46
0.8799371361280895,-3.833876352110421,46
0.44350744141128623,-3.8710051553697764,46
0.8241316660940113,-3.9331921859392165,46
0.6271911986442937,-3.8369855628607534,46
0.9017265040491352,-3.9588262340812617,46
0.4098352095255402,-0.7095441094932938,56
0.47937519894398556,-0.6499954502372793,56
0.37209860438985426,-0.613581452250809,56
0.41635607729163515,-0.6657142695544875,56
0.40983520952553976,-0.7095441094932963,56
0.47937519894398534,-0.6499954502372794,56
0.37209860438985365,-0.613581452250808,56
0.41635607729163526,-0.6657142695544878,56
2.4588717839385366,0.3068505669712555,6
2.4673547930379995,0.176203462629477,6
2.512134110979057,0.21189275243949407,6
2.5290337936471468,0.26235416648549004,6
2.499774018871141,0.21373310616173039,6
2.398711352671851,0.2694571056051064,6
2.4787136265364174,0.22830087181786948,6
2.4577505015538974,0.18074373576442582,6
2.4535341762688034,0.2697055206482723,6
2.47320324931129,0.21828856735776825,6
0.6056729285948169,-0.6990131552870235,56
0.3175149447610401,-0.8307904257734676,56
0.33352139827737454,-0.5978101026953353,56
0.32979030695683,-0.5860015700923257,56
0.3963050343125602,-0.6359549065222992,56
0.6056729286028234,-0.6990131552825859,56
0.3175149447610401,-0.8307904257734687,56
0.3335213982773747,-0.5978101026953355,56
0.3297903069568301,-0.5860015700923262,56
0.3963050343125601,-0.6359549065222994,56
0.746410460045269,-0.8726578929816875,55
0.7711191273527191,-0.8972124619931396,55
0.6691641836840698,-0.8708094848538223,55
0.720201816252766,-0.9159608446303995,55
0.7464104600452106,-0.8726578929817441,55
0.7711191273526273,-0.8972124619932296,55
0.6691641836840586,-0.8708094848538322,55
0.7202018162530602,-0.9159608446301952,55
3.2889915081099326,0.5422749947197841,2
3.1284748907863795,0.43296015326932374,2
3.2160459496238047,0.4713893318760911,2
3.157054700506964,0.49891778785459734,2
3.128741702714062,0.4842718732061694,2
3.2168486854361262,0.5406134982426625,2
3.207155613994819,0.5361349304883338,2
3.223229893123634,0.46150729688458175,2
3.185073614717787,0.569227401358242,2
3.1807129734169552,0.5111352565312592,2
0.7178436303965764,-0.918774831252447,55
0.6421991632436646,-0.9739687093520306,55
0.7219610154692986,-0.8552150490797719,55
0.6597391233523259,-0.8395448641831861,55
0.7652815299605681,-0.8995881437074132,55
0.7178436303974752,-0.9187748312517571,55
0.6421991632436607,-0.973968709352034,55
0.7219610154693359,-0.8552150490797389,55
0.6597391233523461,-0.8395448641831671,55
0.7652815299605009,-0.8995881437074759,55
-0.2546701476389546,0.08013209501782215,60
-0.1925712556050083,0.0026851525195275864,60
-0.26422902661218467,0.05277796361764786,60
-0.24101313602483715,0.0030817494776080264,60
-0.2546701494428171,0.08013209676337998,60
-0.19257124167036568,0.002685137654474736,60
-0.2642290275785597,0.052777964602644806,60
-0.24101313807848515,0.003081751725329921,60
1.995042329696249,1.5224470661781673,11
1.934987330498698,1.3842381374468786,11
1.9593305351043317,1.3606692549978394,11
1.9153340755489894,1.4282646486697241,11
1.920591289344571,1.4240952658409638,11
2.0187839621330825,1.7231952022473587,11
2.04182859744139,1.6442278626273799,11
2.045664836645054,1.5857359036100855,11
2.0197769156606578,1.737943064428168,11
2.045815038293474,1.5976338966343806,11
-0.20636829158441225,0.037859547329950866,60
-0.31451133314674146,-0.010063025256171726,60
-0.2817384216623908,0.07798708055858368,60
-0.2931601599007376,0.12126503110547729,60
-0.24102768735039545,0.042513231235418114,60
-0.20636829177325333,0.03785954749763222,60
-0.31451126209248004,-0.010063104514048444,60
-0.2817384209253549,0.07798707980549162,60
-0.2931601599796164,0.12126503118343952,60
-0.24102768873312894,0.04251323266109762,60
0.05784116991319728,-0.42448211395689245,59
0.12550057552390448,-0.45885463173820756,59
0.006434867417584047,-0.4116459714635662,59
0.07216931454635675,-0.46582137740715795,59
0.05784116991313253,-0.42448211395675833,59
0.1255005755254631,-0.45885463174415536,59
0.00643486741768713,-0.4116459714638478,59
0.07216931454580393,-0.465821377404964,59
2.7390013832314373,2.1204737452086255,1
2.587298012214161,2.112079346436639,1
2.6723363612963573,2.1047841307146165,1
2.593046575320724,2.118808745285345,1
2.563455657134588,2.0874757884573047,1
2.701030625579775,2.2847229407012497,1
2.620979399415284,2.28005067311498,1
2.7190897171771167,2.2451390723094327,1
2.6002253249843066,2.3504968027485704,1
2.6513928108553984,2.2980760810699548,1
0.16363879559521893,-0.4353784683400355,59
0.05046119051402846,-0.599001318985742,59
0.03462608648594613,-0.5295436953813373,59
-0.006445389756234227,-0.3610268854054928,59
0.08793076310515674,-0.4670005245438894,59
0.16363879559431949,-0.4353784682989669,59
0.0504611905185548,-0.5990013190139218,59
0.03462608648253314,-0.529543695356077,59
-0.006445389756165161,-0.36102688540563527,59
0.08793076310931953,-0.4670005245648569,59
0.5659466433754303,-0.8562616417192639,54
0.6498507131589539,-0.8380794750104128,54
0.5144639163171738,-0.8053595417495235,54
0.5789103161426625,-0.9064366275172067,54
0.56594664337543,-0.8562616417192647,54
0.6498507131591305,-0.8380794750102114,54
0.5144639163171744,-0.8053595417495235,54
0.5789103161426624,-0.9064366275172054,54
2.8214412887322555,1.0046244981150056,7
2.760399238109702,0.8754897660505192,7
2.7888479809916946,0.8962825248717474,7
2.780765679895705,0.9375441105640734,7
2.7158054431385867,0.9075494285363294,7
2.852167316616071,1.0309880143331027,7
2.876368098834416,0.9942663328327335,7
2.8606381070921874,0.9310800813431758,7
2.810483244586358,1.000406159778837,7
2.8208558909038626,0.9409451850857284,7
0.923842143459241,-0.8113734283774033,54
0.45712196513781184,-0.9859215723894056,54
0.5548775370918099,-0.7742063451648593,54
0.5468659425477929,-0.7596968519417011,54
0.5793944756160848,-0.8376630132696593,54
0.9238421434557076,-0.811373428381044,54
0.4571219651378114,-0.9859215723894061,54
0.5548775370918545,-0.7742063451648089,54
0.546865942547776,-0.7596968519417188,54
0.5793944756119441,-0.8376630132744061,54
0.6633985727919391,-1.3160161068292688,53
0.7902723958553247,-1.3346059014940472,53
0.6573049220113242,-1.330583651914416,53
0.7464026719796192,-1.3619300042534328,53
0.6633985727920433,-1.3160161068291771,53
0.7902723956712555,-1.3346059016476286,53
0.6573049220111835,-1.3305836519145378,53
0.7464026719692384,-1.3619300042623954,53
3.508031971844258,1.2941172573405062,2
3.3648615943179414,1.1630552023152871,2
3.4179621550681367,1.2229257173052706,2
3.3736523362735684,1.2505390644823984,2
3.32760318147948,1.2421073349346186,2
3.4875106773080717,1.3092948668300737,2
3.4329653871288333,1.3026295832252173,2
3.452294010994867,1.2313377564915988,2
3.372344188350545,1.3236578894398514,2
3.3798758792684054,1.2328692108900732,2
0.841300449867263,-1.2672057796605671,53
0.6331140318859408,-1.369209729567723,53
0.7701331469805095,-1.3231719590707702,53
0.7005678523730825,-1.2937068506336435,53
0.7432931436203256,-1.3636575386247138,53
0.841300449565609,-1.267205779891715,53
0.6331140318860977,-1.3692097295675854,53
0.7701331474159085,-1.3231719586996151,53
0.7005678523759405,-1.2937068506313096,53
0.7432931437449122,-1.3636575385151744,53
0.0940667347404681,-0.26019815353780096,58
0.12846889381020424,-0.25883962914404646,58
0.06785165134168976,-0.26007336685380816,58
0.09933673286213744,-0.2854410144763358,58
0.0940667347404681,-0.26019815353780096,58
0.1284688938102043,-0.2588396291440463,58
0.06785165134168966,-0.26007336685380816,58
0.09933673286213686,-0.28544101447633485,58
2.134971031932797,1.6565766777041777,14
2.0941310934611668,1.5894339819482457,14
2.0874594597513596,1.5412908904987712,14
2.056120939966493,1.5835794170413469,14
2.078858367522984,1.6307782146736414,14
2.19732404101783,1.7817896928023254,14
2.228008661524351,1.7875139041196588,14
2.2010449126093388,1.694421729101683,14
2.155292314607145,1.7742049987559172,14
2.232468608433654,1.7534393586958732,14
0.23811993445323731,-0.33569951298054806,58
0.044102567758451006,-0.3528406710209363,58
0.08071332566822023,-0.22358861852653372,58
0.07565193083989528,-0.2190468484931924,58
0.11367377167045672,-0.27367635158727804,58
0.23811993445326732,-0.33569951298057354,58
0.044102567758451124,-0.3528406710209364,58
0.08071332566821977,-0.2235886185265332,58
0.07565193083989534,-0.21904684849319256,58
0.11367377167047359,-0.2736763515872957,58
0.18766559853514625,-0.7704201430121594,57
0.27629156312084646,-0.7404383608422798,57
0.17466139299043304,-0.7743757797002578,57
0.23550071185616353,-0.7669436960609495,57
0.18766559853514614,-0.7704201430121599,57
0.2762915631073123,-0.7404383609335746,57
0.17466139299043287,-0.7743757797002567,57
0.2355007118561608,-0.7669436960609968,57
2.8834157890801437,2.2356554043699135,0
2.751466219151821,2.171798096426014,0
2.797443863535219,2.1703638449501765,0
2.7568801390500477,2.1661809725639785,0
2.744191104496013,2.1863425618747945,0
2.8964003053139353,2.3075647759820326,0
2.8396137180978887,2.3278308633423226,0
2.8800214904853165,2.2679217448704625,0
2.7935857518403164,2.3346689619599337,0
2.8587840200431085,2.3030857224809074,0
0.3748773453603058,-1.026292373299999,57
0.1776542599540706,-0.8836916512172662,57
0.2465724036793365,-0.8624599876149597,57
0.18046763953468647,-0.7334133145796101,57
0.2522419052951672,-0.8388448085499488,57
0.3748773453542979,-1.0262923732890867,57
0.1776542599540706,-0.8836916512172669,57
0.24657240367936575,-0.8624599876172792,57
0.18046763953468728,-0.7334133145796025,57
0.2522419052951591,-0.8388448085497376,57
2.533982181786963,-1.999493590636997,41
2.6227436734957186,-1.9994843715662567,41
2.6341661059127772,-1.9997973434798464,41
2.497787182369924,-1.921927686417875,41
2.53398218178696,-1.999493590636999,41
2.6227436734957124,-1.9994843715662722,41
2.6341661059127426,-1.999797343479903,41
2.497787182369925,-1.921927686417872,41
1.0921676410049634,-3.676550799469708,45
1.184991762871444,-3.5426973594337188,45
1.1389563793376158,-3.619426920764761,45
1.2700077216732684,-3.528607285947582,45
1.1898303224671316,-3.760845672054497,45
0.9935215548121887,-3.594029794680468,45
1.153800471915405,-3.5598065163779093,45
1.154762380394247,-3.5822186905160547,45
1.1547216891691598,-3.569875229212967,45
1.1717274642113478,-3.615066836871103,45
2.452782776894557,-1.9253138445258178,41
2.4340225711862122,-1.8997517784925135,41
2.554544072719469,-1.9470753533920353,41
2.5482193068232077,-1.8800368400137337,41
2.4171291898682683,-1.865384550317526,41
2.4527827768945554,-1.925313844525823,41
2.434022571186216,-1.8997517784925124,41
2.5545440727194744,-1.9470753533920433,41
2.5482193068232073,-1.8800368400137324,41
2.4171291898682683,-1.8653845503175248,41
2.636543108942968,-2.019165781924479,41
2.5347508084020713,-2.016997657909538,41
2.618029398859447,-2.0067384883938675,41
2.6758924468091516,-2.0235821420947926,41
2.5885598344071616,-2.0103813270818276,41
2.6365431089429685,-2.0191657819244786,41
2.53475080840207,-2.016997657909537,41
2.6180293988594476,-2.0067384883938666,41
2.6758924468084864,-2.0235821420958398,41
2.588559834407161,-2.010381327081825,41
1.070515702610666,-3.528120321355783,45
1.3173854107618104,-3.5750726412344065,45
0.9374853832707207,-3.4370327435438623,45
1.2941538481650547,-3.549093956725262,45
0.9970819486107375,-3.572567365638141,45
1.3513832458382953,-3.512894714708335,45
0.9172466383740698,-3.597865574517384,45
1.284595581226583,-3.5922345060955183,45
1.0653784908276094,-3.49255762467901,45
1.3173584382188852,-3.6089014952430696,45
1.0705157026037637,-3.52812032135757,45
1.3173849481948132,-3.5750727879990865,45
0.9374853833092194,-3.437032743534402,45
1.2941538482801764,-3.549093956689718,45
0.9970815667780362,-3.572567458222074,45
1.3513832454317083,-3.5128947148410776,45
0.9172466383968821,-3.597865574512446,45
1.2845955675263627,-3.592234510317781,45
1.0653788395821404,-3.4925575321881794,45
1.3173584383438306,-3.6089014952035368,45
0.4771737129551013,-0.5700255655489066,56
0.546050707379103,-0.5564536180291542,56
0.4592751140982549,-0.5278752406152044,56
0.4863089843726066,-0.56374448154804,56
0.4771737129551013,-0.5700255655489063,56
0.546050707379103,-0.5564536180291549,56
0.45927511409825467,-0.5278752406152045,56
0.48630898437260656,-0.5637444815480404,56
2.4201782929707725,0.30339234641627405,6
2.434303873236385,0.17813640187416838,6
2.4791730387272493,0.21641611732780086,6
2.488264353842384,0.2665230078497582,6
2.468169392277441,0.21748456332218497,6
2.3672446459396745,0.29611572667078145,6
2.446036251569195,0.2665540129429732,6
2.421142877944828,0.202805462954743,6
2.406688639960417,0.3128052564684937,6
2.4285808177591184,0.2554910219320478,6
0.6955755675830821,-0.5396172406718583,56
0.3893723815886059,-0.6963288706316848,56
0.421129234580066,-0.504680504130503,56
0.434570525804502,-0.48358206986616015,56
0.46977674353826704,-0.5602607851059342,56
0.6955755675830829,-0.5396172406718592,56
0.38937238158860754,-0.6963288706316836,56
0.421129234580066,-0.5046805041305028,56
0.4345705258045021,-0.4835820698661599,56
0.46977674353826676,-0.5602607851059339,56
0.8503798424706838,-0.765926503983433,55
0.8721826061118815,-0.8253306125192426,55
0.6904055425016179,-0.7699287112047883,55
0.8207589611999445,-0.8503633555495774,55
0.8503798424706837,-0.7659265039834322,55
0.872182606111712,-0.8253306125194133,55
0.6904055425016172,-0.7699287112047893,55
0.8207589611998568,-0.8503633555496698,55
3.2592051853416666,0.5399760736198137,2
3.0923301228040274,0.42560075340246833,2
3.1879762523849724,0.4572869527272131,2
3.1151805699717685,0.5177405553178422,2
3.081358568704131,0.49571569902180945,2
3.1872969345738498,0.5435891633837684,2
3.191933021271552,0.5494160844026382,2
3.201434517829645,0.44314374452019706,2
3.1603796176696615,0.5814573944018494,2
3.1547965295675833,0.4986873558005339,2
0.8523241891058726,-0.7928133864671847,55
0.7488948466526234,-0.8568745414246987,55
0.8478906042357781,-0.7347093319118392,55
0.7495875306542833,-0.6900614186573181,55
0.8158936944295296,-0.7824132581413299,55
0.8523241891058639,-0.7928133864671942,55
0.7488948466532891,-0.8568745414240683,55
0.8478906042357776,-0.7347093319118386,55
0.7495875306542826,-0.6900614186573181,55
0.8158936944295295,-0.7824132581413291,55
-0.25030283372994566,0.20861392842337542,60
-0.23753624789656919,0.1319969578347836,60
-0.23063840305013766,0.1398221713840375,60
-0.3048391058374426,0.15347940178068412,60
-0.2503028751520152,0.20861396385668407,60
-0.2375362683686565,0.13199697636275495,60
-0.2306383859005771,0.13982215612115248,60
-0.3048391709094725,0.1534794643369741,60
1.9744518377645044,1.4770577759678252,11
1.917724620679385,1.3650322888703228,11
1.9510710258272104,1.3321240454433214,11
1.897532870847365,1.384594421610084,11
1.8960669181765413,1.4019709436812273,11
2.006500586108388,1.7194185065371306,11
2.047034259944684,1.6658343932096071,11
2.049874652451916,1.6176077540387443,11
2.017433359071543,1.7695386693782917,11
2.03147621896698,1.5944190088295846,11
-0.24140980884489854,0.19931836812846737,60
-0.25143341230370675,0.09966879782295616,60
-0.27703464673154626,0.1669543242480106,60
-0.22481312485533753,0.19202348416244658,60
-0.2574438220837579,0.15157461342827855,60
-0.24140872157001728,0.1993174575038165,60
-0.25143342093157944,0.09966880546482763,60
-0.27703465242515724,0.1669543296054246,60
-0.224813124727684,0.19202348405418881,60
-0.25744382449101044,0.1515746155933016,60
0.14672228373521404,-0.35247094322621,59
0.21250554848001246,-0.4035744191696457,59
0.05214516151032943,-0.34227824753170794,59
0.1576257838915065,-0.43345231189035766,59
0.14672228371224894,-0.3524709432093818,59
0.21250554847782424,-0.40357441916472286,59
0.05214516150890202,-0.34227824752931985,59
0.15762578389103457,-0.4334523118627565,59
2.781276814035796,2.101608464423197,1
2.5928833342304616,2.1007705150381275,1
2.6872973368908077,2.08093528487305,1
2.5990620297951175,2.097600313488233,1
2.5630809128851686,2.0851613601685757,1
2.73649638572662,2.259600618691324,1
2.6511320535486633,2.2660755760997837,1
2.7530073728763136,2.229910124236038,1
2.6236936636222716,2.3331460087160685,1
2.670552787376098,2.281335090482547,1
0.30833459092781423,-0.3574387021210558,59
0.12144515012413137,-0.52214734844488,59
0.08842913975777343,-0.4408110803760128,59
0.021831343117098636,-0.23196779127905154,59
0.13579831258239589,-0.40608629019212583,59
0.3083345918246242,-0.35743870243174036,59
0.12144515012411725,-0.5221473484449886,59
0.08842913976235268,-0.44081108038687533,59
0.021831343117508235,-0.23196779127978112,59
0.1357983126173208,-0.4060862902383066,59
0.6494951260756118,-0.7099300593837586,54
0.7094131593376942,-0.7332535940009691,54
0.5936880185260506,-0.7118903705868538,54
0.6577792240005512,-0.8011884998030657,54
0.6494951260756123,-0.7099300593837587,54
0.7094131593377827,-0.7332535940008725,54
0.5936880185260511,-0.7118903705868543,54
0.6577792240028927,-0.8011884998002433,54
2.833723651503861,0.9997668979755149,7
2.76569521460715,0.8710654405813542,7
2.8023307873354626,0.911177832105692,7
2.788463063433661,0.9462739833328848,7
2.714919953695465,0.9242382879409625,7
2.8460401903392043,1.0510869538144656,7
2.8955132085324293,1.0244683790536706,7
2.8691664055825066,0.9593905810786403,7
2.810976798197356,1.0136505800957358,7
2.818875252409113,0.9512701997757405,7
1.0159080627659745,-0.7076820942729125,54
0.548731838545645,-0.8306194078077422,54
0.6001834818498766,-0.6696816388827922,54
0.6417920476167861,-0.6276503089742125,54
0.6331121521218904,-0.744166273085103,54
1.0159080627659745,-0.7076820942729126,54
0.5487318385456386,-0.8306194078077466,54
0.6001834818498794,-0.6696816388827904,54
0.6417920476167861,-0.6276503089742124,54
0.6331121521217353,-0.7441662730852905,54
0.7614245137223551,-1.2793769322493072,53
0.8361081386503806,-1.3390959823536532,53
0.6998629578122432,-1.2972770953208226,53
0.7908504095425708,-1.3700207023247621,53
0.761424513722348,-1.2793769322493131,53
0.8361081383730518,-1.3390959825841169,53
0.6998629578119919,-1.2972770953210302,53
0.790850409972459,-1.3700207019639834,53
3.5150890044570238,1.285396680154358,2
3.3265452935580377,1.1665869957267778,2
3.388785757204895,1.2250612695482184,2
3.3592920204121706,1.2413496287980739,2
3.29400209303276,1.2478776014694053,2
3.486095882302491,1.2935026774118383,2
3.413373831075856,1.3277555725027301,2
3.4552551485618443,1.228500202001831,2
3.345585058479554,1.3285998195775741,2
3.3576110239538672,1.2496760542220104,2
0.980882830478729,-1.2195789636052503,53
0.679034782056225,-1.3345840498027521,53
0.7642959002233857,-1.3009063452443848,53
0.8129075574423273,-1.2114621434664363,53
0.7492614417970163,-1.3321748086508172,53
0.9808828575878213,-1.219578942534317,53
0.6790347820530904,-1.3345840498053936,53
0.7642959001379864,-1.3009063453172216,53
0.8129075573817176,-1.2114621435129627,53
0.7492614422112122,-1.3321748082894431,53
0.1315288709631649,-0.13662074723228995,58
0.1263232599643347,-0.17131476064900655,58
0.10221196721945608,-0.17103278979355846,58
0.09258011157596667,-0.195424422192729,58
0.1315288709631644,-0.13662074723228948,58
0.12632325996432386,-0.17131476064899756,58
0.1022119672194561,-0.17103278979355857,58
0.09258011157595032,-0.19542442219271286,58
2.1534809477028944,1.6439370272141798,14
2.1186775256505155,1.5860751911928703,14
2.1138489697815337,1.5354856937890495,14
2.084563940989365,1.5839143721555708,14
2.099210569589027,1.6169370622864856,14
2.2198007956436485,1.801608505788791,14
2.26447441132139,1.8072887608163322,14
2.2314556137913857,1.721934621733455,14
2.1852053175047,1.8002496740465135,14
2.2495355586821364,1.7633475026705248,14
0.2333000893098726,-0.22688018276142108,58
0.11958171209755858,-0.2358291689127057,58
0.09816356946916496,-0.1616115521251908,58
0.11445298749935132,-0.12761329330032561,58
0.11010391566958583,-0.18225940598093385,58
0.23330008931770807,-0.2268801827678593,58
0.11958171209755912,-0.23582916891270586,58
0.09816356946916555,-0.16161155212519115,58
0.11445298749935146,-0.12761329330032561,58
0.11010391566953488,-0.18225940598088727,58
0.22718357185083687,-0.7166131184872259,57
0.35209881873992993,-0.6954723818669393,57
0.2335925287057727,-0.7224261007493377,57
0.29447591226460057,-0.7782621887047836,57
0.22718357185085872,-0.7166131184870864,57
0.35209881504135987,-0.6954723921385776,57
0.23359252870603245,-0.7224261007476083,57
0.2944759122662103,-0.7782621886749702,57
2.9204832976262303,2.2135795473874595,0
2.761331977367352,2.1559672985754075,0
2.816173916742744,2.1381563017672223,0
2.7665575093793313,2.1239668340745173,0
2.7565924182809174,2.15919705177437,0
2.939338079298109,2.276307894188182,0
2.8586459721980852,2.3422432083725244,0
2.921328314442718,2.2500280255744745,0
2.804154648551801,2.3227891337135533,0
2.877947530486581,2.2989627455300106,0
0.49041196539422854,-0.9403470316497149,57
0.21364779235044368,-0.8828992841096047,57
0.3008580043506913,-0.8082729073146379,57
0.259772235256544,-0.6670384243174888,57
0.29026291933615794,-0.84568329918606,57
0.49009536656003144,-0.9407635669277232,57
0.2136477923504435,-0.8828992841096034,57
0.300858004457751,-0.8082729061791034,57
0.259772235258474,-0.6670384243110524,57
0.2902629193286658,-0.8456832990677705,57
2.57229477906329,-1.978878023075605,41
2.73029821548236,-2.030014365108676,41
2.7061542980550066,-1.996559066687116,41
2.605954311775662,-1.9670655502808263,41
2.5722947790632915,-1.9788780230756045,41
2.7302982154823825,-2.0300143651086446,41
2.7061542980549906,-1.9965590666871451,41
2.6059543117757062,-1.9670655502807433,41
0.9455521509311923,-3.827948146900961,45
1.0082226302802766,-3.63236544311984,45
0.9634982163702539,-3.738470998878129,45
1.0893365830866952,-3.6406254105230658,45
1.0121294176006734,-3.916538662310121,45
0.766466842307608,-3.7503664200449376,45
0.9856545207900049,-3.690383210147196,45
0.9829661700341046,-3.7066187941584885,45
0.95734144111998,-3.675456501049622,45
0.9734710104172374,-3.7614666897463387,45
2.3971465779736745,-1.9004008386602198,41
2.4560241677289842,-1.9156358829806834,41
2.6468593591805183,-1.9837998845620706,41
2.6327330948020267,-1.8997568311763315,41
2.4921385145934343,-1.8611143537201138,41
2.397146577973675,-1.9004008386602234,41
2.4560241677289834,-1.9156358829806888,41
2.6468593591805214,-1.9837998845620677,41
2.632733094802029,-1.899756831176327,41
2.492138514593434,-1.8611143537201145,41
2.616454752234288,-2.039337240214928,41
2.532203258098934,-2.001969208458461,41
2.6420717108129548,-1.9519565800615069,41
2.674651500891189,-1.9695055289095793,41
2.6317724280387282,-2.013572911116673,41
2.6164547522342883,-2.039337240214927,41
2.532203258098933,-2.0019692084584655,41
2.6420717108129503,-1.951956580061507,41
2.674651500891286,-1.9695055289094312,41
2.6317724280387322,-2.0135729111166683,41
0.8520994908669302,-3.684295032579188,45
1.0895714994127437,-3.6911830979776825,45
0.7190690665779816,-3.5595009278467273,45
1.0387813232921086,-3.5723039148646913,45
0.7622665682505998,-3.738367856037334,45
1.1198364872446125,-3.5984304712435433,45
0.7079985620675529,-3.747318989327336,45
1.0521091753063296,-3.7587366171112397,45
0.8314272462075841,-3.6527117020533826,45
1.0734783442727538,-3.7055922189003514,45
0.8520994908546656,-3.6842950325815487,45
1.0895714997480086,-3.691183097894122,45
0.7190690666710579,-3.5595009278282883,45
1.038781323719587,-3.5723039147570406,45
0.7622665704604855,-3.738367855634223,45
1.1198364873016549,-3.598430471228207,45
0.7079985616681713,-3.747318989398014,45
1.0521080098544364,-3.7587368884393566,45
0.8314281623249052,-3.6527115267186523,45
1.073478344371219,-3.705592218876264,45
0.7838787934482453,-0.7387965891861087,56
0.7672453858315509,-0.7090013549751553,56
0.6879957356547471,-0.6780011585003455,56
0.753996585306997,-0.7183211549304991,56
0.7838787934483051,-0.7387965891860654,56
0.7672453858315493,-0.7090013549751557,56
0.6879957356547473,-0.6780011585003449,56
0.7539965853069973,-0.7183211549304984,56
2.799684292204918,0.35393639340909067,6
2.8115681228996707,0.22701537581377973,6
2.872168183653913,0.2843706444767012,6
2.8531785844497035,0.3177871034138128,6
2.8573429964430597,0.2568299804230811,6
2.7919997139747257,0.36643347752316224,6
2.8146625973887596,0.34751066746793696,6
2.8351103752397977,0.2878782211066503,6
2.820215011116327,0.36716193288414145,6
2.831963400391247,0.29741230252722584,6
1.0610322845092677,-0.7673658691334426,56
0.6591121872191151,-0.9254279683852127,56
0.6015774689128206,-0.6346822158026266,56
0.6444311670846458,-0.6662808965123379,56
0.7027268594525143,-0.7198687497228221,56
1.0610322845092672,-0.7673658691334428,56
0.6591121895509601,-0.9254279664938426,56
0.6015774689128213,-0.6346822158026268,56
0.6444311670846411,-0.6662808965123418,56
0.7027268594525033,-0.7198687497228317,56
1.0473233263157806,-0.8860167120323947,55
1.0463443683335882,-0.9292686033282131,55
0.9700615546756457,-0.8866385090222288,55
1.0865097428334924,-0.9670190067838254,55
1.0473233263157655,-0.886016712032413,55
1.0463443683336788,-0.9292686033281307,55
0.9700615546756537,-0.8866385090222235,55
1.0865097428324118,-0.9670190067848605,55
3.6106324443719773,0.6616694885113202,2
3.4405422511560113,0.5406797577498011,2
3.540502542168948,0.5993454511942656,2
3.4790737017165263,0.6099765618584275,2
3.468786862435687,0.6025393856243193,2
3.569064243001794,0.6752153907011981,2
3.4935142032712614,0.6555807041498231,2
3.5451079265095533,0.6031668213805421,2
3.4714744698372493,0.6762832555629275,2
3.4880049046629704,0.6290619376564655,2
1.0258939366821094,-0.9161272532856661,55
1.0473531976481174,-0.958352606026459,55
1.0544551994439708,-0.8840454729780363,55
0.9874609473661858,-0.8580610866521778,55
1.0893407856739044,-0.9208238966298261,55
1.0258939366820863,-0.9161272532856845,55
1.047353197690248,-0.9583526059897999,55
1.054455199443964,-0.8840454729780433,55
0.9874609473661655,-0.8580610866521968,55
1.0893407856739301,-0.920823896629799,55
0.1812635700172797,-0.06995522097790706,60
0.39154468410695853,-0.29141274421824814,60
0.20948774450658253,-0.13514515051952633,60
0.3744087086388404,-0.3128014098115077,60
0.18147074581177627,-0.0700941485889282,60
0.39051887879226427,-0.29076810293917976,60
0.20956780849310486,-0.13520236118003837,60
0.37446261611279413,-0.31283496731427807,60
2.4631609158727352,1.628425209665684,11
2.3887187202795537,1.5043482633081806,11
2.4519951707807537,1.5421174688055261,11
2.3942875845664546,1.6145596845481889,11
2.398166657970576,1.5799827118025365,11
2.4665206670226576,1.7588921940645044,11
2.4748251929642895,1.755714922154165,11
2.483950722592526,1.6966100726236828,11
2.445269476080267,1.8400893802000413,11
2.506061582753733,1.7198313529824354,11
0.36141880449249425,-0.23963805042264716,60
0.12089826834855774,-0.13736575796179754,60
0.04081455045823237,-0.010027897901515658,60
0.09983727012909514,-0.01706672403018103,60
0.14722863740047765,-0.10886707606199249,60
0.36065508328214085,-0.23912190028678318,60
0.12041680021320496,-0.13705744868026815,60
0.04081732090962886,-0.010029814101861092,60
0.09983711587261442,-0.017066623146760607,60
0.14748598985930633,-0.10903523929336766,60
0.521607909159566,-0.5227780358528049,59
0.6229004920804008,-0.5449403514226447,59
0.4896252924903173,-0.525449756466422,59
0.5492755523412729,-0.5773462981694208,59
0.5216079091583098,-0.5227780358528833,59
0.6229004920802156,-0.5449403514225913,59
0.489625292464949,-0.5254497564696079,59
0.5492755523394927,-0.5773462981706494,59
3.1256741675129684,2.060744431664824,1
2.9850928274648654,2.087379704897592,1
3.0765636494784205,2.0587080208381257,1
2.99088469073498,2.099521221548039,1
2.9756011030736023,2.099060554420395,1
3.03764585041725,2.2456328129945407,1
2.984165312411202,2.261291055866099,1
3.0549748715154568,2.2151693477514316,1
2.937422795490183,2.3230080761265404,1
3.026479861712791,2.2961905422803275,1
0.7547227777500983,-0.6115529788304562,59
0.43353286089850906,-0.9525622973669992,59
0.5105205291132123,-0.604170292129051,59
0.5082823784237164,-0.4762684073153599,59
0.6033318879210025,-0.6096185596979923,59
0.7547227777651476,-0.6115529788355479,59
0.4335046513537105,-0.9526209818957428,59
0.5105205290632371,-0.6041702921703245,59
0.508282378423985,-0.4762684073153695,59
0.603331887900646,-0.6096185597043196,59
0.7925286387067576,-0.8931612617318212,54
0.8845499603299641,-0.8924147201808688,54
0.7145539998445175,-0.8876916356269551,54
0.8546453573124249,-0.9682038369710375,54
0.7925286387193377,-0.8931612617169886,54
0.8845499602868844,-0.8924147202283375,54
0.7145539998409672,-0.8876916356305007,54
0.8546453576884565,-0.9682038366158309,54
3.1147607352445723,1.0137897273423595,7
3.1106621456710255,0.8699656452568556,7
3.127781293293127,0.9183101544404821,7
3.1071949379926784,0.9604713961191158,7
3.077615008308145,0.9352980949399833,7
3.166400900277539,1.0392301121347614,7
3.165033894695171,1.0001659003738086,7
3.1713827855240573,0.9357555134737043,7
3.1124516321837743,1.024227298295596,7
3.1351481827242407,0.95833942465724,7
1.1638905184822557,-0.8332683617939617,54
0.6709130581655235,-1.0177907849056367,54
0.8062339595707106,-0.8013094127824226,54
0.8075721404128304,-0.8087346036127817,54
0.8439698446463292,-0.88563617599999,54
1.1638905184820405,-0.8332683617941516,54
0.6709130581648534,-1.0177907849061112,54
0.8062339595400486,-0.8013094128150927,54
0.8075721404138412,-0.8087346036117226,54
0.843969838756667,-0.88563618272052,54
0.937396465336272,-1.2495099638599003,53
0.9566825668351556,-1.278026143350634,53
0.8029277625017937,-1.3107362858837983,53
0.9780303297562806,-1.2942913202033888,53
0.9373964633171069,-1.249509965503101,53
0.9566825772689571,-1.278026134805412,53
0.8029277629430551,-1.3107362855073068,53
0.9780302933734026,-1.294291349991235,53
3.76709079797692,1.2323633059745054,2
3.7003858969814285,1.1164653465957737,2
3.7326292382790793,1.1619662695413338,2
3.6896471650852516,1.1695305273141965,2
3.6531495332409296,1.1679873260248717,2
3.7633441102960665,1.271180023832279,2
3.72684919332151,1.2459534583349678,2
3.7588909672762436,1.2044847238457936,2
3.6912191539484076,1.2582266829168267,2
3.69793948759925,1.192776246716166,2
1.0669255670869817,-1.2042779555100327,53
0.800041886727067,-1.3976037106126584,53
0.9350669505932072,-1.2637440691880533,53
0.8909371216581529,-1.2462519134041936,53
0.8866513514919363,-1.3044484490923356,53
1.0669255392063133,-1.2042779782206547,53
0.8000418812493122,-1.397603715399242,53
0.9350669075698189,-1.2637441049823344,53
0.8909371184632952,-1.2462519160010808,53
0.8866513768901052,-1.3044484277073787,53
0.4495636008909544,-0.37167741546740474,58
0.4290761769237637,-0.4001031375514003,58
0.38197369465128983,-0.3859549741123271,58
0.4029834104018337,-0.44910599985202593,58
0.44956360089095604,-0.37167741546740607,58
0.42907617692376365,-0.40010313755140087,58
0.38197369465128944,-0.3859549741123267,58
0.4029834104018347,-0.449105999852025,58
2.553339808484314,1.628315819824573,14
2.480114431596731,1.5600291662591674,14
2.5016971997754087,1.5469443058072592,14
2.4569539173341233,1.6106542685966623,14
2.4767742783680813,1.6412742371438995,14
2.597858554286744,1.7314538878749761,14
2.6088799172133883,1.7460244484666698,14
2.583640977225142,1.6462860956925522,14
2.547920157412969,1.7557327129591578,14
2.6027742212318477,1.7293809529983846,14
0.6701668141863644,-0.539082810469964,58
0.4112852170602535,-0.4483310116055968,58
0.3577262728885408,-0.36850922583062157,58
0.3754652440106087,-0.33871435924767684,58
0.4044140951895465,-0.44451402798604667,58
0.6701668144699363,-0.5390828105741327,58
0.4112852170602545,-0.4483310116055972,58
0.35772627288854025,-0.3685092258306206,58
0.3754652440106088,-0.3387143592476772,58
0.4044140951896156,-0.44451402798603445,58
0.5152606740780123,-0.9377244237558042,57
0.7424637185984554,-0.8233087091333043,57
0.46122209414358517,-0.9608357023466687,57
0.594910199263766,-0.9999204920217755,57
0.5152606775305523,-0.9377244200568147,57
0.7424655441787473,-0.8233062065453266,57
0.46122209452919855,-0.9608357019296295,57
0.5949101638077096,-0.9999205173641418,57
3.2522556739818853,2.143998654653188,0
3.1554567246495386,2.08866375476054,0
3.1896724915781696,2.083445973762875,0
3.1147352567602433,2.0903294030214004,0
3.116859112916377,2.118176173162603,0
3.2136785294421317,2.2209700791833993,0
3.195831818825235,2.240703143578457,0
3.242388966269415,2.183310408727311,0
3.1313872231677076,2.250273023946787,0
3.22106203929091,2.2258509820873975,0
0.8259602268053257,-0.9818418849514374,57
0.4429673035596003,-1.0843793911697497,57
0.6012902494121544,-1.0312211844784223,57
0.5219552189678067,-0.9013796337420562,57
0.5893962338442954,-1.0728965694612296,57
0.8308239222432992,-0.9770145841148642,57
0.4429673035596005,-1.084379391169749,57
0.6012902582616373,-1.0312211783539733,57
0.521935679819531,-0.9014047766592161,57
0.5893962338828872,-1.0728965694374712,57
2.6802662831419433,-1.9524749734362588,42
2.743705619146562,-1.9043177634085617,42
2.7785909875277293,-1.9454836870390766,42
2.638426497723891,-1.8779518835344229,42
2.680266283141947,-1.9524749734362536,42
2.743705619146565,-1.9043177634085564,42
2.7785909875277297,-1.9454836870390726,42
2.6384264977238323,-1.8779518835345381,42
0.5510682695929905,-4.0760052349087985,46
0.7381807887938513,-3.790518229117262,46
0.6481181053163615,-3.911376507609837,46
0.8491360199146746,-3.7897016783405792,46
0.6971898237249049,-4.061491619137446,46
0.5031098007024422,-3.8931366086049466,46
0.7348420517222845,-3.7962060084511973,46
0.6532253413151351,-3.827330647302362,46
0.7450853172070063,-3.72638798860786,46
0.655779274426433,-3.9466230040173422,46
2.7896364200516555,-2.0402618325578232,42
2.5936836236416507,-1.892875994536497,42
2.6928260879906722,-1.8990480211083425,42
2.7432457821981684,-1.8901454792655155,42
2.5864427911024896,-1.8862710301658494,42
2.789636420051674,-2.040261832557797,42
2.5936836236416725,-1.8928759945364602,42
2.6928260879906745,-1.8990480211083456,42
2.7432457821981724,-1.8901454792655095,42
2.5864427911024945,-1.8862710301658427,42
2.846220068921522,-2.1144434033407724,42
2.8102912159870934,-2.1124654591780474,42
2.8520104163983726,-2.01391325887186,42
3.0062748826768058,-2.1299570181258485,42
2.8095727838062983,-2.047338972808466,42
2.846220068921568,-2.114443403340703,42
2.8102912159870734,-2.1124654591780776,42
2.8520104163984112,-2.0139132588717876,42
3.0062748826768604,-2.129957018125769,42
2.8095727838062268,-2.047338972808575,42
0.5503524791210292,-3.8400153258107292,46
0.8885305089510106,-3.8023548180721995,46
0.4608748026127036,-3.719358678199711,46
0.8822090650772914,-3.719305398973145,46
0.5265613099089632,-3.839446592815556,46
0.8895661497816646,-3.7688532755981594,46
0.4308036582046028,-3.8794748204058807,46
0.8561507702210167,-3.8279358791866764,46
0.5527703562349509,-3.8186524736939567,46
0.927983265546712,-3.8517227948242025,46
0.5503524786669236,-3.8400153258737797,46
0.8885305463288801,-3.802354810789381,46
0.46087479410998833,-3.719358679387536,46
0.8822090669646274,-3.7193053985986513,46
0.5265613101251442,-3.8394465927860346,46
0.8895661498667066,-3.7688532755812543,46
0.4308036567516133,-3.8794748205635967,46
0.8561506831560783,-3.8279358961045076,46
0.5527703600885994,-3.8186524731623157,46
0.9279837107560552,-3.8517227036445862,46
1.8778512014933215,1.438393139218887,5
1.8760314408979704,1.547047682451789,5
-2.0777351645554973,1.2867850434822372,86
-2.077735164555497,1.286785043482236,86
2.674218650986628,2.4330423453097416,3
2.6236233557445363,2.5221115848197475,3
-1.5903845295162633,-0.0915327428625102,86
-1.5904242440292407,-0.09141188588539093,86
-0.17787948865387052,3.1810828005400213,10
-0.13631979525750074,3.1895040160079358,10
-2.061555960627679,1.4815774196956735,86
-2.061555960627679,1.4815774196956735,86
1.4842654477767367,3.4983218979953863,1
1.3957381080078073,3.573192252852616,1
-1.932207144581474,0.94728717423678,86
-1.9322071445814764,0.9472871742367802,86
1.7169173306996826,2.2041954930772953,12
1.7256186574278014,2.297888810699605,12
-1.723076670522027,1.3776647779130338,86
-1.7230766705247966,1.377664777914866,86
2.5257713219342803,2.7193324338170486,4
2.5547856418969115,2.765150832394241,4
-2.3133064554169844,1.2951338607653953,86
-0.6200987906286664,-2.578754961954138,86
0.6428710281336067,2.868357571304253,12
0.7125510583994944,2.9290167654577015,12
-2.0581745298573675,1.5613182982964242,86
-2.0581745298573675,1.5613182982964242,86
1.652513683995217,3.326972798072271,1
1.639793678491764,3.3838585604737847,1
-2.2597998061399034,1.3342017508444024,86
-2.259799806139898,1.3342017508444062,86
2.0480948665986154,-3.346665415866901,52
1.9474435020403726,-3.4676747879729706,52
2.1310832818590475,-2.2849029467154947,44
2.1310832818590475,-2.2849029467154964,44
2.31070460863972,-2.4873432622843707,44
2.310704608639726,-2.4873432622843668,44
2.1714181191655686,-3.351953166280018,52
2.223351260288986,-3.374938937830554,52
-3.4448840026093692,1.767336851767658,52
2.2233512615898836,-3.374938936954651,52
1.9079228102568118,1.2189962526623166,5
1.90447778719646,1.3802888861185632,5
-2.022358093150002,1.2919890797289544,86
-2.022358093150002,1.2919890797289544,86
2.659088437961143,2.4238362721453846,3
2.611166287561112,2.5331723469478606,3
-1.637578875113936,0.11457821678754865,86
-1.6405734018736764,0.12588085182677158,86
-0.13969623639414422,3.066706042737466,10
-0.11065869017194524,3.094844603082954,10
-2.0443203130795533,1.4624896774863485,86
-2.0443203130795533,1.4624896774863485,86
1.4541451689624953,3.4841916608451857,1
1.3643824642952385,3.573176055383378,1
-1.9269041230516293,1.0037744391736372,86
-1.9269041230516306,1.003774439173637,86
1.7333620888362338,2.1721017681311534,12
1.7338281439924674,2.2912562599428816,12
-1.6026073021149023,1.3060382749849475,86
-1.602607302077338,1.3060382749583699,86
2.5330476609073886,2.7158540885930536,4
2.564086042924435,2.7605734952750254,4
-2.2828083375883055,1.3303405381553495,86
-2.282808337588492,1.3303405381551259,86
0.686313858733435,2.8354492967163694,12
0.7500311082800002,2.904101045776152,12
-1.9849293086352555,1.5055257330141179,86
-1.9849293086352555,1.5055257330141179,86
1.6801199690161126,3.331509657311926,1
1.667349662874654,3.378076223749346,1
-2.259254126734185,1.3507843280011707,86
-2.259254126734004,1.3507843280014018,86
2.073207918625841,-3.4375042019343227,52
1.9860355505839007,-3.557061872084332,52
2.1418862463507153,-2.2451723122091565,44
2.1418862463507153,-2.2451723122091565,44
2.3743619635470488,-2.4732816300328295,44
2.3743619635470496,-2.4732816300328273,44
2.1642080955691463,-3.4133065410739563,52
2.2152151463329637,-3.428061195156981,52
-4.01914870516631,0.29266158301150624,52
2.2152151465322163,-3.4280611950251143,52
-0.3951652512223824,-0.39089980774116767,62
-0.3694126592820665,-0.28534858444361694,62
-0.385103074626066,-0.19163417895644325,62
-0.3898997093460764,-0.2974458946155612,62
-0.39516525122238255,-0.39089980774116795,62
-0.3694126592820664,-0.28534858444361666,62
-0.385103074626066,-0.19163417895644325,62
-0.3898997093460765,-0.2974458946155614,62
2.2492972679789047,0.4361451476316154,6
2.3292274489705833,0.25207458943852573,6
2.344748063549406,0.2927366030123422,6
2.344057151108042,0.2943478240029764,6
2.287605809757852,0.22068209677976036,6
2.276146398740221,0.405390970577206,6
2.30582900765446,0.32718771720014117,6
2.319099780841135,0.2615186054531864,6
2.350152289421951,0.34385080725403655,6
2.2440642382407314,0.2457386846517675,6
-0.23367353157952847,-0.6080277733475842,62
-0.41222348694595656,-0.46111196326673226,62
-0.3312983419304038,-0.2827495911954761,62
-0.3461761387117888,-0.16666354296662414,62
-0.27955354156399687,-0.2958660854569369,62
-0.23367353157952853,-0.608027773347585,62
-0.41222348694595656,-0.4611119632667321,62
-0.3312983419304038,-0.2827495911954761,62
-0.3461761387117887,-0.16666354296662414,62
-0.2795535415639967,-0.29586608545693666,62
-0.40141729677676424,-0.939595480967092,61
-0.33911616722821963,-0.9012090102050588,61
-0.39210724712264744,-0.8814551107333044,61
-0.33907293472021366,-0.8945669382045958,61
-0.40141729677676447,-0.9395954809670924,61
-0.3391161672282196,-0.9012090102050575,61
-0.3921072471226486,-0.8814551107333062,61
-0.3390729347202138,-0.8945669382045959,61
3.1385506196636976,0.9175395307960912,3
3.0030191097011927,0.5702656493787919,3
3.1388293654133097,0.628322602545714,3
3.148545243825812,0.6395611746694303,3
3.0254434572247106,0.5264179396989744,3
3.026191280646774,0.969333431306543,3
2.987600844509973,0.8531319808960951,3
3.0708960982689475,0.6383508258380692,3
2.999954721073232,0.9354163105796045,3
2.95216039796628,0.6470192997363831,3
-0.341113580371045,-1.112026796505032,61
-0.5004724788051982,-1.1023587473189354,61
-0.3749587202484473,-0.9511843361300646,61
-0.39552868797658214,-0.7790202075093521,61
-0.28642211492451175,-0.8538225767514022,61
-0.34111358037104544,-1.1120267965050321,61
-0.5004724788051985,-1.1023587473189354,61
-0.37495872024844723,-0.951184336130064,61
-0.39552868797658103,-0.7790202075093511,61
-0.28642211492451175,-0.8538225767514025,61
-1.0964781152960885,0.7723650045783482,68
-1.0788499005214707,0.7734849225922058,68
-1.051796394334847,0.7788421127942723,68
-1.1115187751846662,0.7857986390055323,68
-1.096478115296089,0.7723650045783484,68
-1.0788499005214705,0.7734849225922064,68
-1.0517963943348465,0.7788421127942716,68
-1.1115187751846667,0.7857986390055326,68
1.3317488815083276,1.9801632235686402,11
1.275658053259427,1.8226947329897625,11
1.3208268103019047,1.8379421758816663,11
1.2810897589324695,1.8941690005177838,11
1.266588848762634,1.7091107223547726,11
1.3113961213338077,2.0467981061901717,11
1.3843426524506748,1.9838687886080646,11
1.3862947916279549,1.9644539417669864,11
1.3144250866198133,2.0522763468841414,11
1.3337640321295217,1.828253773057122,11
-0.8741208948250169,0.5040046234467773,68
-1.1423027244044335,0.737397702763318,68
-1.0539635338917916,0.7231441402918504,68
-0.9958606397622604,0.7708747098994886,68
-0.9588240485928479,0.6729029154831947,68
-0.8741208948250174,0.5040046234467784,68
-1.1423027244044341,0.7373977027633181,68
-1.053963533891793,0.7231441402918503,68
-0.9958606397622607,0.7708747098994896,68
-0.9588240485928482,0.6729029154831949,68
-0.803198613296971,0.06615064804656852,67
-0.7620320382775368,0.14142032721990558,67
-0.7997403117449575,0.19869472123030776,67
-0.7980657501947115,0.11557704667111057,67
-0.8031986132969714,0.0661506480465685,67
-0.7620320382775366,0.14142032721990544,67
-0.7997403117449575,0.19869472123030782,67
-0.798065750194712,0.11557704667111056,67
2.24995309188966,2.6299633945818264,1
2.1689591274812186,2.4463615208679106,1
2.2383664522625626,2.5152093506022184,1
2.1879965388937928,2.415484095741801,1
2.1313323366212584,2.3693408168130086,1
2.2065927245212027,2.719220408066954,1
2.174752190196022,2.643864827461191,1
2.2397425265194624,2.653483025542121,1
2.109978871421377,2.6778954122176453,1
2.0970570841657947,2.584396423807828,1
-0.6653204907355088,-0.033016398882074534,67
-0.9221931118643059,0.05083790445946812,67
-0.7253631133034633,0.07244296532446193,67
-0.7721383811006245,0.22718239601240728,67
-0.7232394681510019,0.10752111575540713,67
-0.6653204907355089,-0.033016398882074444,67
-0.9221931118643054,0.05083790445946827,67
-0.7253631133034623,0.07244296532446193,67
-0.772138381100623,0.22718239601240736,67
-0.7232394681510027,0.10752111575540726,67
-0.12326141567968557,-0.3615157284477778,64
-0.09248016795919807,-0.24067208911341234,64
-0.10101297322483613,-0.17200600875239444,64
-0.12374923966327014,-0.25171167019695784,64
-0.12326141567968557,-0.3615157284477778,64
-0.09248016795919811,-0.24067208911341206,64
-0.10101297322483584,-0.17200600875239438,64
-0.12374923966327032,-0.2517116701969578,64
2.319268633305599,1.1948457981317777,7
2.4250796387265674,0.9965008913804643,7
2.42315059528391,1.0143210035616845,7
2.4503566941359964,1.0188450121051322,7
2.352903149137789,0.8897987097185083,7
2.3273306859351073,1.2543735946063512,7
2.4320557557157336,1.1127127791607108,7
2.46400195541633,1.0213364123188173,7
2.4570795768648073,1.1425684698338605,7
2.364956016980147,0.9344348799435194,7
0.14294726138428487,-0.5329035402405766,64
-0.17418313252435713,-0.40291856738339865,64
-0.11381875148609484,-0.3008184903524253,64
-0.05927142691388842,-0.1285924959579244,64
-0.05662213552183493,-0.2574347974999223,64
0.14294726138415534,-0.5329035402407057,64
-0.1741831325243573,-0.40291856738339854,64
-0.11381875148609484,-0.3008184903524252,64
-0.05927142691388836,-0.12859249595792435,64
-0.05662213552183493,-0.2574347974999224,64
-0.2701886583307701,-1.0899645968220772,63
-0.2111628043730806,-1.0545005200594526,63
-0.23540351759275202,-0.9738925093428723,63
-0.19691523005424452,-1.0665224517935297,63
-0.2701886583307706,-1.0899645968220784,63
-0.21116280437308266,-1.0545005200594622,63
-0.23540351759275208,-0.9738925093428727,63
-0.1969152300542427,-1.0665224517935228,63
3.1903316428369273,1.6605443051002606,4
3.112275428917677,1.4581054433607177,4
3.1809236319781413,1.5314262397216778,4
3.1811031981916966,1.5098973144524148,4
3.0788240910789413,1.4214722017491435,4
3.2034264829743306,1.6763812829935776,4
3.116010203555731,1.6285120105281925,4
3.147782568808997,1.5851406005930737,4
3.1299128009716912,1.6451737685137062,4
3.035133849844461,1.5141940550145134,4
-0.11004258042695801,-1.2717037084810272,63
-0.32127952172731933,-1.2497503602352678,63
-0.15542265421253929,-1.1488651131381327,63
-0.1467996677732997,-0.9480611839769278,63
-0.08239515880912196,-1.068110087048422,63
-0.11004258042647867,-1.2717037084805622,63
-0.3212795217272434,-1.2497503602351423,63
-0.1554226542125161,-1.1488651131380982,63
-0.14679966777329984,-0.948061183976927,63
-0.08239515880912124,-1.0681100870484217,63
-0.5115311883490784,0.21292978133972174,66
-0.5052623077198166,0.28487960974415494,66
-0.508176737792074,0.2863077380554628,66
-0.545666243072639,0.2834445547346504,66
-0.5115311883490787,0.21292978133972187,66
-0.5052623077198166,0.28487960974415505,66
-0.5081767377920746,0.2863077380554627,66
-0.5456662430726391,0.2834445547346504,66
1.6162178835434335,1.8601557317145905,14
1.5205267017923492,1.7104653017699887,14
1.5569549898386086,1.718143780256875,14
1.5414044121738597,1.7979450036609015,14
1.5208368572541244,1.6882423799480144,14
1.6232717060682915,1.9200691703920731,14
1.631172346090714,1.8778655478331554,14
1.6175149134832159,1.8018949725413171,14
1.5530695294694468,1.9043385758466536,14
1.6033034377836952,1.7519064067615564,14
-0.3757314771680058,0.008864751982294663,66
-0.5113706922309532,0.11855528683576799,66
-0.48061747164805835,0.18550385500745525,66
-0.45991676783664237,0.27827248595735543,66
-0.4389833905681021,0.19474721582501897,66
-0.37573147716800553,0.008864751982294649,66
-0.5113706922309529,0.11855528683576799,66
-0.48061747164805835,0.18550385500745525,66
-0.4599167678366426,0.2782724859573555,66
-0.43898339056810237,0.1947472158250191,66
-0.5574161401677058,-0.2779534055786239,65
-0.5339265662571475,-0.170612322089311,65
-0.5407140138748464,-0.1582553079867446,65
-0.5331956471969201,-0.219207368443733,65
-0.5574161401677054,-0.277953405578624,65
-0.5339265662571473,-0.17061232208931093,65
-0.5407140138748466,-0.15825530798674492,65
-0.5331956471969204,-0.21920736844373306,65
2.415294066612973,2.5929533645847167,0
2.326021403915726,2.402008344833912,0
2.3768326668512896,2.4546001831091986,0
2.3223691572848657,2.391129137102026,0
2.3060380420933244,2.363707384820868,0
2.455018685018749,2.6240808467696373,0
2.3950231654771414,2.579670828938316,0
2.4323236218331643,2.587984281797406,0
2.3471438205590074,2.573134200769839,0
2.3421906268283688,2.5275683674972926,0
-0.46215183013343564,-0.3923438080715356,65
-0.585873679412062,-0.4383558390909463,65
-0.4874424519559583,-0.2799417730352954,65
-0.4948588104004543,-0.15969645114528425,65
-0.46892654901465103,-0.2888475080628039,65
-0.4621518301319201,-0.392343808078682,65
-0.5858736794120618,-0.4383558390909455,65
-0.4874424519559582,-0.2799417730352953,65
-0.4948588104004541,-0.15969645114528427,65
-0.46892654901465114,-0.28884750806280424,65
2.14776235766269,-2.1062110067065856,43
2.2818279488695086,-2.060697516476867,43
2.3321147572269987,-2.2021860289506896,43
2.136424462122704,-2.010593765386451,43
2.147762357662689,-2.1062110067065856,43
2.2818279488695064,-2.0606975164768695,43
2.3321147572270005,-2.2021860289506887,43
2.1364244621227044,-2.010593765386454,43
1.7096201282885262,-3.4520413629253626,51
-2.780672221677801,1.6531244472710398,51
1.7145067879758615,-3.2478805543844445,51
1.8370900050903307,-3.1501468327938547,51
1.6307231998413856,-3.402804546704011,51
1.7444624449909147,-3.3558513831167547,51
1.8050823263682811,-3.1615419160500093,51
1.860815812287724,-3.190501376680467,51
1.8195378025264553,-3.133633228550966,51
1.7465452383375646,-3.2898887354823256,51
2.0667561493193958,-1.9298379457754935,43
2.1565318079340576,-2.0864580481291344,43
2.213262353168582,-1.9834252954548774,43
2.2601829069869237,-2.1473794675587525,43
2.1007735994175825,-2.039030241514725,43
2.0667561493193953,-1.929837945775493,43
2.1565318079340576,-2.0864580481291313,43
2.2132623531685804,-1.9834252954548768,43
2.260182906986922,-2.1473794675587543,43
2.1007735994175816,-2.0390302415147263,43
2.257273690365222,-2.2268199376643487,43
2.1665463929310986,-2.2607484088197096,43
2.2131321738607235,-2.137290400529196,43
2.2946254746015646,-2.283170807127042,43
2.2416218968922452,-2.191840528967357,43
2.257273690365222,-2.2268199376643487,43
2.1665463929310973,-2.2607484088197105,43
2.2131321738607226,-2.137290400529195,43
2.294625474601565,-2.2831708071270405,43
2.241621896892246,-2.191840528967357,43
1.8334553960342956,-3.205099107848965,51
1.7850823259254778,-3.251457476598897,51
1.7154054556576026,-3.106873987941289,51
1.7521527875886864,-3.110029090521267,51
1.7770115946207172,-3.0615628735919995,51
1.8511228785136415,-3.121642493460761,51
1.740510870610816,-3.063398767940517,51
1.797302180712174,-3.2069601368111247,51
1.8028390685338676,-3.130798643331584,51
1.7359808023073136,-3.192029572910698,51
1.8334553960057411,-3.205099107864475,51
1.7850036592505338,-3.2514990685859146,51
1.7154054572182174,-3.1068739871121283,51
1.7521527865733157,-3.110029091073448,51
1.7770115944629485,-3.061562873677797,51
1.8511228726988993,-3.1216424967626395,51
1.7405108747559768,-3.0633987656736195,51
1.7973021780213987,-3.206960138256606,51
1.802839064803748,-3.130798645361402,51
1.735980801747728,-3.1920295732031883,51
1.6886516637383542,0.794281728229908,5
1.8597602950871006,0.6180363682505579,5
-2.194804967718082,1.2743758473262663,86
-2.1948049677180816,1.2743758473262679,86
2.454736331866599,2.340559001692117,3
2.435299397215888,2.4452578414111352,3
-1.6791970928224242,-0.206164689640968,86
-1.679069499644529,-0.20662543066631842,86
-0.22019735712519473,2.92185368041112,10
-0.0372563706482924,2.9312847931637354,10
-2.405698427374696,1.6575149095991237,86
-2.405698427374696,1.6575149095991237,86
1.3029176640539568,3.355426349979153,1
1.3052263472947194,3.4405137464383655,1
-2.2442537355027032,1.0915409886980023,86
-2.244253735502704,1.0915409886980005,86
1.589586100608681,2.175514985576732,12
1.662171491437257,2.363667734499817,12
-1.7720704985781448,1.254916056183911,86
-1.772070498578115,1.2549160561838935,86
2.3709470012701233,2.7478678277371205,4
2.401335793628127,2.7853210035456293,4
-2.351330122929277,1.067097375348043,86
-0.7423556026440686,-2.4565323246926276,86
0.5538457775694782,2.757935299775166,12
0.6365322082806203,2.8571561115209905,12
-2.273948398891717,1.6005274076961398,86
-2.273948398891717,1.6005274076961398,86
1.5251451580762712,3.264759918564953,1
1.5647945119729556,3.288816515972731,1
-2.4633114672521614,1.334505481675108,86
-2.46331146725216,1.3345054816751074,86
1.8836792713233175,-3.566494291956504,52
1.826728161435039,-3.5565076463809526,52
-2.076415503924334,1.6592748600271263,44
2.4324823311543606,-2.023928180467161,44
2.774423389492221,-1.7832777198339782,44
2.774423363782058,-1.7832777768373793,44
1.9786188745770423,-3.52209655895917,52
2.0302535028713473,-3.493379815418561,52
1.9786187681381973,-3.522096619627284,52
2.0302533394248243,-3.4933799119291336,52
1.7419609919945696,0.6390519003530492,5
1.8808619828106512,0.5283696651035678,5
-2.178117834624283,1.2838967666908618,86
-2.178117834624282,1.2838967666908618,86
2.510085945666534,2.1542807713614387,3
2.4555127740146188,2.2875134621870394,3
-1.6556486624648723,-0.1390775786770608,86
-1.655489710399997,-0.13955547671885063,86
-0.09543364115519928,2.6975036094230527,10
0.06920036460433697,2.7463388826505937,10
-2.3867999036567236,1.6320464321112254,86
-2.3867999036567236,1.6320464321112254,86
1.4220706645913126,3.188634434973737,1
1.4272128760148715,3.2905828666985277,1
-2.2103426532653985,1.0301159213574267,86
-2.2103426532654242,1.0301159213574542,86
1.6627887985740373,2.008236308749955,12
1.7462341958168652,2.180436495815024,12
-1.7015318724092006,1.2349749914479877,86
-1.7015318724091977,1.2349749914479846,86
2.464343314164107,2.6166160114214687,4
2.473517843767955,2.645361805630865,4
-0.7531131936094575,-2.4414141491278434,86
-0.7531131936139547,-2.441414149121667,86
0.6274085467045952,2.6194040601642783,12
0.7162311347699871,2.7066544923828113,12
-2.2152494692045126,1.5481360631169625,86
-2.2152494692045126,1.5481360631169627,86
1.6071071300338533,3.1494687462533855,1
1.6378938313883376,3.168338827932882,1
-2.462932468465219,1.2773239037516364,86
-2.4629324684652594,1.277323903751548,86
1.9002206245186806,-3.6332976197542237,52
1.8824411714722242,-3.5629829470454797,52
2.451692696776672,-2.008447135840963,44
2.4516926968454196,-2.0084471357036477,44
2.8143357192382665,-1.8307486229128078,44
2.8143357188210363,-1.8307486238063022,44
1.9833258930872422,-3.553751797547711,52
2.0398761107609853,-3.5071926231641815,52
1.9833258791613402,-3.5537518053587296,52
2.0398761274626143,-3.50719261325527,52
-0.5507825518569328,-0.35540575117664414,62
-0.5104048369993398,-0.23569375053982938,62
-0.5985519877149375,-0.12528807476435097,62
-0.5217857816800276,-0.28925013679823064,62
-0.5507825518568331,-0.35540575117702505,62
-0.5104048369993366,-0.23569375053983377,62
-0.5985519877148714,-0.12528807476449658,62
-0.5217857816800251,-0.289250136798235,62
2.014283996705878,0.36021690242823406,6
2.1105575756234116,0.16271226619111448,6
2.1335916350639827,0.18535860962368705,6
2.167279795598049,0.19239291780837092,6
2.117509351481027,0.12555761413606845,6
2.057546689664556,0.376929934502869,6
2.1286641370275445,0.25218909129461475,6
2.124837835120818,0.20029873681623814,6
2.17512044501998,0.27949730325862576,6
2.0770647918219423,0.16361672991941717,6
-0.36488273881257705,-0.6586993451471896,62
-0.5695766940484802,-0.5668544139517407,62
-0.5325410960212048,-0.2784799927747372,62
-0.5762550899995685,-0.15015411657486788,62
-0.46095594558331476,-0.29046137683328493,62
-0.3648827388085941,-0.6586993451552575,62
-0.5695766940484377,-0.5668544139519255,62
-0.5325410960212049,-0.2784799927747374,62
-0.5762550899995449,-0.15015411657492891,62
-0.4609559455833144,-0.29046137683328505,62
-0.6115929120766499,-1.0316517118198305,61
-0.5847205550152131,-0.9954494516507778,61
-0.6645383465998346,-0.95728321377977,61
-0.5671998217762224,-1.0346012295590818,61
-0.6115929120766505,-1.0316517118199506,61
-0.5847205550152116,-0.9954494516507626,61
-0.6645383465998517,-0.9572832137799214,61
-0.5671998217762244,-1.034601229559099,61
3.018596355228876,0.5566673735515023,3
2.8569231635515,0.4641226268410075,3
2.9819674840955606,0.4414012764437303,3
2.955831339601883,0.451642717618588,3
2.846885120086385,0.4229886908473377,3
2.936587118140354,0.6086291773481148,3
2.833045116343275,0.6027209152407996,3
2.930407812752963,0.48197535398679087,3
2.861159018697427,0.6096259106224319,3
2.763933193638058,0.536971815948348,3
-0.45950577097569795,-1.2989925755085188,61
-0.6921384336585981,-1.2659722442380983,61
-0.5489967039160387,-0.9421810522466914,61
-0.6177757609448359,-0.8473049177436407,61
-0.4285102414324286,-0.8968637530933576,61
-0.4595057709756986,-1.2989925755085203,61
-0.6921384336585986,-1.265972244238099,61
-0.5489967039160394,-0.9421810522466908,61
-0.6177757609448367,-0.8473049177436416,61
-0.42851024143242855,-0.896863753093358,61
-1.5460544522471278,0.8915328879746466,68
-1.4899480610478761,0.8888990185892278,68
-1.5560898139665809,0.936289883174924,68
-1.5607675750657164,0.918581913088197,68
-1.5460544522471291,0.8915328879746489,68
-1.4899480610478772,0.888899018589228,68
-1.5560898139665824,0.9362898831749241,68
-1.560767575065716,0.918581913088197,68
1.114637834769194,1.8435157387398835,11
1.0099772507474238,1.6556957672827224,11
1.1257646492996802,1.6842519649505245,11
1.1298950592904033,1.7832008423737378,11
0.9421222679684191,1.5123473329110044,11
1.1512641921919762,1.9392331110530654,11
1.1869265721445392,1.832168211206297,11
1.2025034121481448,1.834459949863168,11
1.2034385151340872,1.9618627498073025,11
1.106910095975026,1.6773912331320968,11
-1.2042453248455587,0.6104107002849106,68
-1.715652835675839,0.9534668078067771,68
-1.4119349378864245,0.7918328250282085,68
-1.4473909901755033,0.8624526448484277,68
-1.400369014345427,0.8109565408052538,68
-1.2042453248455538,0.6104107002849055,68
-1.7156528356758378,0.9534668078067768,68
-1.411934937886425,0.7918328250282091,68
-1.4473909901755044,0.8624526448484287,68
-1.4003690143454286,0.8109565408052545,68
-1.03606095759654,0.17579030446570884,67
-1.03570929485533,0.17998642340477486,67
-1.10876974319264,0.23910894504874972,67
-1.071076887885564,0.16540166513422758,67
-1.036060957596541,0.17579030446570904,67
-1.035709294855331,0.17998642340477455,67
-1.1087697431926402,0.23910894504874972,67
-1.0710768878855639,0.16540166513422758,67
2.0664819763935816,2.6059105458524052,1
2.0223700519830112,2.4189839020933595,1
2.0659912575219237,2.5081016151898345,1
2.041686019157729,2.413979821730554,1
2.011102488533275,2.3438419329467868,1
2.0524960717161655,2.6962264405033936,1
2.0507605641810547,2.594699741664749,1
2.1233905105437714,2.6125850103449744,1
2.0064299843652673,2.645002247732744,1
2.01659571661602,2.5410182261645127,1
-0.8942782608760228,0.0066232740553671884,67
-1.1882474054207828,0.1501272934690747,67
-1.016199055924789,0.17183601991033834,67
-1.085900362860528,0.2829421739517791,67
-0.9764930567512993,0.13651930116979222,67
-0.8942782608760222,0.006623274055367282,67
-1.1882474054207819,0.15012729346907394,67
-1.0161990559247884,0.17183601991033828,67
-1.0859003628605282,0.2829421739517791,67
-0.9764930567512988,0.13651930116979227,67
-0.3792523191233472,-0.4130630167862403,64
-0.3539406517060952,-0.32361794069149225,64
-0.4002224520000323,-0.2826012206951726,64
-0.37492099811725466,-0.3535536345039116,64
-0.3792523191233471,-0.4130630167862402,64
-0.35394065170609523,-0.3236179406914924,64
-0.4002224520000322,-0.2826012206951723,64
-0.3749209981172549,-0.3535536345039117,64
2.1579838945990337,1.1892739121535965,7
2.1697894119017493,0.9173889737661005,7
2.1949941837251234,0.9554626724626827,7
2.2075479963233136,0.9385191810329347,7
2.110825996783058,0.8146900994212336,7
2.2024191770360964,1.2817717137395717,7
2.2563414448119934,1.1381682116153926,7
2.3086788583459383,0.9788680460785183,7
2.202893015597859,1.1753521477616875,7
2.1330023025666227,0.8633839474197376,7
-0.16268444597541415,-0.5156432483436909,64
-0.42791880683065886,-0.5361425049237224,64
-0.37980030883100235,-0.3183894910754915,64
-0.39964637825828697,-0.2320192159687829,64
-0.32323401135929253,-0.31409240908050706,64
-0.1626844459754141,-0.5156432483436906,64
-0.4279188068306588,-0.5361425049237234,64
-0.37980030883100224,-0.3183894910754917,64
-0.39964637825828714,-0.23201921596878272,64
-0.32323401135929314,-0.3140924090805071,64
-0.4768679940056101,-1.1139728682283543,63
-0.430388477919578,-1.0890207360413855,63
-0.5031681377318804,-1.1717000413228529,63
-0.43446322501774937,-1.1172700349548554,63
-0.4768679940054689,-1.1139728682276382,63
-0.4303884779197984,-1.0890207360425335,63
-0.5031681377319511,-1.1717000413231826,63
-0.43446322501759604,-1.117270034954161,63
3.0171929919152345,1.575210130263976,4
2.9237998863613206,1.4000220992653432,4
3.0029198232821104,1.4194198419501889,4
2.9921667990404726,1.4158266806489124,4
2.9532076360134214,1.3084475548885954,4
3.036572455960233,1.59655763314858,4
2.9792145437375077,1.5625465092084385,4
3.0172182181405485,1.4963520522219995,4
2.9586262463586346,1.5608275565636593,4
2.8740408850495975,1.3581660885413591,4
-0.34943662428922007,-1.3449808803213654,63
-0.4897629279113768,-1.3136602534439974,63
-0.38646828238059766,-1.1329047567206687,63
-0.4642682409387724,-1.1049736227588118,63
-0.3206565688520013,-1.081970907498131,63
-0.34943662428921357,-1.3449808803213523,63
-0.4897629279113768,-1.3136602534439958,63
-0.386468282380571,-1.132904756720593,63
-0.46426824093873864,-1.1049736227586338,63
-0.320656568851993,-1.081970907498104,63
-0.8147691643602752,0.2043551728808704,66
-0.7692305074381336,0.2460597512289707,66
-0.8279541583735923,0.2640155605844547,66
-0.8144611051628045,0.24682025804709823,66
-0.814769164360275,0.20435517288087018,66
-0.769230507438133,0.24605975122897028,66
-0.8279541583735915,0.26401556058445474,66
-0.8144611051628033,0.24682025804709806,66
1.377938607624806,1.8691647927702562,14
1.2980444013361025,1.7018853570425638,14
1.3445749950585135,1.715022939874223,14
1.3165088295929566,1.7372349331370731,14
1.2601416554928329,1.6051323791701344,14
1.4155330678588187,1.9365942686526838,14
1.4529792719176668,1.8588609429982552,14
1.4494185419132974,1.833290079435731,14
1.3716004477782433,1.8676470972228594,14
1.324010130327512,1.6960665445147314,14
-0.6005910556216866,-0.0033178903841165667,66
-0.8044466529122415,0.152452331701724,66
-0.7174153675883799,0.16899830907560714,66
-0.7526532507419169,0.2439582145818985,66
-0.6972841564835978,0.19335121196482677,66
-0.6005910556216865,-0.003317890384116669,66
-0.8044466529122417,0.15245233170172395,66
-0.7174153675883801,0.16899830907560728,66
-0.7526532507419171,0.24395821458189862,66
-0.6972841564835982,0.19335121196482677,66
-0.7941262175152631,-0.15388605428617835,65
-0.7767963100107129,-0.1295835449992347,65
-0.8308209011963958,-0.1584668627239476,65
-0.7840747939815311,-0.15664369992771562,65
-0.7941262175152629,-0.15388605428617858,65
-0.7767963100107129,-0.12958354499923472,65
-0.8308209011963963,-0.15846686272394733,65
-0.7840747939815316,-0.15664369992771554,65
2.214666682930208,2.5494515300512655,0
2.129961199704056,2.3606484734394226,0
2.1768421671339944,2.402647606273694,0
2.131150306364338,2.316320218522613,0
2.1282376894254296,2.2887122750570237,0
2.222224346080124,2.6091796664832896,0
2.2243963341167183,2.5347875506419846,0
2.2718621810739705,2.5569535664869076,0
2.16556757965401,2.4982041556072034,0
2.1827916231642703,2.4470360747826185,0
-0.7281631565675428,-0.34998895216922354,65
-0.7928312547770685,-0.3151308482037657,65
-0.7324344451518953,-0.22123333254126287,65
-0.7976527485401089,-0.15016484557706103,65
-0.699055833292246,-0.22963574028402625,65
-0.7281631565645675,-0.3499889521797254,65
-0.7928312547770678,-0.3151308482037654,65
-0.7324344451518954,-0.22123333254126268,65
-0.7976527485401089,-0.15016484557706083,65
-0.6990558332922456,-0.22963574028402645,65
2.3485284515939497,-2.158503755038661,43
2.4707640446529053,-1.964774695536218,43
2.4867954158920784,-2.1329651355525927,43
2.375733775810346,-1.9663217450246513,43
2.3485284515939515,-2.158503755038661,43
2.470764044652899,-1.9647746955362262,43
2.4867954158920784,-2.1329651355525914,43
2.375733775810352,-1.966321745024651,43
1.5960411994378045,-3.4575267094312654,51
1.7176900058600604,-3.0820135354330724,51
1.667891454819906,-3.2559511750967616,51
1.7979808607591812,-3.1405094586347735,51
1.6172676075604477,-3.3860320602948204,51
1.6899768940288529,-3.3018654083863574,51
1.7481622244291777,-3.063866684525568,51
1.879069069882473,-3.141845390379661,51
1.8152953166935895,-3.0329366477876,51
0.4596365930145373,-3.5894927692247127,51
2.26087838073699,-1.9092342552064512,43
2.311384304154282,-2.0833367998798917,43
2.403488235738481,-1.927747115248506,43
2.4701952255633506,-2.153148278041745,43
2.2957446872990697,-1.98346233100618,43
2.26087838073699,-1.9092342552064518,43
2.3113843041542803,-2.0833367998798926,43
2.403488235738481,-1.9277471152485055,43
2.4701952255632333,-2.1531482780419267,43
2.2957446872990728,-1.9834623310061787,43
2.4791382622707054,-2.0315834156642008,43
2.322790105096334,-2.0600396798187575,43
2.400457816071333,-1.8352604198953142,43
2.487817688926736,-2.042826106638948,43
2.462873754830391,-2.000622363623509,43
2.4791382622706997,-2.0315834156642127,43
2.322790105096335,-2.0600396798187557,43
2.400457816071335,-1.8352604198953117,43
2.487817688926735,-2.0428261066389486,43
2.4628737548303925,-2.0006223636235063,43
1.6979742791020755,-3.2986703690677017,51
1.7260006996367652,-3.257643741160772,51
1.5571789734948642,-3.164031327987303,51
1.7186081688049943,-3.064985494394299,51
-2.7699535895538006,1.4237876397342841,51
1.7810247417508593,-3.0557198212804106,51
1.5849818918896952,-3.139433280581708,51
1.8181225109361132,-3.089057960513208,51
1.6727618791809515,-3.160934458192856,51
1.7888563791864123,-3.0920712617010087,51
1.6979742891744187,-3.2986703642157145,51
1.7260006893860456,-3.257643746405604,51
1.5571789758073387,-3.1640313269177303,51
1.7186081687803019,-3.0649854944078703,51
1.7008226749847744,-3.0951956153958573,51
1.7810247418231642,-3.0557198212403778,51
1.5849818910055253,-3.1394332809989756,51
1.8181225092388187,-3.089057961479069,51
1.672761893203079,-3.160934451077843,51
1.7888563791722631,-3.0920712617089,51
-1.3730647204816404,2.0948596791592777,33
-1.4254604033870901,2.051386183221177,33
-1.3581572507886854,2.081305670093941,33
-1.3085187097499489,2.1224661185288234,33
-1.2924777766251263,1.9810733435100902,33
-1.3194780748383326,2.011438159959316,33
-1.2842454119569748,1.9586674833188518,33
-1.3165529223892027,1.9385259994605726,33
-1.3167957148248393,2.0172926079183884,33
-1.2543138769677342,1.8139612534380785,33
-3.5675407788797133,0.05827797426900866,80
-3.56754077803808,0.05827799168750195,80
-3.5815605855136368,0.1359438361431714,80
-3.5815604762782454,0.1359460329778899,80
-1.323806762065961,1.7812437822322122,33
-1.1306352498779013,1.6149198726470462,33
-1.3238067620659602,1.7812437822322116,33
-1.1306352498779004,1.6149198726470453,33
-0.01110022069101888,2.692960709940809,15
-0.19721116706729636,2.552960153725853,15
-0.057137912620109345,2.667205119078285,15
-0.036350159842779235,2.6752780869863595,15
-0.09809557440739915,2.559111588276654,15
-0.05995040381423598,2.3988830916678077,15
-0.07398795502459495,2.3506524485913136,15
-0.14813612493874564,2.2807727846638355,15
-0.0710604621799794,2.372388633574979,15
-0.2384559444709185,2.1624438905280803,15
-3.4239176751639397,-0.5758705234249282,80
-3.4239177431529404,-0.575870032043861,80
-1.796679335914756,2.7852523775730136,25
-1.79299858573116,2.734486218097376,25
-1.78284713386324,2.8085669951870615,25
-1.7675727269637125,2.8048299083257158,25
-1.7700053692796718,2.7231546618390667,25
-1.7978920023097966,2.8388306839933497,25
-1.7958599714523102,2.754621857365685,25
-1.8066894139685534,2.735502079122995,25
-1.7971355431089249,2.8110850198976483,25
-1.798399155743496,2.655343345876708,25
-3.749539779277418,0.89810308386114,84
-3.7495397792809606,0.8981030838485661,84
-3.7534630624591903,1.0063297116138226,84
-3.753463060746245,1.0063297170938046,84
-1.8807838211937897,2.592518495920666,25
-1.7970326309592273,2.495112086185998,25
-1.8807838211937866,2.592518495920668,25
-1.7970326309592268,2.4951120861859972,25
-1.018327749933075,2.9015044802102388,18
-1.1133581143993247,2.950284169093677,18
-1.0635160076904622,3.0040241625063677,18
-1.0304370069701112,2.973309447760246,18
-1.0791437557732853,2.830302473366872,18
-1.0493056898949196,2.851609955678397,18
-1.038208979276335,2.884831685482342,18
-1.0829260191598693,2.8908894624215047,18
-1.0488373339951742,2.8885918573944367,18
-1.13704511555307,2.7953569747323654,18
-3.7055018975398406,0.36665795229728043,83
-3.7055018956891197,0.36665796500566933,83
-0.8230542145080432,2.4898882397979287,31
-0.8871520927532166,2.3899767731820263,31
-0.8097042928376518,2.4329355298003414,31
-0.7447637798891263,2.4605850703260956,31
-0.9211788816970407,2.338958049466804,31
-0.7571833515995624,2.2951985069850607,31
-0.7950221331960777,2.2762827139726944,31
-0.8648097431529204,2.226756422907821,31
-0.7747034627055466,2.301308059682065,31
-0.9515779503882201,2.0769019121163104,31
-3.5415931152308207,0.10571020350801759,78
-3.541593116844618,0.10571017595342545,78
-3.4860385591933953,0.3148093338913599,78
-3.4860385590816403,0.3148093348376405,78
-0.900835333596258,1.8547831946879034,31
-0.7924982843316047,1.7233848052546845,31
-0.9008353335962582,1.8547831946879039,31
-0.7924982843316053,1.7233848052546847,31
0.3944399183195188,2.6409815837567274,17
0.2960512034947289,2.630222114893416,17
0.3445136322911932,2.6079803899056806,17
0.3955200921938834,2.6081652912358417,17
0.23334230360533373,2.57680479668756,17
0.3563471814657834,2.367684988836635,17
0.39178951344084334,2.4462223496816233,17
0.3305550623714213,2.3817762054058687,17
0.36766690516082984,2.405784608598673,17
0.18516485655274206,2.350232700641658,17
-3.5943556514634243,-0.4755276694617213,77
-3.5943556867168605,-0.4755273545854637,77
-1.3295522874723962,2.829060313995267,24
-1.3139034153879894,2.7119353848336982,24
-1.3084197283150767,2.803912944483566,24
-1.2660002232533176,2.7634906340299468,24
-1.3257681867196682,2.6732197597117224,24
-1.3266130813153505,2.798799839254135,24
-1.327371774077077,2.6812466853959713,24
-1.361282301353934,2.7174710497799586,24
-1.3215684104327248,2.6829135270457884,24
-1.421869047730101,2.5702921252301216,24
-3.798550465004217,0.7498985559199831,88
-3.7985504447265077,0.749898641070908,88
-3.7571727942452333,0.9442114118649388,88
-3.7571727952347036,0.944211408494051,88
-1.3626934357041303,2.4529743136302926,24
-1.2646289792169418,2.300289620417259,24
-1.3626934357041294,2.452974313630292,24
-1.2646289792169423,2.300289620417259,24
-0.37494693999425127,2.9829290093558662,17
-0.44289793918939113,3.044128055015843,17
-0.3681781068747259,3.06202093544437,17
-0.32495964305228914,3.0255554450711837,17
-0.4680646584232798,2.907357852135188,17
-0.4650732607539059,2.8899957257065076,17
-0.4231170340423933,2.9121910831738163,17
-0.49201646928175197,2.931298489074116,17
-0.4253095902861067,2.879310833564284,17
-0.5844087158355673,2.842333376182389,17
-3.7862499321907523,0.30520667004036883,87
-3.786249931599755,0.3052066751332569,87
0.7091213089969969,-2.294166816909076,47
0.7818176886992574,-2.1590182442388666,47
0.7649331098960185,-2.228240400237319,47
0.8194933444916777,-2.187432234536714,47
0.6088565605185476,-2.532558823766637,47
0.6864857738050817,-2.328823807925305,47
0.6734801821522673,-2.269298933196738,47
0.7222497029318373,-2.331813608543289,47
0.7281637575642976,-2.224999375099095,47
0.535139046296498,-2.5410930865085484,47
3.9015702379043486,-0.8622231141325969,38
-2.3959664778967973,3.2149025863717604,38
-2.4599118592747913,3.0995832276793314,38
3.8636126480729684,-0.8658135725170584,38
0.5313865918054026,-2.5725747797056764,47
0.5889116415728404,-2.5523186586526085,47
0.531386618283533,-2.572574763770334,47
0.5889116409718618,-2.552318659026976,47
-2.0154970491918713,-2.5493766428515943,70
-1.9832751199550724,-2.559348120613161,70
-1.996662477425921,-2.537011572697169,70
-1.9701970200562329,-2.561683632745541,70
-2.0154970491918878,-2.5493766428515836,70
-1.983275119955118,-2.559348120613129,70
-1.9966624774259152,-2.5370115726971725,70
-1.9701970200526735,-2.5616836327481547,70
1.1672369523407884,1.851728891772237,36
1.0468468038203036,1.0552802520757112,36
1.0801523962589326,1.6405714525413688,36
0.9613089869111171,1.497331589749265,36
0.9726227292228935,0.8981906640704134,36
1.2396339020721256,1.3464153517611037,36
1.092128114429441,0.9691101531261371,36
1.0683968842981622,0.9152705177620071,36
1.0972275922343395,1.170396186497857,36
0.9481437424778293,0.7513757886612955,36
-1.7069442518244946,-2.578200982951392,70
-1.9918033813371259,-2.5232272462354075,70
-1.9633468363703217,-2.55280077147684,70
-2.018500086369896,-2.4974340754525115,70
-1.9309692433688044,-2.5610557491873296,70
-1.7069442518245022,-2.5782009829513886,70
-1.9918033813371412,-2.523227246235394,70
-1.9633468363702098,-2.5528007714769214,70
-2.0185000863700164,-2.49743407545242,70
-1.930969243368658,-2.5610557491874375,70
-1.7990438950581116,-2.697847275429912,70
-2.024151099757799,-2.5929419299623198,70
-1.895604822932408,-2.5989560309698714,70
-1.9308477399326534,-2.5617119207527557,70
-1.872656837625546,-2.616160753691806,70
-1.7990438950595071,-2.697847275429144,70
-2.024151099758007,-2.5929419299621665,70
-1.8956048229324531,-2.598956030969839,70
-1.9308477399326796,-2.561711920752706,70
-1.8726568376255421,-2.6161607536918083,70
1.1125753117897954,0.5890631161515061,36
1.1343212971112757,0.5676716285749676,36
1.0724392446459192,0.6324999810415359,36
1.1124576925406655,0.552408732528215,36
0.8460402015428957,0.6118969956702972,36
1.04631107533426,0.44120402131590486,36
0.9111332433823527,0.7006723676824639,36
0.9293663314909155,0.7280588586275606,36
1.1132056978650495,0.4793199291191287,36
1.0350431357033583,0.44088698854298336,36
1.1125753114112973,0.5890631165101626,36
1.1343212971589258,0.5676716285285862,36
1.0724392444531115,0.6324999812361957,36
1.1124576938451098,0.5524087313701883,36
0.8460402015420889,0.6118969956709045,36
1.0463110753352145,0.4412040213150007,36
0.9111332433371505,0.7006723677226947,36
0.9293663316641367,0.7280588584675666,36
1.1132056978192437,0.47931992916203964,36
1.0350431356970378,0.4408869885486389,36
-1.8272733912558818,-2.973494581499637,69
-1.7902463484078506,-2.99956265160332,69
-1.8073471132628125,-2.939017574476464,69
-1.780318452515131,-2.998738679334063,69
-1.8272733912488448,-2.973494581503431,69
-1.7902463483736606,-2.9995626516207863,69
-1.807347113263966,-2.9390175744758418,69
-1.7803184524999809,-2.9987386793416815,69
1.9272504896236946,1.8604908003938516,19
1.8613980677440247,1.8616947620562982,19
1.8553281338633614,1.7692162153764794,19
1.835393053743112,1.9795994864053226,19
1.8568964337226543,1.72618571926704,19
2.0411992768496674,1.0177093205924268,19
2.1677539760669875,0.7996283774433816,19
1.9504818680847953,0.7585635443314914,19
1.8502498376054182,1.683369634206468,19
2.0088045529381433,0.5114986954493654,19
-1.5721597781496024,-2.9319002548500235,69
-1.7812064021045713,-2.940493655980854,69
-1.7826290765423942,-2.936486371673716,69
-1.7965388758566798,-2.9051744652935696,69
-1.731918045457316,-2.9190583992775205,69
-1.572159778149601,-2.9319002548500266,69
-1.781206402113078,-2.9404936559763457,69
-1.782629076541027,-2.9364863716744423,69
-1.7965388758587388,-2.9051744652924434,69
-1.7319180454570877,-2.9190583992776404,69
-2.8947665171212345,-1.7226452527454612,76
-2.876885140219294,-1.7906840928726784,76
-2.8198095578461353,-1.729506963642305,76
-2.8736815522115005,-1.767745105127763,76
-2.8947665169009817,-1.7226452531112333,76
-2.876885140240993,-1.790684092838478,76
-2.8198095578327282,-1.7295069636639449,76
-2.873681552171227,-1.7677451051905557,76
-0.47546884094418407,2.833662945928074,28
-0.5431994837628623,2.6531033416086953,28
-0.5292384587789382,2.7093301122454743,28
-0.5815639132694195,2.684467737813846,28
-0.596742669027692,2.4948083426259484,28
-0.393839214469982,2.8946412400598467,28
-0.4486543941414691,2.7322536566587927,28
-0.5264994450717637,2.6797940072755275,28
-0.5815078075494575,2.743791307937759,28
-0.5118597147451979,2.560920007282202,28
-2.5878343394304926,-1.7822836977146483,76
-2.838613405194557,-1.730870093160204,76
-2.8730848838662655,-1.7158900717363548,76
-2.828108582418449,-1.6621597067754732,76
-2.8812659551821445,-1.7595414568812195,76
-2.587834341948591,-1.782283694901073,76
-2.838613405194236,-1.7308700931607197,76
-2.873084884243959,-1.7158900711182328,76
-2.828108582384059,-1.662159706831241,76
-2.881265955170203,-1.7595414569004535,76
-2.7602701279186452,-1.70961934038279,76
-2.962123302461204,-1.7060018689713075,76
-2.9343641964370777,-1.7619766239265109,76
-2.8230555737853953,-1.6728293214984646,76
-2.8656094717761977,-1.7734411945737318,76
-2.7602701279245867,-1.709619340373891,76
-2.9621233024901064,-1.7060018689203302,76
-2.9343641965596023,-1.7619766237218668,76
-2.8230555744081873,-1.6728293205041365,76
-2.865609471766046,-1.7734411945896533,76
-0.7309516006855523,2.520450259140128,28
-0.5516522178034098,2.3307782220887314,28
-0.7472428762082114,2.380479393209334,28
-0.8794343309368923,2.310370738412348,28
-0.6845897349038217,2.244990729168725,28
-0.7024954897139885,2.25382336477452,28
-0.6695560227304495,2.5850275553153685,28
-0.5552852314008823,2.4773368181605164,28
-0.7296777433649847,2.2261288844765277,28
-0.7656268884496608,2.0244553182238185,28
-0.7309518980873752,2.5204501490081888,28
-0.5516522725639358,2.3307782011951605,28
-0.7472428441789956,2.3804794056894982,28
-0.8794343686977563,2.310370723514173,28
-0.684589736511623,2.2449907283963544,28
-0.7024960049365292,2.2538231258228505,28
-0.6695562650900432,2.5850274695693862,28
-0.5552853471940062,2.4773367831034756,28
-0.7296777996920706,2.22612885666982,28
-0.7656268884479185,2.024455318224432,28
-2.614284335066725,-2.3329778308686,75
-2.6509828596947234,-2.3702816396274864,75
-2.5990204108285573,-2.30203455714642,75
-2.658212358836507,-2.3936309054441285,75
-2.6142843351718636,-2.332977830755637,75
-2.650982858265503,-2.3702816411980674,75
-2.599020411052241,-2.3020345569111162,75
-2.658212360356142,-2.3936309037556223,75
0.9488024109762051,2.881030072015181,23
0.9434286390355372,3.003772856098015,23
0.9509186573489762,2.995884433519018,23
0.9202762396875104,3.026509825989066,23
0.8843478027072107,2.921862888266006,23
1.015459195014497,2.9755353217208884,23
0.9955600759363309,2.983597530792918,23
0.9780039549380051,2.9659555490079703,23
0.9724313230438069,2.9806584174679656,23
0.9111866586764508,3.0051801814066756,23
-2.4391793855859314,-2.287760139671794,75
-2.5840452894346013,-2.3493311541762134,75
-2.6042722170403505,-2.306254787280641,75
-2.59570118555027,-2.2662505685829957,75
-2.6159287945979455,-2.353858141670247,75
-2.4391793857810495,-2.2877601394864437,75
-2.5840452896432993,-2.3493311539530413,75
-2.6042722169869577,-2.3062547873370534,75
-2.5957011855218597,-2.266250568611875,75
-2.6159287946361025,-2.3538581416286437,75
-1.8166356663113015,-2.2646287119470356,72
-1.7334015832718672,-2.3026675726822114,72
-1.783774113633384,-2.2608824826759952,72
-1.722543476013065,-2.3128541081690144,72
-1.816635666311303,-2.2646287119470347,72
-1.7334015832718694,-2.3026675726822163,72
-1.7837741136333838,-2.2608824826759957,72
-1.722543476013076,-2.3128541081690046,72
1.492831703127301,2.5309348600445243,34
1.4392810609642133,2.320172121166004,34
1.4467358035874498,2.3909584663554906,34
1.4237483546177623,2.3189598391917756,34
1.4001863783824628,2.0544612361472203,34
1.546409666927363,2.4679065868753947,34
1.583668776034551,2.2723390256736598,34
1.5103051346677911,2.220275087589497,34
1.5408749430728814,2.344999656856912,34
1.4728175154410175,1.9303553962435642,34
-1.6097684224825957,-2.3810413947779163,72
-1.8679736856686266,-2.3161885397792434,72
-1.7277707370879505,-2.2670344568899914,72
-1.839498803614174,-2.2681184467766884,72
-1.7821012916534142,-2.3778299398104497,72
-1.6097684224825952,-2.3810413947779177,72
-1.8679736856686744,-2.3161885397792097,72
-1.7277707370879523,-2.26703445688999,72
-1.8394988036141606,-2.2681184467767004,72
-1.782101291653407,-2.377829939810454,72
-1.626636696323766,-2.334446365535054,72
-1.8545158430931938,-2.286636111995893,72
-1.6803258195785677,-2.2827726826572037,72
-1.740149520546061,-2.2836705566412063,72
-1.6864194329685753,-2.356875370306042,72
-1.6266366963237622,-2.334446365535056,72
-1.85451584309329,-2.286636111995819,72
-1.6803258195785706,-2.282772682657204,72
-1.740149520546103,-2.283670556641178,72
-1.6864194329685416,-2.3568753703060694,72
1.41388062398984,1.834047440720087,34
1.5582271927977902,1.6981436570640325,34
1.4479141375602043,1.884119351372312,34
1.4434368361559216,1.4520163344984105,34
1.3185165395652172,1.3198423647200046,34
1.4417137199803078,1.139573770416691,34
1.4265683715071047,1.869373801913704,34
1.4909196404601033,1.934300750504728,34
1.4603519915602612,1.320200638995927,34
1.3879730039743905,0.9820291644605325,34
1.4138806643184207,1.8340473632075998,34
1.5582268752953956,1.6981444550693574,34
1.4479146340122673,1.8841183307820994,34
1.4434367513360544,1.4520168066624082,34
1.318516539391351,1.319842365417676,34
1.441713719731619,1.139573773088482,34
1.4265684221420292,1.8693737227692382,34
1.490919578885134,1.9343008487938809,34
1.4603519451936193,1.3202010025211162,34
1.3879730126614778,0.9820291344719629,34
-1.6255725916861508,-2.8253974828498705,71
-1.5298881316954815,-2.8093868115282663,71
-1.56489468897775,-2.80301174006245,71
-1.5556322011987742,-2.8137450064412586,71
-1.6255725916861146,-2.825397482849882,71
-1.5298881316954809,-2.809386811528267,71
-1.5648946889777597,-2.8030117400624444,71
-1.5556322011987722,-2.8137450064412532,71
2.068688932160315,2.47251099082917,20
2.0312804193549114,2.5492744321696494,20
2.022137841858896,2.4839772999152836,20
2.0243241920000035,2.505211679764793,20
2.0023491027038545,2.4079662728931797,20
2.1292606746053,2.3537845098194605,20
2.0990352850545775,2.4187848160855605,20
2.0744812026661066,2.290875182052166,20
2.040851545620216,2.405226248803964,20
2.072610058168821,2.246323400371735,20
-1.3991830484885237,-2.8602916190007193,71
-1.6729074432708821,-2.834701549944528,71
-1.5379012683771576,-2.771515305046806,71
-1.5947655092013315,-2.7958290542856914,71
-1.6092802072053856,-2.852050411226691,71
-1.3991830484885233,-2.8602916190007193,71
-1.6729074432719722,-2.8347015499439183,71
-1.5379012683771607,-2.771515305046803,71
-1.5947655092012354,-2.795829054285739,71
-1.6092802072055845,-2.8520504112265863,71
-2.5697505336493762,-1.8738774677759693,74
-2.5712711605345397,-1.9620517687340773,74
-2.5712792594681844,-1.900826212821709,74
-2.534171027641107,-1.936335602489088,74
-2.5697505336237207,-1.8738774678064885,74
-2.571271160535619,-1.9620517687329433,74
-2.5712792594657223,-1.9008262128244728,74
-2.53417102764188,-1.9363356024882412,74
0.4767368240132379,2.9133293651652052,26
0.42712744679121517,2.905406654625575,26
0.43472796004554465,2.8725100302962314,26
0.38007971366108306,2.833257654808524,26
0.2740357022132975,2.715982511526106,26
0.4624355669428063,2.8633344874897566,26
0.47434013192037155,2.780727732079292,26
0.40224051135293937,2.7703793956733422,26
0.353168178687182,2.7004778177284012,26
0.3140667239565589,2.6790841676552395,26
-2.3699817292008616,-1.9809706527851587,74
-2.616432558708043,-1.9358872129775948,74
-2.5631991018595617,-1.940340859816073,74
-2.602695308602213,-1.8933648808856447,74
-2.5768094747131367,-2.0058882583894158,74
-2.369981729201609,-1.9809706527843622,74
-2.6164325586902533,-1.935887212997895,74
-2.563199101873002,-1.9403408598015541,74
-2.602695308578839,-1.8933648809127692,74
-2.576809474716398,-2.005888258386209,74
-2.4656051127445284,-1.9381966253341119,74
-2.784422236989162,-1.9505369164296105,74
-2.680618919154818,-1.9803374149646613,74
-2.68721897986516,-1.9548784997504423,74
-2.627654632847901,-2.0092976459117153,74
-2.465605112744941,-1.9381966253336629,74
-2.784422236851833,-1.9505369165982647,74
-2.6806189189383547,-1.9803374151970632,74
-2.6872189798990447,-1.9548784997130204,74
-2.6276546328636106,-2.009297645895497,74
0.1678536990104145,2.488003359359791,26
0.2308722291728698,2.292598337711204,26
0.11383656040783896,2.3658396974464386,26
0.0572850928577854,2.173287413281044,26
0.0942627518749432,2.229519514779637,26
0.1748568437168241,2.2340329432508965,26
0.4482206178314067,2.8050812149707083,26
0.2416443797034365,2.478570256972741,26
0.07846816504566241,2.163398422746742,26
-0.03678173038345799,1.7809948777334408,26
0.1678537454380225,2.4880033736582425,26
0.23087223088544023,2.2925983381983888,26
0.11383655927970082,2.3658396970371167,26
0.05728509287110682,2.173287413282429,26
0.09426275185547822,2.2295195147771825,26
0.17485685478605897,2.2340329458431145,26
0.44822078349291034,2.8050812107046346,26
0.24164446903836082,2.478570290166285,26
0.07846816509656013,2.163398422751521,26
-0.03678173037998402,1.7809948777341489,26
-2.4429878729306713,-2.5011569504470827,73
-2.3742196563272464,-2.5138230975450075,73
-2.4149726589673777,-2.5091605707556734,73
-2.3983404060656035,-2.5227715583692283,73
-2.4429878729221284,-2.501156950455487,73
-2.3742196563194455,-2.513823097552675,73
-2.4149726589760294,-2.5091605707471603,73
-2.398340406069375,-2.5227715583655526,73
1.2762447260101315,3.0868326343159365,23
1.2599625095773337,3.280202252203053,23
1.2529717056800966,3.2276682171443256,23
1.301420820422754,3.1814962422198607,23
1.221133136591751,3.129318797412781,23
1.3191570369593058,3.0587622493964437,23
1.309242598128555,3.152671030711467,23
1.268252808993169,3.15466282083105,23
1.2899208935080864,3.0813786776310956,23
1.2363674310945552,3.1886326334671704,23
-2.322040063951031,-2.5587182644677737,73
-2.471709335931008,-2.536581587645483,73
-2.3742601555281553,-2.428044648135244,73
-2.4309304050501086,-2.4538388792472023,73
-2.4391426321694194,-2.5117758786745568,73
-2.3220400639650625,-2.5587182644539723,73
-2.4717093356870317,-2.536581587882842,73
-2.374260155528141,-2.4280446481352627,73
-2.4309304048768263,-2.4538388794252315,73
-2.439142632145699,-2.5117758786977493,73
1.175285082867813,-2.5956532246414814,48
1.0947103421838391,-2.6755183815455754,48
3.5162104140068435,-1.26531336687234,39
3.516210414006051,-1.2653133668748384,39
3.5278677678225887,-1.3084174230003558,39
3.527867767822842,-1.308417422999588,39
1.0659976315433854,-2.4642283681903128,48
1.130164943095592,-2.483342718038352,48
1.0659976315433843,-2.464228368190314,48
1.1301649430955933,-2.4833427180383487,48
-2.1258586515702436,-2.611012973658461,70
-2.0775480643393633,-2.618760159329088,70
-2.1215819338903437,-2.613199453408953,70
-2.0553183539809106,-2.6063602503589047,70
-2.1258586515702502,-2.611012973658455,70
-2.077548064339367,-2.6187601593290877,70
-2.1215819338903383,-2.6131994534089613,70
-2.0553183539808644,-2.606360250358934,70
0.503514736130507,1.1971815696623378,36
0.36985742915650505,1.107755782891654,36
0.36266662800435884,1.2366087761849909,36
0.35389090154047337,1.2662695082894857,36
0.3396037833371009,1.0149987284556365,36
0.6560809046775392,1.1511262243332125,36
0.618694643279363,1.043291852803151,36
0.5282546401686976,0.9694945408421706,36
0.4573793438735168,1.3215829029842445,36
0.46241124309788284,0.9055489702738876,36
-1.8145052091190663,-2.6574553708816384,70
-2.1004127970517783,-2.569412655952298,70
-2.0418919810796163,-2.6162754113022064,70
-2.123688428784834,-2.5681644191507083,70
-2.0079825878318807,-2.579595007310042,70
-1.814505209119044,-2.657455370881648,70
-2.1004127970517903,-2.569412655952291,70
-2.0418919810796314,-2.6162754113021935,70
-2.123688428784824,-2.5681644191507194,70
-2.0079825878320046,-2.579595007309947,70
-1.8900074136578413,-2.7130115619583703,70
-2.1282313205142973,-2.6458723583797235,70
-1.9755092456692807,-2.626718153114023,70
-2.0483082203315535,-2.6255077379386718,70
-1.9723627114191855,-2.645803229815254,70
-1.8900074136577965,-2.7130115619584,70
-2.1282313205143044,-2.6458723583797186,70
-1.9755092456694374,-2.626718153113912,70
-2.04830822033063,-2.6255077379393286,70
-1.9723627114192477,-2.6458032298152068,70
0.5614241998732419,0.8003878416181014,36
0.6169185167774554,0.7610427466992497,36
0.4836842563662273,0.8668808026226125,36
0.5470215241136719,0.7725107678931453,36
0.5334952670999794,0.7589056019561912,36
0.5304569932299366,0.6411825255546341,36
0.6470183998020471,0.8958923519806754,36
0.46698979728871853,1.004530031100705,36
0.5169385938719699,0.7329734346796415,36
0.5083330994998148,0.6802463224100657,36
0.5614241999331203,0.8003878415832114,36
0.6169185167698202,0.7610427467039974,36
0.4836842567250627,0.8668808023913309,36
0.5470215271081642,0.7725107661760463,36
0.5334952670982738,0.7589056019572226,36
0.5304569932304228,0.6411825255543331,36
0.6470184004351487,0.8958923516420597,36
0.46698977964767624,1.004530041286614,36
0.5169385938662109,0.7329734346831679,36
0.5083330995371772,0.6802463223882678,36
-1.9752786910540252,-2.9614834993421844,69
-1.944880300414506,-2.957842438933755,69
-1.943862009653457,-2.921558592482279,69
-1.9297468186331266,-2.96245897901714,69
-1.9752786910606865,-2.961483499338124,69
-1.9448803004126736,-2.9578424389348412,69
-1.9438620096546182,-2.921558592481581,69
-1.929746818587352,-2.9624589790441567,69
1.6905099069064404,1.5762087626817638,19
1.5929613574359565,1.3370467619206285,19
1.5903316224595565,1.2672069774218175,19
1.581313307134681,1.6425379613198674,19
1.4920762345236769,1.058861977401837,19
1.7312191139384763,1.611876798406113,19
1.6864727496772014,1.4101902365337855,19
1.6390378168133366,0.9611401723645464,19
1.6217693302185123,1.5381834553492655,19
1.548354061329449,0.7622338047444027,19
-1.7297136083462588,-2.9648608662744613,69
-1.933464812941403,-2.922734142940558,69
-1.8878589892513966,-2.9294484007219883,69
-1.916949714352156,-2.9167087637524407,69
-1.8285954464821634,-2.9251025355666873,69
-1.7297136083332445,-2.964860866281134,69
-1.9334648129389793,-2.9227341429420055,69
-1.887858989253869,-2.9294484007205464,69
-1.9169497143462466,-2.916708763755924,69
-1.828595446485188,-2.925102535565,69
-2.9026712957375884,-1.613182484671829,76
-2.9130237996531387,-1.6816714772126102,76
-2.842844515433202,-1.6359896067748085,76
-2.937467826292238,-1.6845682501715902,76
-2.9026712957379,-1.61318248467125,76
-2.9130237996556025,-1.681671477208307,76
-2.8428445154322723,-1.6359896067763342,76
-2.9374678262860225,-1.684568250182741,76
-0.8710179011397786,2.4990875686338554,28
-0.9049698079844365,2.299489840291928,28
-0.9153332695412685,2.358424394120088,28
-0.9503603746118509,2.3628912918028617,28
-0.8975949584321613,2.148437089781923,28
-0.8801034228402016,2.5633444648119394,28
-0.9213244746355769,2.4083552636196113,28
-0.9273397819376223,2.3223628436637798,28
-1.022603564926248,2.4595542843241445,28
-0.9310567169564206,2.206761661766678,28
-2.688508989516971,-1.6919074053274892,76
-2.8427029637474535,-1.6049646470821732,76
-2.944179701496234,-1.650625018545306,76
-2.8658301956389094,-1.582499270505886,76
-2.9440197310243845,-1.6981713212926772,76
-2.6885089894898067,-1.691907405363114,76
-2.8427029637474908,-1.6049646470821164,76
-2.944179701495781,-1.6506250185461355,76
-2.8658301956373387,-1.5824992705085679,76
-2.9440197309984084,-1.6981713213390583,76
-2.7446662826129002,-1.5884055974572582,76
-3.0072568538574704,-1.6310530075531684,76
-2.9667200917097363,-1.6538846111721504,76
-2.926114304227093,-1.5979723595983808,76
-2.9652220164769876,-1.6926885708864954,76
-2.744666282614521,-1.5884055974549296,76
-3.007256853853263,-1.6310530075613112,76
-2.9667200917093224,-1.6538846111729166,76
-2.926114304232632,-1.5979723595884816,76
-2.9652220164800047,-1.692688570881109,76
-1.043112949660467,2.253590438798559,28
-0.9546222374207664,2.104946882310188,28
-1.056217140140263,2.1690334621471012,28
-1.1253932975438101,2.0781389087599673,28
-0.9637136285290412,2.0793992396144354,28
-0.9804936921888013,1.9566846605061041,28
-1.0123707067830556,2.345045376798566,28
-0.9719903565942758,2.2161459226605222,28
-0.9902542640571453,2.022530896317365,28
-0.9953798365195415,1.8717728395696847,28
-1.0431129496584888,2.2535904387994483,28
-0.9546222374207717,2.1049468823101893,28
-1.0562171401402831,2.1690334621470915,28
-1.1253932975438108,2.0781389087599664,28
-0.9637136285290405,2.0793992396144367,28
-0.9804936921888003,1.9566846605061077,28
-1.0123707067712095,2.3450453768043737,28
-0.9719903565939763,2.2161459226606457,28
-0.9902542640571469,2.022530896317365,28
-0.9953798365195424,1.871772839569687,28
-2.701349368270726,-2.2056375592377147,75
-2.683449434095589,-2.199587686495201,75
-2.628471430511714,-2.1754429713992054,75
-2.7642518483545273,-2.2558732683645366,75
-2.701349368246166,-2.2056375592648405,75
-2.683449433885925,-2.1995876867226705,75
-2.6284714305148356,-2.1754429713959795,75
-2.7642518490788808,-2.2558732675256525,75
0.5518428663160149,2.8200368151749577,23
0.468168709854796,2.830243297754729,23
0.4670116138309107,2.7988399815280895,23
0.46022605052728716,2.791870873289698,23
0.4007064950537546,2.701534919858135,23
0.5888378838810886,2.8848587328243487,23
0.578832049837145,2.893340307974604,23
0.5430914295595339,2.800986088525127,23
0.5427626318853614,2.8943980983435402,23
0.47395247861104634,2.7967672948549698,23
-2.5700695955329746,-2.20396057089648,75
-2.6473540877432185,-2.219758409152507,75
-2.633594402104523,-2.1669130219675727,75
-2.641941973730092,-2.154528971586336,75
-2.68889835104016,-2.2119083971066793,75
-2.570069595529644,-2.2039605708998002,75
-2.6473540877393935,-2.2197584091564977,75
-2.6335944021333306,-2.1669130219376687,75
-2.6419419737011443,-2.154528971616491,75
-2.688898351148384,-2.211908396989263,75
-1.9353066221174788,-2.3370699798562344,72
-1.881454462352631,-2.2875000090207203,72
-1.9389873159748545,-2.312972569819187,72
-1.8488602537462668,-2.302117783141775,72
-1.935306622117477,-2.3370699798562358,72
-1.8814544623526315,-2.287500009020718,72
-1.9389873159748379,-2.3129725698192023,72
-1.8488602537462606,-2.30211778314178,72
1.159757245090286,2.3772000193141736,34
1.0790374439622135,2.066260528194074,34
1.1218824381327102,2.1893497578043335,34
1.1355931889322166,2.1607354057392794,34
0.9795655783382867,1.8676025756678556,34
1.196548614109345,2.3249198666556876,34
1.1948814864937611,2.0917488832109052,34
1.0934771198937627,2.0208239691829033,34
1.188998462736568,2.230582606363961,34
0.9693069508768541,1.7282045293727477,34
-1.6661641425430223,-2.418946903532689,72
-2.0027943853929897,-2.3559001529596184,72
-1.87231885329844,-2.2862837330500874,72
-1.9630561979748933,-2.2725137484471616,72
-1.8983182908513239,-2.3453552901741253,72
-1.666164142543068,-2.4189469035326567,72
-2.0027943853930013,-2.3559001529596073,72
-1.8723188532984458,-2.286283733050083,72
-1.9630561979749122,-2.2725137484471443,72
-1.8983182908513363,-2.3453552901741137,72
-1.6672754579775906,-2.357723527872896,72
-1.9584201292083039,-2.3193899339854447,72
-1.748365785187077,-2.249877838278392,72
-1.863216427923678,-2.3293755331430925,72
-1.800849965449254,-2.3295648585840167,72
-1.6672754579776234,-2.3577235278728708,72
-1.9584201292083652,-2.3193899339853976,72
-1.7483657851870777,-2.2498778382783975,72
-1.8632164279235577,-2.3293755331431965,72
-1.8008499654489263,-2.3295648585842788,72
0.9700096334875704,1.7205722376281165,34
1.119995808624452,1.6066011963766675,34
0.9364086071983196,1.6999680297842445,34
0.950625288541972,1.1916840611921462,34
0.8157451662497479,1.3581635891957002,34
0.9378386445908881,1.0156412763549605,34
1.0211886455904091,1.8028719903771149,34
1.063430944631764,1.8334386646981586,34
0.8163617925605073,1.3456779399957735,34
0.8605331832210151,0.9515666575879127,34
0.9700096334873646,1.7205722376203496,34
1.1199957957969076,1.6066012219612769,34
0.9364086071827668,1.699968029749614,34
0.9506252885420474,1.1916840611920438,34
0.8157451662217186,1.3581635892697024,34
0.9378386445905599,1.0156412763552054,34
1.0211886455903514,1.8028719903772283,34
1.063430944633486,1.833438664695857,34
0.8163617924790605,1.3456779402165255,34
0.8605331832209997,0.951566657587924,34
-1.8210577400459702,-2.804095610741419,71
-1.7342476460592746,-2.748449526686763,71
-1.7462453899883426,-2.775866160095703,71
-1.7452829221987032,-2.7908102611131147,71
-1.8210577400456731,-2.8040956107415833,71
-1.734247646059163,-2.7484495266868296,71
-1.7462453899881452,-2.775866160095821,71
-1.7452829222005444,-2.7908102611120515,71
1.7891417023709715,2.3807129616219522,20
1.7041250498438778,2.3717333674767955,20
1.7147309165531168,2.28221955654167,20
1.7134489887904094,2.3326842878280187,20
1.687918530815585,2.1924599901935955,20
1.8091185366750395,2.3399011399524663,20
1.7847390824993923,2.3651599709486044,20
1.753215368770311,2.1917593001952818,20
1.7285488562519684,2.3417789576857864,20
1.73067723130299,2.126558668189893,20
-1.577261125523493,-2.873274734690095,71
-1.823548592676757,-2.846818441087686,71
-1.6927686630850522,-2.7669796027572757,71
-1.740915569133433,-2.8006965928336633,71
-1.7350508070237767,-2.845643072308093,71
-1.5772611255234599,-2.8732747346901135,71
-1.8235485926555013,-2.8468184410992525,71
-1.6927686630849583,-2.7669796027573352,71
-1.740915569137806,-2.8006965928311485,71
-1.7350508070343622,-2.8456430723021717,71
-2.638223668772343,-1.810229558217323,74
-2.568255914677442,-1.835859279950944,74
-2.619034101371214,-1.8351518002137241,74
-2.5544056765707133,-1.833020405249527,74
-2.6382236687609386,-1.8102295582319072,74
-2.5682559146754675,-1.835859279953314,74
-2.619034101376508,-1.8351518002071912,74
-2.5544056765597793,-1.833020405262655,74
-0.1502667390415291,2.5036485044452412,26
-0.1988154340036227,2.414436454719814,26
-0.19627841299100107,2.364120448089009,26
-0.1669059873251136,2.371827790807457,26
-0.27926459584256325,2.2195890914793375,26
-0.11420769395696673,2.602062739766683,26
-0.16635007266486837,2.411968818302325,26
-0.1871056321883516,2.372762153552425,26
-0.1962115455576051,2.391117447735205,26
-0.2788011691544455,2.2363773440444614,26
-2.433908680606725,-1.919539191954896,74
-2.657669739388981,-1.8708539637479462,74
-2.639951126447493,-1.8582902453082843,74
-2.660870394972087,-1.8292508386365138,74
-2.6644076196638378,-1.921257085674786,74
-2.433908680607452,-1.9195391919540823,74
-2.6576697393890294,-1.8708539637479091,74
-2.63995112645948,-1.8582902452935959,74
-2.6608703949801535,-1.829250838626041,74
-2.66440761966305,-1.9212570856757087,74
-2.4410736516378146,-1.8196449790255926,74
-2.8329700055105613,-1.8852252161591463,74
-2.7422897038704277,-1.8904326652788528,74
-2.757224006689904,-1.884822588576118,74
-2.706690973866368,-1.9280443233250795,74
-2.4410736516428915,-1.8196449790199483,74
-2.8329700054333844,-1.8852252162596808,74
-2.7422897037455005,-1.8904326654349015,74
-2.757224006725728,-1.8848225885305046,74
-2.7066909738792697,-1.9280443233096236,74
-0.2396595929265587,2.135925905100108,26
-0.16302111984134782,1.966174937279935,26
-0.2637355863232083,2.0841116155768664,26
-0.2541993085532106,1.8961077468966276,26
-0.25023698545022804,2.0101758653549058,26
-0.21285566042751888,1.8478763131683864,26
-0.22381935988534357,2.3997654887560285,26
-0.22446541246803417,2.153310387539703,26
-0.2763144212392519,1.9112003882996758,26
-0.3046593158456723,1.6022855921043835,26
-0.2396595929265471,2.1359259051001103,26
-0.16302111984135195,1.9661749372799298,26
-0.2637355863233271,2.084111615576836,26
-0.2541993085531178,1.896107746896655,26
-0.25023698545023126,2.010175865354904,26
-0.2128556604275742,1.8478763131683689,26
-0.22381935983612064,2.399765488769011,26
-0.22446541246829144,2.1533103875396282,26
-0.2763144212392412,1.911200388299685,26
-0.3046593158456723,1.6022855921043833,26
-2.54025488128049,-2.4018138613593045,73
-2.4936805849562362,-2.3888857855044385,73
-2.509761396391824,-2.3890803488116465,73
-2.485942550738114,-2.4107175536216383,73
-2.540254881242953,-2.4018138613977933,73
-2.493680584955833,-2.3888857855048524,73
-2.5097613963886944,-2.3890803488148573,73
-2.485942550742763,-2.41071755361692,73
0.9995318318357508,3.0051616772239993,23
0.9390773028333508,3.0863369991164604,23
0.9453630078650604,3.0234611928719524,23
0.9545026548542899,2.9512833457665573,23
0.8935346166788315,2.902432676530627,23
1.0049969939670909,2.96941369178669,23
0.9739222787572999,2.9974740405611846,23
0.968678347081278,2.9544026963705905,23
0.9276140262154839,2.937719324931977,23
0.8952523844589563,2.9565177332302794,23
-2.415323702587951,-2.475992950396465,73
-2.5673004032278968,-2.450488068783972,73
-2.4702618999996977,-2.3556343365148975,73
-2.503676135795201,-2.3612470285743505,73
-2.5381785773187064,-2.4370567304717565,73
-2.415323702493586,-2.475992950489711,73
-2.56730040319737,-2.4504880688142703,73
-2.470261899991845,-2.3556343365230425,73
-2.5036761358323583,-2.3612470285352654,73
-2.5381785773441146,-2.4370567304463435,73
1.0337201827864693,-2.5966401490411224,48
1.0151164946671292,-2.6314492011889667,48
3.634790180465481,-1.3360705014935708,39
3.6347901799573155,-1.3360705030214175,39
3.550775774863741,-1.3890532884896398,39
3.5507757748510365,-1.3890532885250175,39
0.9890409733262363,-2.449790386362726,48
1.047008018384542,-2.486961942806986,48
0.9890409733262372,-2.449790386362723,48
1.0470080183845396,-2.4869619428069862,48
-0.46158616579008005,1.414194796170688,32
-0.4907352018078589,1.3852173989627257,32
-0.41072887416686854,1.3938124742910545,32
-0.4796623049143952,1.4565968733178387,32
-0.4420023017692077,1.3206121338550816,32
-0.4420045748704607,1.4570088241614223,32
-0.3837383929108166,1.3728746947182928,32
-0.40692564280506804,1.3106356175551528,32
-0.5200853542742054,1.495286272192629,32
-0.4092087306868208,1.2488826832482933,32
-3.1742038089626443,-1.063320305200369,80
-3.174203808960369,-1.0633203052063787,80
-3.22816795299604,-0.9192759777908096,80
-3.2281679530358787,-0.9192759776605497,80
-0.5579984006017606,1.2607228379201363,32
-0.45312845274731717,1.035409923208768,32
-0.557998400601786,1.2607228379201496,32
-0.45312845274731717,1.035409923208768,32
0.6121933474015367,1.6762062212370101,15
0.5358785519003748,1.5310650483117298,15
0.6076196387342698,1.5608347698696678,15
0.5898663012552071,1.7801296234366673,15
0.5855722671789272,1.475509341252024,15
0.6236967291000055,1.6664253262498323,15
0.5996548713256725,1.4207023397746075,15
0.6165964195748539,1.2710787579829284,15
0.5154970103816968,1.5836911045716806,15
0.6433503008853688,1.0906673973340466,15
-3.216038732192456,-1.4688543363638054,80
-3.216038741388279,-1.4688543124639373,80
-1.3320940778229742,2.503783003999795,25
-1.314017563186338,2.48946205005,25
-1.300102881585703,2.5495020625537617,25
-1.288123245033643,2.5400301816161406,25
-1.2081775816234093,2.3571221661497335,25
-1.3173498595321609,2.543358723230527,25
-1.259286731267609,2.4991649085047296,25
-1.2748557719898677,2.4773929412691507,25
-1.3061216207447526,2.6030129169815206,25
-1.2340307093755487,2.3847630099316066,25
-3.5572216329985906,-0.2459198639373459,84
-3.5572216329959607,-0.24591986401060753,84
-3.57375421043191,-0.12908040933518855,84
-3.5737542104319386,-0.12908040934210577,84
-1.4105135925214356,2.330005524141936,25
-1.274519878790192,2.1290065970777285,25
-1.4105135925214374,2.3300055241419386,25
-1.274519878790192,2.1290065970777277,25
-0.2634077343050764,2.596841714709892,21
-0.3165410155037782,2.6872099803948295,21
-0.2867344987250594,2.704826311755818,21
-0.24553732773029016,2.753240194643811,21
-0.21087231788587066,2.6099655968633138,21
-0.3324491892647375,2.6373299361457643,21
-0.2583260117562964,2.6460492730415366,21
-0.30099368281907535,2.667555141596444,21
-0.26959336606385437,2.7062648319694755,21
-0.27087742785204455,2.6222800115789466,21
-3.576005597463522,-0.8363803107929393,83
-3.576005597480619,-0.836380310715714,83
-0.02147774989304013,2.0373290116440446,30
-0.07586671276271384,2.0072081918658258,30
-0.02975389107934824,2.035370944956809,30
0.020510850770066594,1.9605840097260099,30
-0.054417167485018,1.8763784247654554,30
0.023239550049529684,1.943106054211001,30
0.0010432452697719278,1.93572763159275,30
-0.08458942830167077,1.8172406765208229,30
-0.02808119700806158,1.903577080556248,30
-0.1255328441039433,1.7735005653070641,30
-3.1422733227638244,-1.0934841410885732,78
-3.142273322774063,-1.093484141062892,78
-2.9929432202326933,-0.9374706010611936,78
-2.9929432203307456,-0.9374706007847551,78
-0.21243911549427125,1.6931546066057572,30
-0.07363729863378157,1.4381562211149188,30
-0.21243911549464897,1.6931546066056493,30
-0.07363729863378342,1.438156221114919,30
0.9674571184205629,2.177399754654645,20
0.8869992019498935,2.2212381951096236,20
0.9098430161672292,2.148561853761452,20
0.9265950634997014,2.1998616626595275,20
0.9417019858635886,2.10561807559264,20
0.9202542803154382,2.082775097082012,20
0.9580861390305544,2.1618786663435308,20
0.9220640506596891,2.023199020301597,20
0.9142121048757811,2.13790939808778,20
0.9254557804766306,2.0422828340077506,20
-3.144190981428991,-1.6172284351626538,77
-3.1449430061923263,-1.615311443851064,77
-0.7513176748824852,2.6983009221001772,24
-0.678921943646009,2.5986753400128553,24
-0.7075441436774804,2.679099383721951,24
-0.6191219076831372,2.552258395847673,24
-0.5908602362306986,2.4683391304971605,24
-0.7350608826049511,2.7074417786739753,24
-0.6633428722855209,2.5598443578287817,24
-0.7320508326494058,2.6086621575535682,24
-0.6870627677155954,2.5418186156383458,24
-0.670938572867857,2.495594073268474,24
-3.566239282166198,-0.3918764315837868,88
-3.5662392821669657,-0.39187643157231145,88
-3.46624526547195,-0.24145660443033898,88
-3.4662452654717297,-0.2414566044368283,88
-0.7850332534195933,2.443624886248238,24
-0.6690594056362925,2.141487939115224,24
-0.7850332534205094,2.44362488624793,24
-0.669059405636291,2.141487939115227,24
0.3065460374925585,2.868512983489538,22
0.3052081127234781,2.994317388557595,22
0.3152340495393326,2.9490345459840768,22
0.3542054725892648,2.9428295074977977,22
0.37577057800668534,2.897606007588513,22
0.2515676336933829,2.8478540846756486,22
0.29842505495131494,2.8514949646462173,22
0.26356157228878696,2.8561614493353393,22
0.273632873043864,2.8402704272425776,22
0.2869648736015834,2.8567648774144727,22
-3.458961798277559,-1.079478434957174,87
-3.458961797841387,-1.0794784363288685,87
1.0395718695205274,-2.178924867486127,50
1.0629509097752161,-2.1529193664725796,50
1.1028482648349147,-2.095442139570947,50
1.0979514561909858,-2.1787376645538434,50
0.9946020028690793,-2.5103841542024687,50
0.9165289142492236,-2.3791560437952586,50
0.9345261502982412,-2.3082374648585096,50
0.9452428276286021,-2.356345776325845,50
0.9551812075281774,-2.3364684890316973,50
0.8839472127847865,-2.608561460378273,50
-2.5787030220446985,2.6691518011746895,38
3.587089955740927,-1.2862823361229148,38
3.550106420924667,-1.2469214175024517,38
3.5501064236817923,-1.2469214075613462,38
0.958881758372028,-2.231418237630864,50
1.041963127818138,-2.3368934213657946,50
0.9588817583720293,-2.2314182376308622,50
1.0419631278181363,-2.336893421365797,50
-0.6913577883962054,1.4954002348826214,32
-0.7756084132098172,1.5172520131753466,32
-0.6795205431871695,1.5242811553920428,32
-0.6888627190849023,1.5069924056213442,32
-0.7050708458864556,1.4248396902602891,32
-0.7003427598682437,1.5518824876670996,32
-0.6853270641137121,1.4999418751505555,32
-0.7105485040586936,1.474334189718416,32
-0.7425479139104724,1.5581980636658734,32
-0.7392520934348683,1.4185602482746582,32
-3.2703278688580406,-0.7995132289122574,80
-3.2703278685366417,-0.799513230185859,80
-3.3373404820816104,-0.6754895643015849,80
-3.3373404849487533,-0.6754895479958234,80
-0.7121150328743091,1.3252092324944214,32
-0.6016277689797677,1.1452661128680421,32
-0.7121150328743096,1.3252092324944216,32
-0.6016277689797677,1.1452661128680424,32
0.5404305360150908,1.9381370458603913,15
0.33225135432908165,1.8259426360712223,15
0.47123812737882687,1.936014545767504,15
0.43212139383480486,2.0059471856963307,15
0.3992424120342509,1.8205007966776665,15
0.4873855398089158,1.858204836371078,15
0.3747705208282458,1.7413850136549587,15
0.3707587717248641,1.6888707925883475,15
0.3270608609652661,1.8138555334259903,15
0.3199797249077753,1.5770921939567737,15
-3.247182058936868,-1.2606271503938844,80
-3.2471820588776303,-1.2606271505490574,80
-1.485337238617974,2.4753083948026413,25
-1.4505036802179372,2.3847592685437036,25
-1.4473309360700874,2.4932801130634332,25
-1.417579789422979,2.401012097696392,25
-1.3551900361344253,2.2267436662385953,25
-1.4863173787745423,2.5946806277493866,25
-1.4611685894032989,2.435730844186931,25
-1.4672347581335639,2.474271536540068,25
-1.4936684107198905,2.5158182339114616,25
-1.4262794911669798,2.333091720353853,25
-3.6402362226149982,0.05327368192984436,84
-3.64023622260347,0.05327368221455219,84
-3.6932610127106535,0.21995871187136415,84
-3.6932610126999164,0.219958711978935,84
-1.504244836288002,2.287675217491287,25
-1.3893866151848613,2.1351483557737017,25
-1.5042448362880025,2.2876752174912864,25
-1.3893866151848622,2.135148355773701,25
-0.5613401260559141,2.7629676871269093,21
-0.6441324929749925,2.7985804419819758,21
-0.5705292110117167,2.8256415594464035,21
-0.531176531037492,2.823630442663359,21
-0.5634868683884171,2.6463745017516853,21
-0.6437137316009922,2.856754138427324,21
-0.6339035306470884,2.74801581967242,21
-0.6585095000384509,2.8182634278922807,21
-0.6268649979057783,2.801217371809417,21
-0.6651146859095385,2.7074935967548885,21
-3.6950197381959633,-0.4657411635290727,83
-3.6950197382467453,-0.4657411630357602,83
-0.29006739237259754,2.0683599218256417,30
-0.41512549313147157,1.938446779362827,30
-0.3211118725268533,2.0122016052963234,30
-0.26127506251773974,1.933781530409586,30
-0.3885429727586212,1.7900555211994649,30
-0.26774957825956724,1.9838226017152256,30
-0.3811920229047428,1.9035431964727683,30
-0.4037657177275139,1.890810025065449,30
-0.3710440474250262,1.905102764591095,30
-0.48562616243110895,1.7209731978801939,30
-3.3674097732303463,-0.850278284671064,78
-3.3674097716908764,-0.8502782907411719,78
-3.275225512100241,-0.6466948293060525,78
-3.275225509653886,-0.6466948436367773,78
-0.38956579823686455,1.6247907022798262,30
-0.30961805278764787,1.4522162224264124,30
-0.38956579823684956,1.6247907022798256,30
-0.30961805278764737,1.452216222426412,30
0.8320688708974766,2.452511471416443,20
0.6831586537627822,2.4095292186567696,20
0.7599668407134846,2.431256854387712,20
0.7767091035724265,2.3820378006488925,20
0.6958047960696231,2.284698548284463,20
0.7533526781001242,2.286577531410172,20
0.7409777240240658,2.3273980673153183,20
0.7297523309823002,2.2990424500955924,20
0.7038174119018872,2.3025684655738687,20
0.6769989566127784,2.242057857546604,20
-3.2642430052121134,-1.340512965809736,77
-3.264243013619889,-1.3405129438068737,77
-0.9341951332144653,2.625167314793626,24
-0.9175698563899971,2.489516198782481,24
-0.908643122689924,2.651733816824242,24
-0.83379436537274,2.5038769864686383,24
-0.8355815722008774,2.361388732222146,24
-0.9464572762517601,2.7210142190777202,24
-0.9009942559255268,2.4694863361719555,24
-0.9446398764762123,2.5533834875902137,24
-0.9260744161774467,2.4849692471036264,24
-0.9262105708655156,2.403238063025347,24
-3.739829575434889,-0.12291530923931099,88
-3.7398295754356083,-0.12291530915162337,88
-3.6385032479695845,0.02617252042361073,88
-3.6385032464610196,0.026172564585019476,88
-0.943590318979617,2.307839049937975,24
-0.8462478111902569,2.1005849198858293,24
-0.943590318979609,2.307839049937977,24
-0.846247811190257,2.100584919885825,24
0.12024739883369993,3.083124406085498,22
0.040976244019606846,3.08919061223464,22
0.11439886915457831,3.1219921710341594,22
0.1385549429376967,3.013361054430994,22
0.10331028023883783,2.9709410069420565,22
0.020986271521685553,3.049963332312162,22
0.02375207019818868,2.957773691864096,22
0.011321917275561236,3.0522702545276825,22
0.0035145460977270226,2.9366989702310176,22
-0.007753543112827576,3.0098602874896465,22
-3.660722207125611,-0.7283330020266578,87
-3.6607222067823764,-0.7283330039101135,87
0.908936122407913,-2.3825252108076262,50
0.9030464635070915,-2.3082094820855033,50
0.961725792572519,-2.30777576862093,50
0.9594603789280216,-2.3083439070723935,50
0.8888476029078405,-2.593075461898345,50
0.8145644389699797,-2.4879525765885404,50
0.834616643207069,-2.456891665855501,50
0.851365109352552,-2.491160366283065,50
0.8695666831680328,-2.461033061513613,50
0.808744641091481,-2.7184213414750316,50
3.491134393823262,-1.1674926505012853,38
3.4911343384361526,-1.1674928765886834,38
3.3937817854150127,-1.1154730310912457,38
3.393781785256781,-1.115473031790846,38
0.8348673864360918,-2.5168270083864135,50
0.9049826345904887,-2.5292293704120445,50
0.8348673864360904,-2.5168270083864157,50
0.9049826345904878,-2.529229370412043,50
-1.4588780943711261,2.1836063603122766,33
-1.4974371268421536,2.0962475594102674,33
-1.4580738884736077,2.152279329270916,33
-1.384775073921233,2.134395900350626,33
-1.3920930138090455,1.9830730881723657,33
-1.3977085208149154,2.0713170220370354,33
-1.3578609514930784,2.000329527515402,33
-1.3962441791532778,1.9759108206251805,33
-1.3906072704780577,2.055957070233536,33
-1.3213208171689828,1.827689437424941,33
-3.506986807074336,0.1382352747020461,80
-3.506986802476854,0.1382353462394423,80
-3.582822668147883,0.20479647687139219,80
-3.5828226723322927,0.20479643227796301,80
-1.4460426089932228,1.8889748849570918,33
-1.2808754306205206,1.701148242567222,33
-1.4460426089932228,1.8889748849570926,33
-1.2808754306205206,1.701148242567221,33
-0.06251174385722735,2.870968736820956,15
-0.3142254905306909,2.6952880202704956,15
-0.13850322831704454,2.855912336594431,15
-0.11389477785125558,2.815627170934634,15
-0.2664830865122153,2.674572741674146,15
-0.12463442753606876,2.5487769451505784,15
-0.11758483509131358,2.5037170518837017,15
-0.22365756107502976,2.46673642942125,15
-0.1296265080184231,2.512852794423272,15
-0.36372494465741045,2.267689590193494,15
-3.3665283314168386,-0.5008769387254045,80
-3.3665283313819017,-0.5008769390100515,80
-1.8754273257279157,2.8363453075472096,25
-1.85197370109754,2.754664263551131,25
-1.8550572141421973,2.8345733445485273,25
-1.8161587204559024,2.8093672964409544,25
-1.8249467809412556,2.742879840173885,25
-1.875662262696759,2.8971346117793644,25
-1.8506446548528668,2.801352866154191,25
-1.8627535708549399,2.7741744594901085,25
-1.8466243425645044,2.834997075382509,25
-1.8382130161406545,2.673585825070226,25
-3.6909883028333454,0.9811140575790143,84
-3.6909883028335853,0.9811140575782336,84
-3.717903515232473,1.0549568596231966,84
-3.71790351522728,1.0549568596390921,84
-1.9590860216389812,2.6422397119057193,25
-1.8941553242279212,2.54869652486996,25
-1.9590860216389818,2.6422397119057184,25
-1.8941553242279199,2.54869652486996,25
-1.1348931606374755,2.982382070720174,18
-1.2558394213069712,3.000935138501013,18
-1.1856635865886898,3.0777453066024063,18
-1.158401519560004,3.0496602033030373,18
-1.1746109940785336,2.921619840262212,18
-1.1687605161299899,2.9601962535533217,18
-1.180983952744546,2.95266418302702,18
-1.2072083084781524,2.9639437429385938,18
-1.1774734342464968,2.976899653533276,18
-1.2346932154152366,2.8632324140116334,18
-3.5938605060281175,0.41977907946869436,83
-3.5938605060275965,0.4197790794718566,83
-0.8855137093770742,2.5321917454930194,31
-0.9307420302700704,2.4325536920737902,31
-0.8713195752044257,2.4928081534688427,31
-0.7708524402092015,2.4959309652610586,31
-1.0324402914194453,2.346007320965052,31
-0.8369575849943016,2.3305205238957845,31
-0.8829355683913838,2.3154215179853264,31
-0.9575909361321371,2.256080452995694,31
-0.8487189119920079,2.305207580376404,31
-1.0351495205857186,2.0768858860491046,31
-3.4988679820104336,0.18594125366607991,78
-3.498868092273207,0.18593988106827142,78
-3.443720388416277,0.3593255047328458,78
-3.443720441461914,0.35932509915015187,78
-1.0050420775858206,1.9154067006172075,31
-0.9181932100641206,1.7792409804770533,31
-1.0050420775858204,1.9154067006172084,31
-0.9181932100641209,1.7792409804770566,31
0.3433974873581004,2.7642420297908594,17
0.16128958852093664,2.7261236723758984,17
0.2533646513320854,2.7277559195629095,17
0.2748832862962424,2.706634087154554,17
0.16112527307374805,2.704444113851071,17
0.30269409314200585,2.490444592029528,17
0.27426990736763013,2.5515504271229736,17
0.2295902537380875,2.4785371007049273,17
0.25074715480808857,2.5011830473028827,17
0.11430931198163785,2.4454277029463376,17
-3.509290498222234,-0.4067174067027683,77
-3.5092904961268463,-0.4067174310204163,77
-1.4061332473986945,2.867346703457818,24
-1.362938991502508,2.729906022093651,24
-1.3710443318083338,2.833352857694978,24
-1.3270658930797816,2.7837314544710043,24
-1.4065247017959348,2.705624050286241,24
-1.4203980717899631,2.848024547688397,24
-1.4054821001676,2.719455022712339,24
-1.4294335711342656,2.722258158543728,24
-1.4056733882847279,2.7182251674753357,24
-1.4922280846833922,2.587938758207524,24
-3.7798809686689423,0.78534907118558,88
-3.7798809686473525,0.7853490712704299,88
-3.7220928696539155,0.9805326632201856,88
-3.72209286915001,0.9805326648685547,88
-1.4719217173088088,2.480989359666293,24
-1.3947660985681978,2.3625660989375095,24
-1.4719217173088055,2.480989359666297,24
-1.3947660985681964,2.3625660989375104,24
-0.5131193350693143,3.0647240959090127,17
-0.6130827118250827,3.100271826006109,17
-0.5485509352977369,3.1279993588648396,17
-0.4876792727817073,3.0840778056850993,17
-0.6208844624672553,2.9866871742808914,17
-0.5896552004137215,2.980907797809281,17
-0.5608790828053066,3.0140247951025843,17
-0.6184939805198619,3.017939126289811,17
-0.5536306483642267,2.9969986160323683,17
-0.7096442714590218,2.954856004028766,17
-3.6962055893357646,0.3492115805685298,87
-3.696205728950637,0.34921056077978746,87
0.6566120509883654,-2.3627359841858944,47
0.7671638731414642,-2.1506292477578604,47
0.7290324442720796,-2.2467867449332726,47
0.8060292047578878,-2.1939417069235367,47
0.558453004618753,-2.6307886396251794,47
0.6612999007665945,-2.3327696673262817,47
0.6315578252604781,-2.3209932751451516,47
0.6909351492055883,-2.3426880926959988,47
0.7058853122879256,-2.2063281880552164,47
0.49305697689175676,-2.6005237565440646,47
3.8344649350125026,-0.8000173750919143,38
3.83446493501246,-0.8000173750921313,38
3.773457039682651,-0.8313808626636732,38
3.7734570396826483,-0.8313808626636907,38
0.5417377700007934,-2.5474805471668787,47
0.6028548919369817,-2.5491758910520064,47
0.5417377839934066,-2.547480538208697,47
0.6028548927446182,-2.5491758905392636,47
-1.9817581277225205,-2.6142658715571043,70
-1.9453908278079632,-2.6552298905489344,70
-1.9620114411747336,-2.6084449678049966,70
-1.9020960274431349,-2.6208000800024958,70
-1.9817581277225333,-2.614265871557103,70
-1.9453908278079666,-2.6552298905489327,70
-1.9620114411747274,-2.608444967805004,70
-1.902096027443154,-2.6208000800024895,70
1.1990404027347616,1.2659226674497153,36
1.0165062337942117,0.9750997029452375,36
1.1452085077813723,1.1670809940071467,36
1.0658018843725856,1.1313110143998557,36
0.9256872786418975,0.8414995755444034,36
1.2214539145904242,1.144772845665784,36
1.0332856166171844,0.9709346996036472,36
0.9896681896441176,0.8694166103508314,36
1.0438168575059366,1.1108231292356956,36
0.8895147042621222,0.7553808645860733,36
-1.6604976155678486,-2.5521443302591473,70
-1.9503617532572026,-2.5833884142454755,70
-1.9030879110069423,-2.6192701419858424,70
-1.9486965887467953,-2.564308943087606,70
-1.852330425374667,-2.593345556433231,70
-1.6604976155678504,-2.552144330259151,70
-1.950361753257219,-2.5833884142454715,70
-1.9030879110069274,-2.6192701419858513,70
-1.9486965887467838,-2.5643089430876143,70
-1.8523304253746662,-2.5933455564332264,70
-1.7267643486375248,-2.7046038643351404,70
-1.9767915447926012,-2.6526149181219387,70
-1.8495914609995507,-2.6576669022905217,70
-1.9148321463024418,-2.6331880258408598,70
-1.826628188853372,-2.653117462707199,70
-1.726764348669054,-2.704603864317814,70
-1.9767915447926063,-2.652614918121933,70
-1.849591460999576,-2.657666902290509,70
-1.9148321463024476,-2.6331880258408566,70
-1.8266281888533804,-2.653117462707194,70
1.1652427078465097,0.6120922101367504,36
1.1365129572499313,0.5591373389047882,36
1.0751938610447738,0.6269922769729802,36
1.0802878684829615,0.589150953723135,36
0.9222197680223628,0.6074726758418951,36
1.1454267750229459,0.43358548479184966,36
1.0605761759462158,0.672403406746222,36
1.070467769587646,0.7004432094099,36
1.0806878008397607,0.5019278074239123,36
1.072981858770533,0.4552364236456969,36
1.16524270978418,0.6120922082072552,36
1.1365129572510917,0.5591373389036941,36
1.0751938610633354,0.6269922769551826,36
1.0802878685453414,0.5891509536678065,36
0.9222197680157784,0.6074726758474266,36
1.1454267750153242,0.4335854847997287,36
1.0605761757166823,0.6724034069916931,36
1.070467769571319,0.700443209426793,36
1.0806878009519572,0.5019278073224962,36
1.072981858782448,0.4552364236350438,36
-1.7588763237921874,-2.993478699850318,69
-1.7466483102753245,-3.0425602002379595,69
-1.7414185120379648,-2.9896038234411466,69
-1.7504532117192582,-3.035522646330489,69
-1.7588763237925003,-2.993478699850163,69
-1.7466483102754022,-3.042560200237926,69
-1.7414185120381462,-2.9896038234410645,69
-1.7504532117187412,-3.0355226463307314,69
1.99813186208043,1.8952418865089489,19
1.8481437512895833,1.7996335010927216,19
1.901085003485407,1.6976960491364408,19
1.8585170795962402,1.935048204136525,19
2.10252625846833,0.9099792322279481,19
2.2624581209681955,0.7944874385688795,19
2.28895435894238,0.7649969846196111,19
2.08562199803893,0.7135689228077607,19
1.881804149226849,1.7664728319498522,19
2.0975785711395916,0.5123511817841067,19
-1.5094493991647158,-2.9252202669453347,69
-1.7407379935326697,-2.974636636232815,69
-1.7196937710556244,-2.980770898255761,69
-1.7245064417875942,-2.9425175142330535,69
-1.6819934305583546,-2.9489699708425,69
-1.5094493991647162,-2.9252202669453364,69
-1.7407379935326248,-2.9746366362328365,69
-1.719693771055615,-2.9807708982557655,69
-1.7245064417882603,-2.94251751423272,69
-1.681993430558343,-2.948969970842504,69
-2.882266159394595,-1.7329181379380558,76
-2.890478089764991,-1.8395112736698087,76
-2.8248317538043985,-1.7638162794775485,76
-2.8650313628219273,-1.798554443145483,76
-2.8822661592792245,-1.7329181381278862,76
-2.890478089776496,-1.8395112736519008,76
-2.824831753799323,-1.7638162794856334,76
-2.865031362763068,-1.7985544432380123,76
-0.5287343076826576,2.828356027441558,28
-0.5892384804161135,2.638982678156224,28
-0.5864930531105922,2.665844354471168,28
-0.6246220763519875,2.645421085579453,28
-0.6151341640683152,2.4697594454124157,28
-0.4505168120172463,2.885948097109117,28
-0.5077391738025496,2.740600409835467,28
-0.5729791655430025,2.638052424330436,28
-0.6507005733453467,2.727098995028531,28
-0.5440011618128066,2.5602830222339428,28
-2.5463181963913195,-1.737634149392743,76
-2.8341361528516043,-1.7432712969960475,76
-2.8630699360552136,-1.7569820764041795,76
-2.8021716658641496,-1.6761862366863514,76
-2.839962598944008,-1.7777043604599483,76
-2.5463181958103918,-1.7376341500434211,76
-2.834136152873003,-1.7432712969617457,76
-2.863069936054922,-1.756982076404652,76
-2.8021716658640505,-1.6761862366865135,76
-2.839962598944266,-1.7777043604595442,76
-2.662537530036785,-1.7081358170934968,76
-2.9023947978547926,-1.7442628641135671,76
-2.9119016292982427,-1.8014550754919296,76
-2.810274257161747,-1.7005618143840975,76
-2.8205252275921033,-1.7902717035795923,76
-2.662537530036417,-1.7081358170939451,76
-2.9023947978649693,-1.74426286409695,76
-2.9119016296237246,-1.8014550749802816,76
-2.810274257168712,-1.7005618143733379,76
-2.8205252275924377,-1.7902717035790765,76
-0.7263840734397105,2.490605747904495,28
-0.5913575492997117,2.341254083026142,28
-0.7531682770259751,2.3686708411358786,28
-0.9782706119595471,2.3193712875611827,28
-0.6605641989217295,2.2610043315410087,28
-0.7441218685781041,2.2397204159355626,28
-0.6606387544650895,2.585505778391977,28
-0.558772763805093,2.4758832578598953,28
-0.7423015588074612,2.229246424007148,28
-0.8263891551534812,2.0369251532017345,28
-0.7263834389172368,2.490605995569352,28
-0.5913575045621813,2.3412541024369804,28
-0.7531682793792027,2.36867084021397,28
-0.9782705752661802,2.319371305731517,28
-0.6605642044441353,2.2610043290581263,28
-0.7441216127316073,2.239720534313198,28
-0.6606382212265407,2.585505951776666,28
-0.5587727481529435,2.4758832628255276,28
-0.7423015769348374,2.229246415553977,28
-0.8263891551996654,2.0369251531861767,28
-2.5364892417263247,-2.3272616783957374,75
-2.5882290663167216,-2.3830028223500923,75
-2.534830003514264,-2.315105684176146,75
-2.623437117913,-2.3927065783557557,75
-2.53648924177925,-2.3272616783434255,75
-2.5882290675578643,-2.383002820973386,75
-2.5348300035170603,-2.3151056841733686,75
-2.623437118049912,-2.39270657819949,75
0.9511083314624922,2.8996733542231032,23
0.9107684228889344,3.013009870503322,23
0.9276174891801574,2.9797443038604436,23
0.8882597414743238,2.981776412824227,23
0.8770186227489025,2.942367897416884,23
0.9504375830006502,2.9884413217999355,23
0.9524844228789008,3.0105845824552646,23
0.9420582816204112,2.9748490746860092,23
0.9089476563933179,3.0013537461689412,23
0.9073365260261196,3.0314550160505225,23
-2.3450922079603114,-2.2378208561087334,75
-2.4976154581925933,-2.32707377389217,75
-2.5350979438093595,-2.3015344609427966,75
-2.518168148408446,-2.2544930701709736,75
-2.536697372711891,-2.329608423947278,75
-2.3450922079602363,-2.237820856108818,75
-2.497615458142005,-2.3270737739409317,75
-2.5350979438076777,-2.301534460944449,75
-2.5181681484009184,-2.254493070178196,75
-2.536697372724492,-2.329608423934766,75
-1.7957164607874605,-2.272180233341327,72
-1.7028973984380125,-2.3626036130685613,72
-1.7547555632712681,-2.314298681172876,72
-1.7022275286165347,-2.322743062561437,72
-1.795716460787464,-2.2721802333413224,72
-1.702897398438011,-2.3626036130685653,72
-1.75475556327127,-2.3142986811728727,72
-1.7022275286165363,-2.322743062561434,72
1.499939562354212,2.5181897360117356,34
1.4492148865738657,2.3130902111294094,34
1.4783123455207208,2.439115740487932,34
1.4593918889576047,2.3672459284519514,34
1.3939466515109349,2.035300590143821,34
1.5431002252876673,2.4795980750493443,34
1.5634617788511462,2.271917995514597,34
1.516332457224181,2.2769249754664393,34
1.5282080345585036,2.357925070495021,34
1.445636855124183,1.9629375235320894,34
-1.5787836061324223,-2.3578225849790266,72
-1.8206373807167473,-2.309616258623829,72
-1.7023624480906512,-2.2919048489207405,72
-1.7823977895162566,-2.303071216063764,72
-1.7296255980338464,-2.3749669911480975,72
-1.5787836061324243,-2.357822584979025,72
-1.8206373807167544,-2.309616258623823,72
-1.7023624480906507,-2.2919048489207445,72
-1.7823977895162466,-2.3030712160637736,72
-1.7296255980338269,-2.3749669911481086,72
-1.5647927036139246,-2.2877519513032447,72
-1.7956256913544215,-2.3108654247031146,72
-1.606117010741942,-2.2975937613363278,72
-1.7178944866553054,-2.329949396196531,72
-1.6271423633264404,-2.340426822304911,72
-1.5647927036139253,-2.287751951303245,72
-1.79562569135442,-2.31086542470311,72
-1.6061170107419454,-2.2975937613363233,72
-1.717894486655408,-2.329949396196454,72
-1.6271423633264472,-2.3404268223049054,72
1.4405400902942398,1.8841431886266602,34
1.5493425158474425,1.8066017392459384,34
1.4393815445164193,1.8583651644527854,34
1.3878651541706961,1.4745364547508677,34
1.3563217451973797,1.398577405439819,34
1.4697498117666845,1.1996466297175192,34
1.5030611898585642,2.0022455748090278,34
1.5195063680886642,2.008734063283984,34
1.4463707567911335,1.3741808629359524,34
1.3838362053309847,1.0432192761537342,34
1.440539995853314,1.8841433890403492,34
1.5493419059276998,1.806602764121178,34
1.4393816578937655,1.8583649572768164,34
1.3878643935903037,1.4745406066943083,34
1.356321700514922,1.3985775841215924,34
1.469749813400457,1.1996466015106266,34
1.503061200553734,2.0022455573707503,34
1.5195063909155155,2.0087340263396727,34
1.4463707738871097,1.3741807644036594,34
1.3838362071213808,1.04321926349215,34
-1.556477997537354,-2.842607858670651,71
-1.5091734796788268,-2.859092458551639,71
-1.5114373448327543,-2.8486179398202154,71
-1.5273175056366517,-2.8504302642123918,71
-1.5564779975373564,-2.8426078586706516,71
-1.5091734796788274,-2.859092458551637,71
-1.511437344832754,-2.8486179398202176,71
-1.5273175056366513,-2.850430264212392,71
2.14001707558848,2.500531014985396,20
2.040574522268414,2.541913909223339,20
2.0693368753208183,2.488872317432442,20
2.0425096366084516,2.510572118663683,20
2.0526983696555994,2.4240368242039136,20
2.2065829125028826,2.4041071843037427,20
2.157546229274284,2.5020910258356603,20
2.15057391116829,2.3716426614005077,20
2.0872290670912963,2.4998186857795885,20
2.167660347332763,2.3137368305629678,20
-1.4061438493319531,-2.835398095720132,71
-1.6254110811400695,-2.8500208627701267,71
-1.5051263014435512,-2.802975399794401,71
-1.5402016787650303,-2.8200858454109143,71
-1.5587245961645089,-2.8548066483899603,71
-1.4061438493319547,-2.8353980957201297,71
-1.6254110811403348,-2.8500208627699806,71
-1.5051263014435512,-2.8029753997944016,71
-1.5402016787650383,-2.8200858454109126,71
-1.558724596164492,-2.8548066483899723,71
-2.551705241801145,-1.8626272804149282,74
-2.5375954760900763,-1.9540177060736832,74
-2.586716702605032,-1.914549674891905,74
-2.512579257276225,-1.9174236067918016,74
-2.5517052418013346,-1.8626272804146993,74
-2.5375954760892183,-1.954017706074599,74
-2.5867167026002176,-1.914549674897361,74
-2.5125792572762116,-1.9174236067918156,74
0.4895166939364149,2.9478741844388967,26
0.40775485624109764,2.9292356944171507,26
0.4197848451328685,2.896678312732127,26
0.35595857819238996,2.8638490145380167,26
0.28220725333527574,2.7396349214337676,26
0.45637225997513553,2.8766883849001523,26
0.4322581975903297,2.8014152825440704,26
0.41950772854519436,2.7826880143096298,26
0.32486004993735357,2.735735083438172,26
0.3011237935663564,2.711091488374164,26
-2.3646666657896827,-1.9534959075954719,74
-2.61768914078001,-1.9143032348386702,74
-2.534997383410206,-1.9206533237990158,74
-2.579200462355502,-1.875283860482494,74
-2.5427428039907047,-1.9712712917825623,74
-2.364666665789822,-1.9534959075953098,74
-2.617689140772609,-1.914303234847226,74
-2.53499738341004,-1.9206533237991954,74
-2.579200462361494,-1.875283860475508,74
-2.542742803995886,-1.9712712917770694,74
-2.3576549116915264,-1.8739735513652496,74
-2.7576164551876636,-1.9443594956794619,74
-2.646976673520277,-1.9574275276929805,74
-2.683887727343002,-1.9427395244265278,74
-2.605328791594919,-1.9919425316276818,74
-2.3576549116888534,-1.8739735513680964,74
-2.7576164552005418,-1.9443594956644084,74
-2.646976673516126,-1.9574275276974151,74
-2.6838877273712103,-1.9427395243950831,74
-2.6053287915914796,-1.9919425316312418,74
0.23260400160583522,2.5476718760831276,26
0.2169504878183339,2.3209416768521254,26
0.14940810655787343,2.4277484323516494,26
-0.005335952414513405,2.2068321345582107,26
0.1213886028612328,2.2729018608764147,26
0.1257783933257179,2.241144126114186,26
0.4720922769027013,2.82441778098309,26
0.18701478537132674,2.4602970737796475,26
0.05810458936591856,2.1917881533713945,26
-0.0939010641065772,1.8036312483079586,26
0.23260354179415174,2.547671731278362,26
0.21695049560490273,2.320941678812377,26
0.1494081208219794,2.4277484372876152,26
-0.005335952672203421,2.2068321345184847,26
0.12138860246941242,2.272901860805344,26
0.12577839614224062,2.241144126554325,26
0.4720918798497466,2.824417801276859,26
0.18701477194690605,2.4602970700392697,26
0.05810458941831208,2.19178815337683,26
-0.09390106410431508,1.8036312483083548,26
-2.3804812035148775,-2.454390234463322,73
-2.3471410473346075,-2.504805235925651,73
-2.355442625421316,-2.4773896757964473,73
-2.351976252777145,-2.4903243691172583,73
-2.380481203513939,-2.4543902344642774,73
-2.347141047334552,-2.50480523592571,73
-2.3554426254179637,-2.4773896757997584,73
-2.3519762527770345,-2.4903243691173675,73
1.3011104389343262,3.1556222141125425,23
1.251983213967265,3.2902831999539033,23
1.2521804966642134,3.2542060390350773,23
1.268586183464977,3.1994782541186786,23
1.2170813004858512,3.175940465246617,23
1.3258953990925721,3.1046905911996836,23
1.2863983098774048,3.199258865465936,23
1.2822742329526309,3.198898155036533,23
1.2611934965077907,3.116950454380131,23
1.2321556974271062,3.22980481633337,23
-2.2982886813258165,-2.4964976266726273,73
-2.40607210490949,-2.488423710366798,73
-2.3052140675822854,-2.376983021657228,73
-2.3615426280882055,-2.414297446060042,73
-2.372177501885393,-2.4649109530698396,73
-2.2982886813280734,-2.496497626670353,73
-2.406072104908266,-2.4884237103679947,73
-2.3052140675822383,-2.3769830216572783,73
-2.3615426280871077,-2.4142974460611546,73
-2.372177501877759,-2.464910953077547,73
1.2396060872354553,-2.7289370915052005,48
1.1772993091575865,-2.7526557360369,48
3.4886070547912063,-1.233662582226842,39
3.488607054791741,-1.2336625822249694,39
3.4845735254838837,-1.270962191064617,39
3.48457352548355,-1.2709621910657005,39
1.1254238093968896,-2.6238713290362763,48
1.17986954596009,-2.657481771184239,48
1.1254238093968905,-2.623871329036275,48
1.1798695459601072,-2.657481771184232,48
-2.0703383639267896,-2.6557260757679506,70
-2.003729363074955,-2.6418667936184446,70
-2.0704440106358697,-2.6636620322286837,70
-1.9757918726827646,-2.630022629032005,70
-2.070338363926773,-2.6557260757679586,70
-2.003729363074901,-2.6418667936184783,70
-2.070444010635908,-2.6636620322286575,70
-1.9757918726827712,-2.630022629032001,70
0.5927141555444947,1.059741303321524,36
0.39491466848649476,1.0735798766452378,36
0.40128115476878184,1.1460733806189978,36
0.38665813022008305,1.2414029726055364,36
0.3737040663236356,0.9609973833795225,36
0.6651319720756634,1.1565947199765172,36
0.6070632707109727,1.0698338143038837,36
0.5198163742713305,0.9560223851649761,36
0.45352556675691325,1.3603219768352655,36
0.4417048119851968,0.9129809183905295,36
-1.712366705775631,-2.6065242025689055,70
-2.050612137678125,-2.6211304894344862,70
-1.9830386272389813,-2.640500713180479,70
-2.0482970847256037,-2.6152000347752016,70
-1.9314774098061158,-2.6107593568111014,70
-1.7123667057756322,-2.6065242025689037,70
-2.0506121376781765,-2.6211304894344494,70
-1.9830386272389937,-2.6405007131804723,70
-2.048297084725463,-2.6152000347753064,70
-1.9314774098061163,-2.610759356811095,70
-1.8099402163352303,-2.725401695653968,70
-2.054177817794868,-2.6651980927959924,70
-1.9309403119379218,-2.6540201687439513,70
-2.003456356418558,-2.645567376963665,70
-1.9035486017443402,-2.651040636125835,70
-1.8099402163372145,-2.725401695652917,70
-2.05417781779479,-2.665198092796049,70
-1.9309403119379318,-2.654020168743947,70
-2.0034563564186882,-2.6455673769635855,70
-1.9035486017443377,-2.6510406361258387,70
0.5789899264238925,0.8342596065782402,36
0.6336714329738239,0.7503712751416398,36
0.49002468847361547,0.8672383846164223,36
0.588391230246545,0.7330240841613855,36
0.531909392392481,0.7930740989973502,36
0.5484488095052145,0.644552925875024,36
0.6978651891325621,0.907234833393064,36
0.5466777265515593,1.0139536309010442,36
0.5200703755599557,0.7442370443792478,36
0.555960865556032,0.6526010808349189,36
0.5789899261777587,0.8342596067137853,36
0.6336714329623181,0.7503712751485527,36
0.4900246905136486,0.8672383833214082,36
0.5883912306205736,0.7330240839358118,36
0.5319093924075607,0.793074098988687,36
0.5484488095051345,0.644552925875075,36
0.6978651881177808,0.907234834004331,36
0.5466777382497767,1.013953624865929,36
0.5200703755646093,0.7442370443764021,36
0.5559608655783433,0.6526010808215412,36
-1.901222546311053,-2.9772786359743866,69
-1.8778483470394005,-2.9911706675420087,69
-1.870862283011195,-2.949762852252288,69
-1.8670233434771442,-2.9828078907745526,69
-1.9012225463177355,-2.9772786359705985,69
-1.877848347038193,-2.9911706675426806,69
-1.8708622830124275,-2.9497628522515966,69
-1.867023343472331,-2.982807890777206,69
1.7350369858939918,1.5412955040863114,19
1.5750002801324081,1.4034503268398384,19
1.6424607375501652,1.2696368253994157,19
1.5580035404533907,1.6519699141417827,19
1.5606504921107927,0.9907968233055992,19
1.757533240074599,1.662917371115257,19
1.665570117442312,1.4961419137593326,19
1.661333952514887,0.9815362212836792,19
1.6308481838712892,1.6747082665111608,19
1.5730752076882781,0.7766747559907929,19
-1.6149440903040155,-2.949762821753257,69
-1.8747693814147286,-2.942025868041863,69
-1.8046776024692899,-2.9718923325278137,69
-1.8430538390032078,-2.934453530554346,69
-1.7435363281383383,-2.9515566943168485,69
-1.6149440903040113,-2.9497628217532603,69
-1.8747693814145479,-2.942025868041967,69
-1.8046776024676348,-2.971892332528681,69
-1.8430538389976567,-2.934453530557453,69
-1.743536328138855,-2.951556694316579,69
-2.9003295752161935,-1.6431894147466868,76
-2.866137933711488,-1.739724622944139,76
-2.8156119537723776,-1.684972184314849,76
-2.8928949016429693,-1.7072060366558732,76
-2.900329575219522,-1.643189414740954,76
-2.8661379337562303,-1.7397246228721897,76
-2.81561195377085,-1.684972184317236,76
-2.8928949017047625,-1.7072060365493058,76
-0.8896075728916475,2.481686976051837,28
-0.9628439912419399,2.3101053017843127,28
-0.9322696508935778,2.3313580816642068,28
-0.9492833466806058,2.341033630450215,28
-0.9131124391564374,2.1278964740675086,28
-0.9444833839252514,2.5545668661525274,28
-0.9824301693229254,2.4215782607855982,28
-0.9914504414116929,2.319647796703887,28
-1.0714268314069861,2.4777849790971946,28
-0.9589688853430868,2.1945600483061054,28
-2.603937725981408,-1.6718710502449556,76
-2.8490988639269523,-1.6350750287367852,76
-2.901264038292855,-1.6842730619655202,76
-2.8459154600677854,-1.617210890023924,76
-2.8670331233901054,-1.7065728373975537,76
-2.603937725989627,-1.6718710502353993,76
-2.849098863930366,-1.6350750287311995,76
-2.9012640382982435,-1.6842730619563406,76
-2.8459154600786727,-1.6172108900060396,76
-2.867033123380829,-1.7065728374131395,76
-2.6679771013602656,-1.6025829118672814,76
-2.9497639774671156,-1.6614509367159518,76
-2.919329122401371,-1.6726021558781912,76
-2.9058350475701604,-1.6176019240760986,76
-2.871626692001556,-1.6856077632012418,76
-2.6679771013574376,-1.6025829118707957,76
-2.949763977475656,-1.6614509367004606,76
-2.919329122386827,-1.6726021559035813,76
-2.9058350475751076,-1.6176019240677029,76
-2.871626691997755,-1.6856077632074113,76
-1.040442496088849,2.222616755045189,28
-0.9938802923520614,2.0885964059724182,28
-1.0751770189184424,2.14995486955653,28
-1.194117059915779,2.0991797879508893,28
-0.9707934211594539,2.0640928923553563,28
-1.027262504844389,1.9766841963346944,28
-1.0336188700183704,2.283850803904589,28
-1.0203649822036156,2.1866058568348548,28
-1.014571316943024,2.03950999496658,28
-1.0346357851326458,1.8771970173946975,28
-1.0404424960892777,2.2226167550450024,28
-0.99388029235206,2.0885964059724205,28
-1.0751770189184415,2.1499548695565287,28
-1.1941170599157631,2.099179787950895,28
-0.9707934211594518,2.064092892355355,28
-1.0272625048443882,1.9766841963346964,28
-1.0336188700183953,2.2838508039045835,28
-1.0203649822036156,2.1866058568348548,28
-1.0145713169430242,2.0395099949665845,28
-1.034635785132645,1.8771970173946975,28
-2.650514310300098,-2.1953922283209257,75
-2.623698601657162,-2.194942478267199,75
-2.5647628081763343,-2.166419339792191,75
-2.714550169213499,-2.25188659352222,75
-2.650514310337215,-2.1953922282819502,75
-2.6236986016573725,-2.194942478266986,75
-2.5647628081765412,-2.1664193397919864,75
-2.7145501692575915,-2.2518865934733836,75
0.5371030501809073,2.808352371075908,23
0.3773438251983647,2.787710755020032,23
0.4504019717071532,2.761614611280008,23
0.40955205852798926,2.754778050230667,23
0.3546130689380484,2.6966239765139792,23
0.5491166800306974,2.873275982346614,23
0.5289395271402482,2.892720508259652,23
0.4756150086583581,2.76159042330504,23
0.4763188872768031,2.902701147582897,23
0.40681516941187595,2.7825505400074064,23
-2.436224190536187,-2.16462419937085,75
-2.5746146356903488,-2.1820993100005053,75
-2.547031489232582,-2.154714538513356,75
-2.569050714580864,-2.14591985509109,75
-2.6141036128585053,-2.196462921583148,75
-2.436224190536112,-2.164624199370923,75
-2.574614635690604,-2.1820993100002597,75
-2.547031489229838,-2.154714538516079,75
-2.569050714584151,-2.14591985508782,75
-2.614103612864541,-2.196462921576953,75
-1.8772562837940976,-2.3237298527822903,72
-1.8229290073461082,-2.321561427013836,72
-1.8825446067776497,-2.354301155812684,72
-1.7962376699975917,-2.3303561019954877,72
-1.8772562837941102,-2.3237298527822796,72
-1.8229290073461093,-2.3215614270138323,72
-1.8825446067776601,-2.3543011558126765,72
-1.7962376699975913,-2.3303561019954886,72
1.1507090932918105,2.3320231876630553,34
1.0539544352768604,2.0655150558955224,34
1.1276640133626472,2.195404390002735,34
1.1343796408487594,2.2071149898878093,34
0.944504477851872,1.8263057135300964,34
1.1705604078743572,2.339908529524805,34
1.181880948845341,2.134131349017456,34
1.0869100535561342,2.0476151789055055,34
1.1807877214836122,2.2919780563385026,34
0.9401742716715814,1.7244383238024708,34
-1.634280910030612,-2.3702779478407483,72
-1.9111939425859692,-2.3693362862437426,72
-1.7955969881462694,-2.2815919505300712,72
-1.887695023440835,-2.3162086759481717,72
-1.8113119659460781,-2.3590197029057345,72
-1.6342809100306195,-2.370277947840742,72
-1.9111939425859956,-2.369336286243721,72
-1.7955969881462726,-2.281591950530071,72
-1.8876950234408336,-2.3162086759481744,72
-1.8113119659460706,-2.359019702905743,72
-1.6050135894185127,-2.312999012409576,72
-1.8701289661852483,-2.3464932342613283,72
-1.6917969259735,-2.24125950769563,72
-1.826339956703865,-2.33480271010674,72
-1.7075920338980182,-2.3046406697287822,72
-1.6050135894185176,-2.3129990124095725,72
-1.8701289661852527,-2.346493234261324,72
-1.691796925973499,-2.2412595076956285,72
-1.8263399567067082,-2.3348027101045474,72
-1.7075920338980235,-2.3046406697287845,72
0.9731152988257523,1.7349986670202766,34
1.077949071421902,1.6163201527549431,34
0.8693615789594904,1.6422917147135636,34
0.8693092702988835,1.1633389703992882,34
0.8024246689259598,1.4037655296595617,34
0.9107802829811747,1.0555751638226472,34
1.0239594183610214,1.771775873918157,34
1.0615234361032744,1.8521672749742357,34
0.7802346576278486,1.364141316712676,34
0.8577071125723927,0.9862705359771143,34
0.9731152988261218,1.7349986670252646,34
1.0779490675907084,1.6163201586794775,34
0.8693615789550141,1.6422917147076945,34
0.8693092703370948,1.1633389703562913,34
0.8024246689341078,1.4037655296201308,34
0.9107802829805982,1.0555751638231488,34
1.0239594183608187,1.7717758739187839,34
1.0615234361073538,1.8521672749696083,34
0.7802346577230567,1.3641413163258878,34
0.8577071125724037,0.9862705359771051,34
-1.7557976545628535,-2.8152649326581094,71
-1.694219388306835,-2.790046322519729,71
-1.6905377192117166,-2.7931776207336116,71
-1.7066672074212832,-2.8155170526765403,71
-1.755797654561954,-2.815264932658619,71
-1.6942193883069825,-2.790046322519642,71
-1.6905377192114621,-2.7931776207337657,71
-1.7066672074216123,-2.8155170526763587,71
1.8120565771119983,2.3943490255788022,20
1.6954082495422662,2.3748324600221444,20
1.721537876051027,2.2879673203762376,20
1.7178707596873795,2.341058079697589,20
1.6953018941195743,2.179892517490986,20
1.8285984332804985,2.3928651557208536,20
1.7976482362909771,2.421849754078544,20
1.7629319516742448,2.236241056661806,20
1.7426393121394188,2.399350212009543,20
1.7531574534157497,2.1556456195312994,20
-1.5238758362548737,-2.8188402952440157,71
-1.760156987814517,-2.850738991975093,71
-1.634325566542306,-2.761713880215317,71
-1.6896970460781908,-2.81003248370304,71
-1.6633099924157033,-2.8273083016701994,71
-1.5238758362548082,-2.8188402952440463,71
-1.7601569878288619,-2.8507389919671526,71
-1.634325566542236,-2.761713880215356,71
-1.6896970460801701,-2.810032483701906,71
-1.663309992415712,-2.8273083016701945,71
-2.5889257554349245,-1.7778061759450696,74
-2.525014553918666,-1.8358747669624929,74
-2.5869005768578917,-1.8295485248221677,74
-2.5257401778734963,-1.8079810152305753,74
-2.588925755429526,-1.777806175951744,74
-2.5250145539198474,-1.8358747669611222,74
-2.586900576865218,-1.8295485248132668,74
-2.5257401778705346,-1.8079810152340694,74
-0.16695617800872653,2.473888761836555,26
-0.23444824933073713,2.4307444676622865,26
-0.2108247253484825,2.36253377351606,26
-0.20096628211272477,2.3735370752814204,26
-0.2909693472778969,2.234899225390643,26
-0.19401303040617404,2.542830412813191,26
-0.2090317774589363,2.389114626235524,26
-0.22559256450580312,2.3489314802914163,26
-0.23909404993094466,2.3760335859792514,26
-0.2917560005018011,2.2218545067776025,26
-2.4003272709332655,-1.8791173722612464,74
-2.6311575233611286,-1.8410186287509827,74
-2.5802116423470935,-1.8496835671523755,74
-2.625446475527344,-1.821316808495932,74
-2.5982947243651484,-1.91682858076506,74
-2.4003272709355596,-1.8791173722587615,74
-2.6311575233573197,-1.8410186287555819,74
-2.58021164234898,-1.8496835671501404,74
-2.6254464755289835,-1.8213168084938498,74
-2.5982947243670154,-1.916828580762911,74
-2.355588468908623,-1.7831658124304812,74
-2.7610718559202763,-1.876738381407769,74
-2.658990969714471,-1.8791712569280694,74
-2.7186528483850485,-1.8532828933612022,74
-2.610085499453596,-1.9043843791041142,74
-2.3555884689077216,-1.783165812431451,74
-2.761071855912749,-1.876738381417364,74
-2.6589909697639205,-1.879171256869123,74
-2.7186528484275243,-1.8532828933061194,74
-2.6100854994571985,-1.9043843790998907,74
-0.23373757898439057,2.174514507828841,26
-0.1922282897588618,1.9940026239389506,26
-0.28383619092891915,2.072052230489727,26
-0.3262135262462127,1.8949606352198982,26
-0.25975626801127893,1.9928945349556604,26
-0.24541797931057951,1.8509191920373775,26
-0.23509403188972253,2.3719648911290583,26
-0.26028301829923167,2.170736219479532,26
-0.29282272547923016,1.9115070800766136,26
-0.3426854607614501,1.6038931750393566,26
-0.23373757898441,2.174514507828839,26
-0.1922282897588378,1.9940026239389625,26
-0.28383619092892987,2.072052230489724,26
-0.326213526245591,1.8949606352200759,26
-0.2597562680112901,1.9928945349556593,26
-0.245417979310496,1.8509191920374033,26
-0.23509403191783937,2.371964891121163,26
-0.2602830182994014,2.1707362194794837,26
-0.29282272547933536,1.911507080076583,26
-0.3426854607614501,1.6038931750393555,26
-2.485225500532624,-2.358213239009472,73
-2.4480809670672428,-2.3742652874776797,73
-2.442613065397149,-2.3561772728733987,73
-2.444042204091174,-2.395297006064731,73
-2.4852255005315054,-2.3582132390106505,73
-2.4480809670642723,-2.374265287480778,73
-2.4426130653986258,-2.356177272871838,73
-2.4440422040905467,-2.3952970060653693,73
0.987962925500158,3.0013377810243815,23
0.9011994781236669,3.0651920033407647,23
0.932640328574155,3.02846462518823,23
0.9290445145134425,2.932889348783218,23
0.8780337457226719,2.919202426846155,23
0.9597131474610244,2.9484204221973274,23
0.9338637439787726,2.9931172486111834,23
0.9379810893073595,2.943930848180286,23
0.8964640649421394,2.94880814764162,23
0.8877644644311092,2.9685964455257987,23
-2.3615409193369166,-2.382486161974902,73
-2.490511283384639,-2.418831392594276,73
-2.41482655512949,-2.3022716647234764,73
-2.441884222756926,-2.3307024582204305,73
-2.4650275886116497,-2.3884548395173377,73
-2.361540919337838,-2.3824861619739535,73
-2.490511283378905,-2.4188313926000586,73
-2.4148265551295167,-2.3022716647234467,73
-2.441884222756155,-2.3307024582212525,73
-2.4650275886106052,-2.3884548395184124,73
1.1035921846570786,-2.7285010517824166,48
1.0911412683982462,-2.712282063127876,48
3.5914513668891423,-1.2921035393787135,39
3.591451366869309,-1.2921035394394869,39
3.4940963258513844,-1.3534860398310147,39
3.4940963258382993,-1.3534860398703743,39
1.0397101505928317,-2.561109448237018,48
1.089807286645744,-2.622416080739265,48
1.039710150592831,-2.561109448237017,48
1.0898072866457449,-2.622416080739264,48
-0.41870789871566677,1.4384429122488507,32
-0.5195185349205274,1.4443863378339168,32
-0.42797281006832305,1.4578178006669815,32
-0.49055299051721907,1.5005268747464844,32
-0.4427109159683135,1.3858891880231827,32
-0.4331610046101555,1.4571178653490349,32
-0.4954677319268265,1.4537092571373655,32
-0.44532439506888816,1.3686720074382341,32
-0.6009561634208209,1.561772415913025,32
-0.4587967379827747,1.3160420356301357,32
-3.089131695273091,-1.0420198032909473,80
-3.0891316952742884,-1.042019803287919,80
-3.157537884634787,-0.9231984906266946,80
-3.157537884037924,-0.9231984925555067,80
-0.5325483977970839,1.2852303672470207,32
-0.5035175297843987,1.113159602107301,32
-0.5325483977970793,1.2852303672470182,32
-0.503517529784399,1.113159602107301,32
0.7400991994751149,1.8305444980404577,15
0.6189018720631121,1.7238914797661047,15
0.7460124512368815,1.7596277036398043,15
0.70663558169315,1.93666569438187,15
0.6344309573441327,1.6950050199909406,15
0.7174603211134448,1.822371497442054,15
0.5896657383750243,1.6120441189969745,15
0.6719913408347741,1.5171742429664004,15
0.5808779363944021,1.7670013815511358,15
0.5533713413125657,1.399446306782451,15
-3.092831712916062,-1.399828894626837,80
-3.092831710287537,-1.3998289008684106,80
-1.407345117498767,2.5631280173423034,25
-1.3843002674152989,2.5548714232186063,25
-1.3846722873496358,2.62715983085461,25
-1.3419437058377977,2.6092539289216297,25
-1.3035153936748165,2.425299727765106,25
-1.4005108322818485,2.623809248138521,25
-1.3650980711210174,2.5893514164141886,25
-1.3705464626321433,2.5642009946180226,25
-1.4095626116377415,2.6950877253325287,25
-1.341567682505857,2.492883322812607,25
-3.5123003874312615,-0.19416435517692307,84
-3.5123003874312624,-0.19416435517696956,84
-3.5340833509236624,-0.12024305128358026,84
-3.5340833509239555,-0.1202430513227075,84
-1.489248151831338,2.415566765479126,25
-1.3809847266034398,2.231150744090479,25
-1.4892481518313385,2.415566765479127,25
-1.3809847266034403,2.231150744090478,25
-0.3035780051197274,2.7000460860280864,21
-0.4020153889787266,2.7858472325326233,21
-0.3061624261776414,2.830566586139834,21
-0.28752423033632973,2.8679406659358038,21
-0.27077629910936474,2.7357152225957266,21
-0.34986630748722836,2.771025699677511,21
-0.3425593355638797,2.7801416549649165,21
-0.3335797433411628,2.7963353520562415,21
-0.33794859038779146,2.854594484630642,21
-0.3325317152304276,2.744962623284666,21
-3.4461344712964963,-0.7951113521279298,83
-3.446134471320348,-0.795111352018465,83
-0.04610927810176266,2.0682727959061915,30
-0.11474761103336567,2.0398325308448326,30
-0.04630616285655191,2.1086784300593533,30
0.009095442241114856,2.0290822778645774,30
-0.07485307701211884,1.9411019120478894,30
-0.04036034044445217,1.945354009023839,30
-0.1011729919332019,1.934473004103395,30
-0.13131943557618087,1.8347506906888211,30
-0.08761456098977026,1.940218901321029,30
-0.1711286606272267,1.7898778222681049,30
-3.098329799810104,-1.037335133918262,78
-3.098329799809644,-1.037335133919446,78
-2.9561882805590565,-0.8830009282621762,78
-2.956188280612083,-0.883000928126175,78
-0.22146012203770046,1.6635354271228142,30
-0.14663138720002114,1.461878251750791,30
-0.22146012203770493,1.6635354271228122,30
-0.14663138720002136,1.4618782517507913,30
1.0120961613036767,2.2596269883741837,20
0.8799990439358542,2.2679994687989913,20
0.9468271362485798,2.2392588797709045,20
0.9273134674479656,2.240426675236291,20
0.9270503770510509,2.189422426311831,20
0.95357473480906,2.183990253113038,20
0.9009085087811785,2.1817917249833942,20
0.9239992313271682,2.0780461061658086,20
0.8716962134714593,2.1819098192223443,20
0.9027925207983803,2.096864851525444,20
-3.098646286166845,-1.5147381630589762,77
-3.0986422677988568,-1.5147488347560962,77
-0.8096412954786458,2.7390291277907735,24
-0.7650026054261483,2.6359878507820262,24
-0.7967862204128613,2.733968616427542,24
-0.6760119747426556,2.612847344071026,24
-0.6876793921097797,2.5209167019649326,24
-0.832701271205966,2.754670887934796,24
-0.7661693717825551,2.5961598767894625,24
-0.8097381078446052,2.6314490486839848,24
-0.7846834957200225,2.599838680220009,24
-0.7674648750051261,2.520132817917594,24
-3.5484191997585657,-0.3444492411911215,88
-3.5484191997581678,-0.344449241197616,88
-3.416023259983154,-0.1887887475755164,88
-3.4160232599852134,-0.1887887474759514,88
-0.8546704568069788,2.458199912487201,24
-0.7431393524318206,2.227008505917726,24
-0.8546704568053878,2.4581999124878022,24
-0.7431393524319708,2.2270085059176736,24
0.3001215409842291,2.9773447998354095,22
0.23633864644532024,3.0562706529209858,22
0.2860061141742907,3.0465920983170895,22
0.30665301903822906,2.9999706172631377,22
0.3306649455069441,2.9726532805279495,22
0.2345762744651371,2.949767036464455,22
0.23533111335708265,2.9361529587270714,22
0.22983038739274236,2.952414439077367,22
0.21286009201917633,2.9232570577449493,22
0.26128168990349426,2.9557438370844524,22
-3.399554721014878,-1.0080081343203182,87
-3.3995547201976604,-1.0080081369808234,87
1.0499020757746311,-2.2434775926144375,50
1.112231656726275,-2.189123178343533,50
1.1096662253928329,-2.156184854061531,50
1.1460789566731353,-2.196839360114212,50
1.026573560508754,-2.5335569876624278,50
0.9263384224619046,-2.3442467192745857,50
0.9717209712240584,-2.3601274691446497,50
0.9573853874947834,-2.387591318242341,50
0.9841882736224079,-2.3720194019976346,50
0.9081184736227287,-2.652902627795344,50
3.5132308405949746,-1.1850465419878269,38
3.513230840609005,-1.1850465419340033,38
3.4797431961656224,-1.1515653971799775,38
3.4797431961205443,-1.1515653973695206,38
0.9903715001156883,-2.269137521859278,50
1.0982288743099675,-2.3930461400983316,50
0.9903715001156871,-2.2691375218592817,50
1.098228874309967,-2.3930461400983316,50
-0.7754743780800201,1.602183770997621,32
-0.8793493962014456,1.60582213283845,32
-0.80795015496065,1.6307220802260705,32
-0.7915858781749573,1.5980396760659374,32
-0.7603199716937356,1.4916537759494986,32
-0.8242670134084442,1.6597244212269864,32
-0.84629730998377,1.617711217857189,32
-0.8400452357349228,1.5802408848230443,32
-0.8729154916705423,1.660330642108452,32
-0.7773550612670322,1.4512356609436294,32
-3.175400848191361,-0.7619374575300981,80
-3.1754008483956633,-0.7619374566716353,80
-3.2033111832818872,-0.6878614471674475,80
-3.2033112278696274,-0.687861231901005,80
-0.8221943489493827,1.4107882589524965,32
-0.7127920655278599,1.2388845229739551,32
-0.8221943489493827,1.4107882589524965,32
-0.7127920655278599,1.2388845229739553,32
0.5254535516984112,2.0851828193437982,15
0.32463897772159567,2.0229956686555615,15
0.46376927533209267,2.1311048618904214,15
0.42348803467865725,2.2128475814770336,15
0.361244325821658,1.9904246085138366,15
0.4973225526609159,2.054087190107344,15
0.3325192939627194,1.9714112491453955,15
0.3865412253190439,1.913087465050518,15
0.33151036728861144,2.0834820033790966,15
0.27684251223870343,1.7400390881823855,15
-3.1035790243447448,-1.2078887400530378,80
-3.1035790243447083,-1.2078887400531162,80
-1.6217339466630525,2.60323564586983,25
-1.5975179456994404,2.544893547969564,25
-1.6014965063256144,2.608872868154211,25
-1.5671027322617825,2.555903311345482,25
-1.5081361323802198,2.3796741089329454,25
-1.628087161267769,2.7394527653997383,25
-1.6208344956816287,2.6000394352165936,25
-1.6401777261166803,2.6386067722386355,25
-1.6472450005734776,2.663107935888291,25
-1.562876234893532,2.4763716670512097,25
-3.5901894492492064,0.12836218825019244,84
-3.5901894492529243,0.12836218817967013,84
-3.5984080086417682,0.23792830272371007,84
-3.5984080087063584,0.23792830214869862,84
-1.69146228835487,2.4391822580857214,25
-1.5552342367143586,2.2712275708526097,25
-1.6914622883548707,2.439182258085722,25
-1.5552342367143592,2.2712275708526093,25
-0.7077156331355758,2.8949950006616567,21
-0.8411051328260327,2.9158079232333978,21
-0.7325467745002968,2.967648016754059,21
-0.7391019929907467,2.9550565384452865,21
-0.7384771546170231,2.809119543399781,21
-0.7588090786263099,2.9863501293156975,21
-0.8153975222973283,2.8811056494033367,21
-0.8035759176935436,2.953333647515819,21
-0.795760001192254,2.963377384266908,21
-0.8065049326683645,2.849417067055796,21
-3.547608437219678,-0.4267849457385998,83
-3.5476084372118484,-0.42678494583015447,83
-0.37774258371846525,2.2002964416116626,30
-0.5047923805758248,2.0296504495499184,30
-0.41719436021030665,2.136638898448297,30
-0.37049918018296035,2.0474928636065393,30
-0.4731311711387614,1.9197305196966215,30
-0.3816804166282868,2.115035955706551,30
-0.49688533904512683,1.9908766498977226,30
-0.5037967079053532,1.995295231597214,30
-0.4688216736815407,1.9994193240981954,30
-0.5782341531090669,1.8221785128279422,30
-3.326527427327713,-0.752715093762042,78
-3.3265274119446624,-0.7527151656056232,78
-3.203506520407803,-0.6068379150088168,78
-3.203506520404956,-0.6068379150228901,78
-0.5319835462594015,1.7000673224524376,30
-0.4815377736992429,1.5531708062753855,30
-0.5319835462593943,1.700067322452436,30
-0.4815377736992384,1.553170806275384,30
0.7746653126133723,2.5261402512916353,20
0.5991670274748905,2.474189827520666,20
0.7017802925934268,2.507572353555117,20
0.699991732800541,2.4620423033790897,20
0.6382506448882003,2.391345503691676,20
0.7089196511396808,2.402539710106069,20
0.6237069114501982,2.386342299414625,20
0.6621572898107198,2.3601108370795427,20
0.6001007911459381,2.3702805419964106,20
0.5905228984653349,2.305042931732722,20
-3.2091091729570573,-1.280367097964991,77
-3.209109171859632,-1.2803671007750128,77
-1.064623423631965,2.7833501498086965,24
-1.0734538291500968,2.62670139230053,24
-1.064351390823164,2.800480336346438,24
-0.9947850937540872,2.660288119416658,24
-1.0170854870692205,2.513234029678023,24
-1.0716828847877697,2.8695176276442154,24
-1.0807381195744934,2.603004591642825,24
-1.1044497810070644,2.6885225400895303,24
-1.1052343333187695,2.628269900667321,24
-1.1013971529205435,2.536615367887248,24
-3.7294181100444583,-0.05663739987801558,88
-3.7294181100432877,-0.05663739973153082,88
-3.582459707476142,0.08844704689905412,88
-3.582459707667809,0.08844704358980902,88
-1.1525527836629872,2.441741582848036,24
-1.030471576361657,2.220551106550301,24
-1.1525527836630238,2.4417415828480182,24
-1.030471576361656,2.220551106550302,24
-0.008366571639958686,3.1702557886625247,22
-0.16186793766813226,3.168594849887998,22
-0.05777038455509914,3.22011143834911,22
-0.028398532697923532,3.1251685117186985,22
-0.0651803888840409,3.066666523107681,22
-0.10570754439924081,3.1576897943365614,22
-0.1386965250682055,3.0787784322457528,22
-0.15263338562834391,3.133414844748721,22
-0.1587057770272876,3.070024940476346,22
-0.14479183310057897,3.094195493284349,22
-3.5947573430044772,-0.6415891768161736,87
-3.5947573365590997,-0.6415892185527337,87
0.9308822363270848,-2.4066410708113026,50
0.9540559648386959,-2.2948791455315205,50
0.9843265241104824,-2.320180195019524,50
0.9897023125557683,-2.3171147870426894,50
0.8885719000517857,-2.6228852090791768,50
0.8293398685365325,-2.5039558859081197,50
0.8559141323511886,-2.47683376343821,50
0.8568006280444859,-2.497328411248321,50
0.8801595843039413,-2.4526930462127976,50
0.814553447521339,-2.707796886379077,50
3.4509154917778453,-1.0904058339441705,38
3.450915491795745,-1.0904058338642257,38
3.3271937072687496,-1.0316570816067137,38
3.3271937072687563,-1.0316570816066861,38
0.8633891739923654,-2.512530196493891,50
0.9263762310887672,-2.5614251744127814,50
0.8633891739923685,-2.512530196493889,50
0.9263762310887701,-2.5614251744127787,50
-1.6419514616806428,2.094776746849024,33
-1.7552960692697768,2.154282702633024,33
-1.7301309563703424,2.1726071935286995,33
-1.6155274552075698,2.1719574704452724,33
-1.7235011584160016,2.18514830572912,33
-1.6059932448744374,2.008640458155633,33
-1.6732349873422143,2.06921851924227,33
-1.673658597197402,2.0428346545377565,33
-1.6706354547505888,2.0913672195605817,33
-1.7076756453518058,2.0568564180233335,33
-3.073872171254411,1.4343685707051312,86
-3.0738721712574235,1.4343685706992355,86
-0.48495952109145485,2.823039745091708,15
-0.8498935352418081,2.7210888550610934,15
-0.5237213297956578,2.866881351094027,15
-0.3822120794263555,2.8667189150855275,15
-0.5360048609344237,2.793668048894873,15
-0.7018845661508059,2.535160042766479,15
-0.5948372824014317,2.7202877144235598,15
-0.6120833829317446,2.615689840144444,15
-0.5500914244120471,2.7615658297620054,15
-1.138863500822544,2.3159084884233727,15
-3.16712348961611,0.5098215024199869,80
-3.236425016497285,-0.03272583335159227,80
-2.0062783453498714,2.7631650592580734,25
-2.038347747981355,2.7156977968983464,25
-2.0447095462630696,2.753460500638618,25
-1.9822322721224634,2.8021353564981237,25
-2.018767832264439,2.6925557774687556,25
-1.994577595899436,2.71638709462596,25
-1.9780203436770396,2.703695361553307,25
-2.0058500437160487,2.655992198595361,25
-1.970311973760709,2.758174805404561,25
-2.0120125317207838,2.612589192517719,25
-3.2141747124723112,1.9209401048392925,86
-3.214174712472369,1.9209401048392025,86
-1.5762429255438544,3.0942377233660707,18
-1.6976180911622867,3.0523896657648146,18
-1.6506395020358084,3.1372603245358097,18
-1.560093813854444,3.085205664797705,18
-1.6905394828683424,2.9812007854483764,18
-1.634411234896596,3.0342899976610105,18
-1.618715521419858,3.0607950059323654,18
-1.6782809985286804,3.0005327829751294,18
-1.5803341491519058,3.0349490596639312,18
-1.721695639591767,2.9483335961116564,18
-2.9977295350372493,1.266153554588588,86
-2.9977295350349613,1.2661535545936393,86
-1.128271912213214,2.415737134933972,31
-1.2570012777777155,2.3506695927286287,31
-1.1802380367114846,2.440213494729322,31
-1.0982000305230168,2.5116126614136345,31
-1.2871595748028184,2.381618262691158,31
-1.1806289440486903,2.1300111720174955,31
-1.27300284643061,2.2937964162747075,31
-1.2179351358412902,2.1635827997362242,31
-1.265721461953024,2.304356374832097,31
-1.3939150382074301,2.1154534196347226,31
-3.002540974672261,1.4347885588290377,86
-3.002540974672061,1.4347885588294218,86
-0.01996288807241016,2.7288896861909127,17
-0.0944017873656812,2.737701596473531,17
-0.040788682109025025,2.737537188228361,17
-0.015293561463293097,2.7689127456127323,17
-0.15169810982571963,2.719728599084462,17
-0.13011051437664017,2.46694202098397,17
-0.09290980206726954,2.714183708119843,17
-0.09983746537116696,2.5585642530221144,17
-0.12675564052178212,2.657301579060482,17
-0.37181108042360694,2.44711436366743,17
-3.2308709782585425,0.6080879382912865,77
-3.2308480621965017,0.6081727536958977,77
-1.5378084286959783,2.812077603858989,24
-1.5472934987776596,2.757793303713447,24
-1.5334932647937998,2.8000947438780797,24
-1.4953110765507105,2.887227105367169,24
-1.658177344087386,2.7527191502702375,24
-1.6161469481067314,2.725142899669584,24
-1.5922154097037633,2.7540313809355332,24
-1.611286975962576,2.6792618918672986,24
-1.5971593647920674,2.780508514832031,24
-1.7211591597621245,2.594036764649096,24
-3.2208323770827088,1.7720975274835022,86
-3.2208323770825813,1.772097527483729,86
-0.8816278832213306,3.1504132518976182,17
-0.9795333326151485,3.058375801176971,17
-0.9110030934777825,3.1466864077900962,17
-0.8977760177591364,3.082393804043156,17
-1.0727102773383317,3.0019578131068405,17
-0.996287741259546,3.0531027748730537,17
-1.0022474285732066,3.085051409451653,17
-1.0050996092958557,3.081586237628863,17
-1.0056437893926178,3.052950209923932,17
-1.1891318908467063,2.9554217723620617,17
-3.1063923174978774,1.192707655611055,86
-3.106392318395702,1.1927076534259773,86
1.0440681585861298,-2.874842892329342,47
1.1942384817346328,-2.8326995166201026,47
1.1587379435056806,-2.874725396587303,47
1.1927247544069546,-2.9360916347372976,47
1.0428267657616377,-3.0271227399159595,47
0.8862368514398405,-2.933637892473235,47
0.8020489109600125,-3.034482279058364,47
0.9161849438580203,-2.975239502039406,47
0.9044048915647254,-2.9531714988678597,47
-2.862605882054591,1.0744869421627843,47
-2.747882562343472,3.1622977287985483,38
4.062481631311358,-1.055593153657657,38
4.018199683110987,-1.1237018515024038,38
4.018200401690384,-1.1236989018030628,38
-2.796200932080433,1.4110871724313232,47
1.1679843417837132,-3.0348042894704252,47
1.1157008483043689,-2.9931680105295264,47
-2.9122786511842396,1.3024450745182212,47
-1.6626753399430798,2.2250668292406774,33
-1.7521280481215555,2.25267941038902,33
-1.7272797802837454,2.2940580908740165,33
-1.6392659124507845,2.3209095158761506,33
-1.7046504908933529,2.2624665045979446,33
-1.5918035762081229,2.080261486924033,33
-1.692403019315878,2.1691667339738308,33
-1.660563718170808,2.1336767774883167,33
-1.7060809945455464,2.2093126724605576,33
-1.701524406858774,2.1375633441790876,33
-3.0558432211250026,1.3471081850985998,86
-3.0559629769016166,1.3468631766673125,86
-0.37837529959710603,2.872387137931145,15
-0.5737589249785225,2.8159973946931975,15
-0.4341297993982111,2.918142076703174,15
-0.3088528272582473,2.9241599984293964,15
-0.45164733743954794,2.810729207409535,15
-0.5119319832066522,2.6358526227582306,15
-0.49412492789132656,2.750510130717018,15
-0.47208397431956933,2.70523309823877,15
-0.5113506814794689,2.791936779758468,15
-0.8009766393559199,2.4691185844642978,15
-3.1164574891713728,0.28310265672925794,80
-3.0946852916045793,0.3839797393674587,80
-1.958751234024715,2.800098780516221,25
-1.952163341437518,2.7472392113347763,25
-1.9659055629478908,2.8077552945707165,25
-1.9407273559160936,2.8723448447369786,25
-1.9784074726715324,2.7459346174814088,25
-1.9422294781912814,2.763950099042638,25
-1.9304355371085307,2.7435853710595515,25
-1.9302273874072604,2.6830930452302346,25
-1.9470912837374226,2.8128246783352604,25
-1.96438456593901,2.644830495921901,25
-3.2348636036311524,1.8211898219356328,86
-3.234863603631153,1.8211898219356315,86
-1.4550035570075417,3.0851708379454177,18
-1.5413894907971668,3.050643564361185,18
-1.4992786226429462,3.1405314473617945,18
-1.4452667941702189,3.0657215377551004,18
-1.5549489366345761,2.979143319686584,18
-1.5060944269887462,3.02876072631812,18
-1.498560810293864,3.0432589454892534,18
-1.5422234926298062,3.0549290083175746,18
-1.5149415011649925,3.011058960604703,18
-1.6134415436942806,2.9283417110134224,18
-3.023817805269454,1.138486860042965,86
-3.0238178052853484,1.1384868600027698,86
-1.052510155175296,2.512548866742535,31
-1.149649716287786,2.4567187078443484,31
-1.0862250890914353,2.546934247863171,31
-1.0022097669688725,2.599626887512111,31
-1.1901811219773437,2.464327663744403,31
-1.125374909413904,2.1857105577317433,31
-1.199641013692535,2.3588804850278597,31
-1.171505122248794,2.2263554424612875,31
-1.1699937611405096,2.382943497033997,31
-1.30635920911676,2.1561206449431602,31
-2.977578109821985,1.3336276064251993,86
-2.9775781098221437,1.3336276064248707,86
-0.023242652613185505,2.739848347007923,17
-0.07072298665684694,2.771965585482111,17
-0.03939879950177982,2.758270315795068,17
-0.010736599102566934,2.774040189179461,17
-0.1300223335522636,2.697964156773587,17
-0.09441996913783812,2.509514391876881,17
-0.09076154318115798,2.6755403014568144,17
-0.09792005183054239,2.5498449641959224,17
-0.11338035128567486,2.6291804327501973,17
-0.32399279748651033,2.4638402759160187,17
-1.1068918389583586,-2.8572954246021514,77
-3.1943223239331053,0.4252010479782037,77
-1.489029054494116,2.8681874157282987,24
-1.517585487261189,2.792107799867671,24
-1.4842038755191005,2.8687352766743452,24
-1.4473427756019752,2.8925905976458353,24
-1.6099120704013785,2.775135215443953,24
-1.5657392738212197,2.752294173335667,24
-1.535615455086061,2.7847022640983536,24
-1.5574542582224369,2.6985995021588547,24
-1.5362347321833798,2.8022699181233377,24
-1.6770344988029369,2.622710558531437,24
-3.2515865992809756,1.674600103922734,86
-3.2515865992821933,1.6746001039205367,86
-0.8273760795622029,3.1206970699403236,17
-0.9120800138297387,3.0475195518944167,17
-0.8591494982109407,3.1143574821207944,17
-0.8344605651543482,3.056139670118577,17
-1.0039505228516565,2.9580916900369902,17
-0.9412406140201556,3.0235025944180696,17
-0.9475481073019686,3.036138529915309,17
-0.9564087057384587,3.0543586710696133,17
-0.9534337227709513,3.01216256619002,17
-1.1250671646504458,2.919132061652522,17
-3.1196952630845654,1.064259440350345,86
-3.119695263234825,1.064259439981162,86
1.051580711691415,-2.720892385278331,47
1.6764825152870038,-2.386127092390438,47
1.1393163889639157,-2.7371727853299967,47
-2.4823944146892662,1.361834860878048,47
1.068439994147473,-2.856378427057487,47
0.936449345910737,-2.7611882166722004,47
0.8950539145710611,-2.8202796928396774,47
0.9860264269972473,-2.791904205049792,47
0.9523579542441277,-2.762597255211618,47
-2.68500569597445,0.9021728458943995,47
4.035381216849588,-1.102905650595133,38
4.035382370848638,-1.1029007942676694,38
-2.8766510345999374,2.978566453572548,38
4.005882725696791,-1.13648569304995,38
1.1527470770617938,-2.813810265930059,47
1.2248361011967415,-2.8437288263864464,47
1.1526540204563263,-2.813851431668688,47
1.2248355856131548,-2.8437290625597944,47
-3.3072393174527797,0.3797614771986172,80
-3.3440351090229776,0.37389500597368086,80
-3.372874884885657,0.4442028967259533,80
-3.3593096473043125,0.40129573464726814,80
-3.3072393534656044,0.37976125006162287,80
-3.34403510752265,0.37389501581356854,80
-3.3728748856146917,0.44420289249496175,80
-3.3593097058064325,0.4012953650642301,80
-1.3295981160481118,1.9509471417550086,33
-1.373423911210423,1.9196801902244793,33
-1.3792054393056845,1.9790294988845842,33
-1.2919335673713686,1.9832189409855356,33
-1.328670788425156,1.9189298504167838,33
-1.2662426821744341,1.862321451560809,33
-1.2804554706834075,1.8507045848598813,33
-1.3214148273344906,1.832293686700983,33
-1.323275634834766,1.9092919710323943,33
-1.362297700334982,1.8233399872754026,33
-2.9484245112312677,0.5712853961722731,80
-3.2700491128686235,0.34722671820161544,80
-3.2671626668383045,0.42765247055010913,80
-3.341452572629806,0.5352485342347975,80
-3.257768216041217,0.5287688676747394,80
-2.948424491052716,0.5712854983280617,80
-3.2700491097791207,0.3472267405210805,80
-3.2671626667960147,0.42765247078816343,80
-3.34145257214221,0.535248536556857,80
-3.257768212649367,0.5287688825097098,80
-3.1560150794067114,-0.5648155499795696,80
-3.094657976441152,-0.5024213682399391,80
-3.164907623007676,-0.4953323618789069,80
-3.0984081327561497,-0.49645263350644303,80
-3.1560150946376044,-0.5648154688614869,80
-3.0946579745043725,-0.5024213831130084,80
-3.1649076169473185,-0.4953324019544796,80
-3.0984081340449716,-0.49645262348659386,80
0.07218746823497793,2.4140313677385774,15
-0.08158392207130605,2.3786424011943237,15
0.015043306806616905,2.474501349950262,15
0.054953221327425784,2.477570111978929,15
-0.06830416435067388,2.2897727387182805,15
0.15890981458197406,2.3022442777209866,15
0.060522051668811985,2.485002021627079,15
0.13849455829881982,2.357427216989736,15
0.07178057136898595,2.484805233116741,15
-0.10243814038343382,2.122407815470935,15
-2.897331301043607,-0.38797859570124604,80
-3.1814383459653595,-0.57640158156495,80
-3.1530941521303957,-0.5024068693389832,80
-3.2006955402535855,-0.4396868060576369,80
-3.025649593739129,-0.46638295393759577,80
-2.8973312826664617,-0.3879782112606328,80
-3.181438388421211,-0.5764013653592526,80
-3.1530941578464775,-0.5024068333075165,80
-3.2006955388916527,-0.4396868160306138,80
-3.02564960997953,-0.4663827008098862,80
-3.37068376135923,1.1699921687385353,84
-3.3997820656545272,1.1473895145536783,84
-3.4065157049214836,1.1902536738996192,84
-3.440626968814422,1.1915501920409926,84
-3.3706837613592295,1.1699921687385357,84
-3.399782065654495,1.1473895145537547,84
-3.4065157049216888,1.1902536738991283,84
-3.4406269688144193,1.191550192040997,84
-1.6600313053944415,2.505461069006344,25
-1.6753282389746271,2.5464485207736587,25
-1.6992739538743693,2.5700039430035035,25
-1.6365348764915064,2.6639255622530884,25
-1.6168426319854257,2.4799429250006013,25
-1.654247147184961,2.564711115497952,25
-1.6166447931682135,2.574919301546665,25
-1.6337206952027146,2.487503919572883,25
-1.6376309629127856,2.6416795664648456,25
-1.602190143722824,2.355621890665582,25
-3.1586494328865986,1.1801075991094256,84
-3.3632681392572517,1.1001984251977632,84
-3.331201743182317,1.1637375229016331,84
-3.336326693705287,1.2279214004650383,84
-3.2903011574391714,1.1975142545578867,84
-3.1586494328866404,1.18010759910932,84
-3.3632681392543042,1.100198425205065,84
-3.3312017431823193,1.1637375229016311,84
-3.3363266937008413,1.227921400474896,84
-3.29030115743917,1.1975142545578923,84
-3.0672378668373117,0.48623895496916153,83
-3.057725364974903,0.5554045031341016,83
-3.097132981761647,0.5631079825171802,83
-3.038869254675895,0.5364636673413253,83
-3.0672378668369316,0.48623895497083197,83
-3.057725364975365,0.555404503132347,83
-3.097132981762457,0.5631079825143682,83
-3.038869254675817,0.5364636673416354,83
-0.8514981568706212,2.754151491059462,18
-0.9263522177233512,2.8315967992387177,18
-0.9189354428512031,2.896484136871195,18
-0.8497668773525864,2.9104562029341507,18
-0.8614253148116802,2.7440807921297568,18
-0.92928100905983,2.7208640741717542,18
-0.8741973411967116,2.851211055094503,18
-0.9302577616507616,2.8274938038702597,18
-0.8812725966812781,2.8403713279121248,18
-0.9925941925410641,2.6669896757043317,18
-2.9416437218123206,0.6055755960220857,83
-3.090582594934276,0.4840916443937198,83
-3.0682813165657414,0.6077045053730279,83
-3.0981316081357573,0.6494979733105684,83
-2.946256826716894,0.5780125284838891,83
-2.941643721812319,0.6055755960220965,83
-3.090582594889104,0.4840916445830865,83
-3.0682813165657503,0.607704505373015,83
-3.0981316081356236,0.64949797331095,83
-2.9462568267168945,0.5780125284838884,83
-3.0694222573697396,0.4678775340595205,78
-3.0843844787656276,0.4718375835157201,78
-3.167764506968225,0.4934558108265673,78
-3.1231055507668026,0.4977750067865949,78
-3.069422257005676,0.46787753591228015,78
-3.0843844788175545,0.47183758330315767,78
-3.1677645069580223,0.49345581087760576,78
-3.123105551166098,0.4977750048952948,78
-0.7902286153976752,2.296343785628753,31
-0.8739998894881454,2.242347060628711,31
-0.8250077304348663,2.353086436949938,31
-0.6633572155043528,2.352719666813701,31
-0.9304571357463695,2.189448968667565,31
-0.7729962272549079,2.0617842278679266,31
-0.8186626475303155,2.160600643135379,31
-0.908825562040296,2.077738950377956,31
-0.8090229837376784,2.182715409393436,31
-1.0302172929898044,1.9336975033066244,31
-2.9388307744529256,0.6736921559931492,78
-3.0940272649189406,0.4506968222857982,78
-3.0491565304024193,0.5050261851930204,78
-3.129091822089361,0.5936223497550711,78
-3.0788742683853596,0.6242418553455787,78
-2.9388307744482383,0.6736921560154453,78
-3.0940272649474374,0.4506968221432263,78
-3.0491565255595763,0.5050262028792002,78
-3.1290917770124573,0.5936224779745858,78
-3.0788742782074543,0.6242418274595861,78
-3.159433155422191,-0.38608090605574596,77
-3.0584288861235387,-0.31946392082911085,77
-3.1523829031732977,-0.3595506565328364,77
-3.147746537691287,-0.3263879043465279,77
-3.159433155428666,-0.386080905993516,77
-3.0584288861354207,-0.31946392040689886,77
-3.1523829031857686,-0.3595506564031077,77
-3.1477465376960643,-0.32638790428971387,77
0.3675813233258036,2.4513444706210463,17
0.30787415291010006,2.47330048743129,17
0.34970780336620794,2.4733380085044785,17
0.3788816173643023,2.5258712731125095,17
0.25523421289796827,2.380811092545934,17
0.34308753926667973,2.255142340179279,17
0.3939404114293472,2.5235257558553164,17
0.343570092210167,2.299060694798931,17
0.35388964641241427,2.4875678640814063,17
0.20566644649614255,2.2060200133531156,17
-3.108088059023063,-0.3043174096332736,77
-3.2111389412398395,-0.3948022749015808,77
-3.100991629741975,-0.3600393190152763,77
-3.1589494538603766,-0.34379843611132244,77
-3.116473059175991,-0.31006897233465797,77
-3.108088045779876,-0.3043175768387718,77
-3.2111389408773645,-0.3948022781520506,77
-3.1009916298130293,-0.3600393179444663,77
-3.158949453802333,-0.3437984367147869,77
-3.11647305924566,-0.3100689712552243,77
-3.168048266927326,1.0586093549212003,88
-3.19350528201177,1.0053905137906323,88
-3.2142399987703887,1.0598780641825092,88
-3.286050611695252,1.042043559907437,88
-3.168048266927329,1.0586093549212008,88
-3.193505282011768,1.0053905137906318,88
-3.2142399987703865,1.0598780641825118,88
-3.286050611695251,1.0420435599074396,88
-1.2985949786859319,2.4958404443323077,24
-1.2618837043556625,2.4798485212419767,24
-1.2904601286800947,2.5140478227057916,24
-1.2144714505367775,2.569722225291272,24
-1.3125174834667388,2.4710862945461067,24
-1.2647884763609991,2.483715952375687,24
-1.2540005832506003,2.5228266677794826,24
-1.2924696810916578,2.439047469795511,24
-1.2594477831301498,2.5556395153189366,24
-1.35755223767893,2.329310945726013,24
-3.2121339679646588,1.0774740056985377,88
-3.1704653277417822,1.012294882053832,88
-3.1684352348023417,1.0368289714436008,88
-3.1801985997800224,1.1053588745931735,88
-3.2108971894767415,1.1128328521721742,88
-3.2121339679654017,1.0774740056968202,88
-3.1704653277417805,1.012294882053833,88
-3.168435234802337,1.0368289714436127,88
-3.1801985997800224,1.1053588745931748,88
-3.2108971894767513,1.1128328521721458,88
-3.050731388137644,0.39971622341410473,87
-2.9953191030855892,0.5036313868800527,87
-3.071471828223593,0.42702944829016753,87
-3.021741361165101,0.4768008480804499,87
-3.0507313881376295,0.3997162234141489,87
-2.995319103086117,0.503631386878139,87
-3.0714718282235283,0.4270294482904376,87
-3.021741361158846,0.47680084810671247,87
-0.396936057181351,2.7747761753629154,17
-0.410000282987871,2.8035810666832837,17
-0.4056143643816793,2.8244359369645,17
-0.36822793714969754,2.802933027326993,17
-0.44772950806564765,2.6449572186776265,17
-0.4578012594766923,2.7288010233944147,17
-0.4249786587513717,2.802666190085592,17
-0.4721152866195997,2.8032505766810574,17
-0.44576345268280526,2.7786226058740624,17
-0.5800411905099533,2.6402733536488077,17
-3.1625395090775568,0.5103252067262506,87
-3.0630048456597367,0.36964259288417267,87
-3.022351263986088,0.4797998533234256,87
-3.0450555328648203,0.45179883124349596,87
-2.9484738877296564,0.5210262761824888,87
-3.162539509092172,0.5103252066498438,87
-3.0630048456598544,0.3696425928836763,87
-3.0223512639860206,0.4797998533236856,87
-3.0450555328614732,0.45179883125725134,87
-2.9484738877298664,0.5210262761816424,87
3.5123118639909956,-0.9812513322141337,38
-2.562191674106038,2.67924297615476,38
-2.5720091398341944,2.632222245342882,38
-2.63216264079118,2.692618730560724,38
3.512311854276651,-0.9812513655728969,38
3.6186414278673698,-0.9590834436565658,38
-2.572009139815429,2.6322222453643795,38
-2.6321626406759373,2.692618730690574,38
1.4512965041242112,-1.8303908967517482,47
1.5456569535768783,-1.7110877078930073,47
1.5072475194786699,-1.7821455616839437,47
1.6248156537391603,-1.7527720158588433,47
1.1705066679801874,-2.379328637915537,47
1.387431102998345,-1.8983265758522407,47
1.1256036214692389,-2.1864228149201757,47
1.2547010036508528,-2.0233981757061645,47
1.2908149736605372,-2.0345835246475437,47
1.0392812870429258,-2.4049400565302186,47
3.751927786244179,-0.8782196813032023,38
-2.6233181767200415,2.726598464834788,38
3.5653588344412475,-0.992180967192997,38
3.648437305713827,-0.9728545763875377,38
-2.6977793176904004,2.58880310171953,38
3.751927786244305,-0.87821968130249,38
3.6824185019245554,-0.9708889731194655,38
3.5653588404358607,-0.9921809396866544,38
3.6484373061898654,-0.9728545739886343,38
3.6069735521482746,-1.0973501576722147,38
3.69559223190604,-0.8638623116450357,38
3.411921159189553,-0.8632470675341415,38
3.471271874787312,-0.8749550143195536,38
3.556152917135425,-0.8480693728136252,38
3.5256271160090296,-0.8675507411043323,38
-2.5811737798595966,2.75983817426705,38
-2.534682659498467,2.4692564752453574,38
3.4712718747953697,-0.8749550142965752,38
3.556152917123673,-0.8480693728499036,38
3.5256271160090304,-0.867550741104331,38
1.491605780828625,-1.9680685331321948,47
1.5465532281214558,-2.167863237627935,47
1.3754248244165352,-1.8501754085566922,47
1.5722277741648536,-2.0466432179680814,47
1.3216022793031224,-2.047334575624059,47
1.5157115332062674,-2.190290844717184,47
1.2538234088679179,-2.10237531395728,47
1.6707078135758748,-2.1275823096402307,47
1.4267909638808531,-1.875388223309645,47
1.58024867343072,-2.1280216235756386,47
1.4916065685692192,-1.9680677986956931,47
1.5465540271323837,-2.1678625671748755,47
1.3754248863714318,-1.8501753455205272,47
1.5722280584068604,-2.046642950837331,47
1.321605137907067,-2.0473319741158518,47
1.5157397179077932,-2.190267111153059,47
1.2555836306110542,-2.10069861192802,47
1.6707078070312074,-2.12758231674908,47
1.4267909702940442,-1.8753882169926812,47
1.5802237066190041,-2.1280444267764707,47
-2.8094562899139555,-0.8782449392401601,81
-2.877709084485353,-0.8662124570497688,81
-2.7846900794246996,-0.8208496084883944,81
-2.870000827906925,-0.8545724345417218,81
-2.8094562899139364,-0.8782449392402005,81
-2.877709084483892,-0.8662124570531635,81
-2.7846900794246867,-0.8208496084884219,81
-2.870000827906406,-0.854572434542885,81
0.3011708273383738,0.8563216065904821,37
0.20952192765193678,0.8690175162829065,37
0.2743589074747095,0.8535205297903956,37
0.2228055473185042,0.920727190271036,37
0.24708073114480048,0.8029119726128336,37
0.35962118947416516,0.8209372586175343,37
0.3069897118957657,0.8810811166042207,37
0.3081478198100555,0.8107391417793067,37
0.2608842783195818,0.9180828621268162,37
0.23015380803514587,0.7965572444590643,37
-2.656261804806075,-0.8831477501168035,81
-2.650135265843955,-0.8480181770672923,81
-2.779269865515519,-0.8257631529223207,81
-2.7582728766144666,-0.776645927624892,81
-2.7173426058904484,-0.811682653320917,81
-2.6562618048055384,-0.8831477501180565,81
-2.6501352658439528,-0.8480181770672941,81
-2.7792698655155226,-0.8257631529223095,81
-2.7582728766144666,-0.7766459276248929,81
-2.7173426058904395,-0.8116826533209318,81
-2.732188925496327,-1.2459593884390472,82
-2.69394380769882,-1.258892167624855,82
-2.5750835105747325,-1.2413208846676427,82
-2.655333381953501,-1.277898837059859,82
-2.7321889251484013,-1.2459593888526754,82
-2.6939438076409257,-1.2588921676915044,82
-2.575083510334458,-1.241320884922906,82
-2.6553333818701037,-1.2778988371514775,82
1.2598654544039358,0.7183188622429767,19
1.0767787567462275,0.7038832080461339,19
1.1832251546641244,0.6566113908831175,19
1.1519974929058014,0.7950529979624017,19
1.083687107035104,0.6543590811954668,19
1.3177827322326692,0.6851168592751014,19
1.2394033278933074,0.7329860166273888,19
1.2528882256683422,0.6035958992787738,19
1.205483891264764,0.7839721155169128,19
1.107917211903448,0.6091931120215511,19
-2.3182494916424536,-1.2823982829272498,82
-2.552793693060475,-1.2798081952323406,82
-2.5345054474310666,-1.2633674348798885,82
-2.563587042031237,-1.1710721972890799,82
-2.3190539501256398,-1.3244519873036917,82
-2.318249492059268,-1.2823982824587274,82
-2.552793693043377,-1.2798081952505556,82
-2.534505447158429,-1.263367435177058,82
-2.5635870420217537,-1.171072197299226,82
-2.3190539501053773,-1.3244519873261735,82
-2.7844128779753636,0.24558219456346247,85
-2.8804857026581954,0.17447872632000352,85
-2.777391189412103,0.20939023874629215,85
-2.8957687279889206,0.21198781105517073,85
-2.784412877975364,0.24558219456346228,85
-2.880485702658195,0.17447872632000347,85
-2.7773911894121026,0.2093902387462922,85
-2.8957687279889215,0.21198781105516992,85
-0.6383315675724588,1.8180356220808407,29
-0.7151738448575855,1.8477964701396945,29
-0.679209347046898,1.8035765274408404,29
-0.7083222779774867,1.9167950149358202,29
-0.6807225409960775,1.7812692361833002,29
-0.6334475666964244,1.9517895117242334,29
-0.6617906692005685,1.9752088106103627,29
-0.6691961379891412,1.8881253624791199,29
-0.7385708403505298,2.0433210931509467,29
-0.6980414743926784,1.8636572034179908,29
-2.6909085225700213,0.22914458070882252,85
-2.747247638528954,0.16657933055631652,85
-2.7832282181334183,0.17813767130124727,85
-2.7388011256225773,0.23562729191984094,85
-2.7955609767633725,0.17322024187924256,85
-2.690908522570021,0.22914458070882257,85
-2.7472476385289535,0.1665793305563162,85
-2.7832282181334165,0.1781376713012472,85
-2.7388011256225777,0.23562729191984072,85
-2.795560976763374,0.1732202418792427,85
-2.802948631479835,-0.4516381170896225,83
-2.835101784193302,-0.5127172599726232,83
-2.7756185883535665,-0.4240007855901766,83
-2.8361337863186877,-0.5252571638274013,83
-2.8029486314798393,-0.4516381170896266,83
-2.8351017841944115,-0.5127172599624844,83
-2.7756185883535682,-0.4240007855901773,83
-2.8361337863185727,-0.5252571638291518,83
0.22845291216373348,2.233755562276495,21
0.1207924048508608,2.3157784976091,21
0.19089218765749263,2.2525222620475094,21
0.16698936055698427,2.3250922400281175,21
0.13675660512141374,2.154109345645225,21
0.3317511254628411,2.4543966992313253,21
0.30830381781618166,2.4680802840914433,21
0.32173124601657294,2.4229430185312477,21
0.26696285863441943,2.4898157834343997,21
0.17769427693192708,2.3191881378369725,21
-2.653597158990546,-0.40057827362422904,83
-2.8099866467911934,-0.45719368755761414,83
-2.7565077835221685,-0.46768297628357935,83
-2.741609867653839,-0.3663465717074591,83
-2.7299830146732997,-0.4572499010472057,83
-2.653597158990548,-0.40057827362422893,83
-2.809986646791192,-0.457193687557619,83
-2.756507783522165,-0.46768297628357963,83
-2.741609867653838,-0.36634657170745943,83
-2.7299830146733024,-0.4572499010472053,83
-2.412600496058438,-0.7163154394530759,79
-2.4269330575481693,-0.6962990911854637,79
-2.373336839944004,-0.6652733042318738,79
-2.4166231864425094,-0.6956566979692779,79
-2.4126004960584373,-0.7163154394530875,79
-2.426933057548169,-0.6962990911854703,79
-2.3733368399440047,-0.6652733042318727,79
-2.416623186442511,-0.6956566979692701,79
0.420510807538816,1.2127149471378822,35
0.35013983181510433,1.1156517062739857,35
0.41248590693461756,1.1893902595064065,35
0.4604696820703805,1.2326602153413664,35
0.36617071044014976,1.0654731124634291,35
0.4885160755862091,1.190575053902947,35
0.4678205153705631,1.1539802076835732,35
0.45187229211652213,1.1118955828218082,35
0.45351420962293637,1.2139080117537417,35
0.374787684329145,1.030712674240208,35
-2.3522469033535014,-0.6959598704074627,79
-2.3688453898478588,-0.715500081226291,79
-2.4036456195720004,-0.6941835987855951,79
-2.419573843643846,-0.6379848413187121,79
-2.4234130617303555,-0.7160023859391612,79
-2.352246903358615,-0.695959870392523,79
-2.368845389847845,-0.715500081226334,79
-2.403645619571991,-0.6941835987856101,79
-2.4195738436437493,-0.6379848413190079,79
-2.423413061730356,-0.7160023859391476,79
-2.4943093534259058,-1.1567344319809136,77
-2.3656519976813315,-1.2154043364139686,77
-2.336355630181269,-1.1734545464588917,77
-2.390251550027015,-1.2194694525900243,77
-2.494309353425932,-1.156734431980888,77
-2.3656519976811134,-1.215404336414213,77
-2.33635563018127,-1.1734545464588912,77
-2.3902515500260257,-1.2194694525911343,77
1.2863518084498815,1.3593725944836073,20
1.1625120018931792,1.2696731608332137,20
1.231327401626535,1.3024866306539633,20
1.2260017796133795,1.4318701442699517,20
1.1382029972288938,1.117712758004552,20
1.3430336470599054,1.324119553805091,20
1.3500859510194096,1.3846573268447275,20
1.3559243605761433,1.2644891467503552,20
1.3380470460977774,1.500516611595365,20
1.222352018668958,1.1116009510014173,20
-2.2407944916247873,-1.238765845420291,77
-2.456384170372323,-1.1928446153643526,77
-2.32556985864316,-1.2059205251087195,77
-2.419622414702006,-1.1270498949553027,77
-2.2966061879613857,-1.2041026939380213,77
-2.2407944916576077,-1.2387658453791965,77
-2.4563841703724587,-1.1928446153642114,77
-2.325569858643506,-1.205920525108324,77
-2.41962241470228,-1.1270498949550114,77
-2.296606187961825,-1.2041026939374684,77
-2.689728932220819,0.07429634771842632,89
-2.77468225139825,0.01658039215852308,89
-2.663367928827139,0.040810683945464964,89
-2.8147295995851924,0.04746254536990618,89
-2.6897289322208198,0.07429634771842637,89
-2.7746822513982496,0.016580392158523125,89
-2.663367928827139,0.04081068394546507,89
-2.814729599585191,0.04746254536990681,89
-0.308215736654259,1.8624765538083135,27
-0.36005057358821035,1.7435189679882086,27
-0.32806426722100895,1.7889122361074854,27
-0.2931061974503498,1.8379579509767996,27
-0.34469953472413883,1.6947485315263375,27
-0.23906571705212273,1.8984148520800814,27
-0.26424423404830266,1.8527216576897199,27
-0.28646456737141235,1.8150421812561797,27
-0.2844749633804954,1.8874614088843407,27
-0.3303566477780735,1.7365371209907536,27
-2.7497095316251077,0.06951642218086902,89
-2.656056820193735,-0.008239783384859114,89
-2.7404111582951707,-0.0012218332443757506,89
-2.6699395285780545,0.07278468384740366,89
-2.7639600603922814,-0.0034146989747731098,89
-2.7497095316250677,0.06951642218130488,89
-2.6560568201937342,-0.008239783384860032,89
-2.740411158295171,-0.0012218332443755843,89
-2.6699395285780554,0.07278468384740368,89
-2.763960060392284,-0.0034146989747829678,89
-2.822682215652375,-0.5007540398719157,87
-2.8045185071825283,-0.570644203846245,87
-2.8016671885918374,-0.5235417553328225,87
-2.8196346688680682,-0.588520960542696,87
-2.8226822156434164,-0.5007540399473936,87
-2.804518507182527,-0.570644203846257,87
-2.8016671885918507,-0.5235417553327145,87
-2.819634668868252,-0.5885209605415557,87
0.5500453288740943,2.285033593673102,22
0.42084783633450623,2.2888203697161194,22
0.48929453585579,2.296215380805304,22
0.47863499125528886,2.297388489688304,22
0.4130654403824679,2.1456353370370134,22
0.6197733797461767,2.388724224106835,22
0.5695171677989586,2.388037601040153,22
0.5906116575896406,2.39946586736646,22
0.5400400415786106,2.387209107236663,22
0.49890546440462097,2.362756192284376,22
-2.814472892700441,-0.5704488164787545,87
-2.811206813230319,-0.6130631561094473,87
-2.7364081856228197,-0.5132298224721051,87
-2.7675903213557893,-0.4379563178323157,87
-2.744211569096745,-0.5566497094122106,87
-2.8144728926712683,-0.5704488166918005,87
-2.8112068132309176,-0.6130631561062239,87
-2.7364081856228424,-0.5132298224718943,87
-2.767590321355796,-0.4379563178322761,87
-2.7442115690965476,-0.5566497094139264,87
3.0155016840217193,-1.2737852263324019,40
3.2878015628584727,-1.3615223160541607,40
-2.154838817201004,2.305851813740218,40
3.245274795818835,-1.307765964601063,40
3.0155016840217166,-1.2737852263324212,40
3.287801562813694,-1.3615223161906491,40
3.193621568847756,-1.3188453358484942,40
3.2452747958215897,-1.3077659645923332,40
1.3498514791243703,-2.3817512357726622,49
1.4074118599960603,-2.17875835696637,49
1.408335994442348,-2.2423824600956648,49
1.5475967009220608,-2.189463792137189,49
1.347986243090759,-2.5499302765891922,49
1.2829653477160734,-2.384383660081299,49
1.2566565148917177,-2.3760686883303843,49
1.3033797628017905,-2.354137081643564,49
1.3534260200584878,-2.3501389566686783,49
1.2616955864956145,-2.566611049001858,49
3.198866015732308,-1.2327407647561706,40
3.0454458673968596,-1.218624435300814,40
3.1852435297597705,-1.263321700071333,40
3.120257642045521,-1.2396920452608553,40
3.181413338863534,-1.2653482481191816,40
3.1988660157321487,-1.2327407647566575,40
3.04544586739686,-1.218624435300809,40
3.1852435297597608,-1.2633217000713535,40
3.120257642045533,-1.2396920452608229,40
3.1814133388640515,-1.2653482481175533,40
3.225316591234262,-1.287615207203403,40
3.0563950110910514,-1.2494872628969194,40
3.189061688337712,-1.2944861827508178,40
3.2654662162729973,-1.2531691500051723,40
3.2245882565896125,-1.2664482629763794,40
3.2253165912341633,-1.2876152072037308,40
3.056395011091056,-1.2494872628969091,40
3.189061688334818,-1.2944861827594756,40
3.2654662162731998,-1.2531691500045044,40
3.2245882565898123,-1.266448262975768,40
1.2441943428816202,-2.446987711460347,49
1.352884024502932,-2.554812026235206,49
1.2519559847647148,-2.256904670665698,49
1.4308006060394352,-2.4341583343989153,49
1.2669007793743892,-2.368820555928119,49
1.3898171394144954,-2.544917315842053,49
1.2004980990972784,-2.3213125811624016,49
1.5156820889309877,-2.302849121769052,49
1.2902269431145648,-2.3291740070114386,49
1.4115621853276235,-2.5469590467932077,49
1.244194342881618,-2.4469877114603484,49
1.3528840245025504,-2.5548120262354446,49
1.2519559847645985,-2.256904670665795,49
1.4308006057268852,-2.4341583346071998,49
1.2669007793744322,-2.368820555928083,49
1.389817139254316,-2.5449173159433753,49
1.2004980990972702,-2.321312581162408,49
1.515682088902869,-2.3028491217902536,49
1.2902269431150934,-2.329174007011019,49
1.411562188943452,-2.546959044552894,49
-2.7268956355652914,-0.935539809401518,81
-2.7347963550691716,-0.8898457609362369,81
-2.6967651261045695,-0.862838458210284,81
-2.7165072779380983,-0.8689144271229763,81
-2.7268956355652834,-0.9355398094015175,81
-2.734796355069177,-0.8898457609362204,81
-2.696765126104569,-0.862838458210282,81
-2.7165072779381,-0.8689144271229736,81
0.41202204771569434,0.7877988302727053,37
0.2942463591368323,0.8060915914410275,37
0.3777980345804729,0.7693166858370871,37
0.3239183727930338,0.8365561190250915,37
0.3425065602698008,0.7348047680763791,37
0.4586047674692891,0.7548643473389051,37
0.4084211445133123,0.8206099024914568,37
0.4009878597512498,0.7523152914808722,37
0.3547323732125317,0.85280486174964,37
0.32157891367019725,0.7419247190249161,37
-2.391982222537972,-0.860602928014798,81
-2.5850880200881963,-0.8979282741418447,81
-2.632176200319088,-0.8436491621151693,81
-2.682946374066656,-0.81820570087614,81
-2.559408837605514,-0.8099618314107494,81
-2.3919822225375302,-0.8606029280155661,81
-2.5850880200881967,-0.8979282741418457,81
-2.632176200319085,-0.8436491621151807,81
-2.682946374066649,-0.8182057008761645,81
-2.559408837605475,-0.8099618314109315,81
-2.7112641801514914,-1.2713947121881137,82
-2.5882628838483934,-1.2857567905878002,82
-2.5596579615383357,-1.2720467560688287,82
-2.550031310714293,-1.3124898947316495,82
-2.7112641800987776,-1.2713947122515394,82
-2.5882628835335155,-1.2857567909331489,82
-2.5596579614938646,-1.2720467561176703,82
-2.5500313106511334,-1.3124898948022725,82
1.2989204778565162,0.6852633491979727,19
1.106051845721967,0.6649799791503723,19
1.2179666171318548,0.6173811639747872,19
1.1517323961349955,0.73966410166003,19
1.12151295074084,0.6230466288831247,19
1.336348060763197,0.6645946237356734,19
1.2438471474160462,0.6994582324980896,19
1.2619223339616812,0.5891449186718541,19
1.2177138595496892,0.7539579570085669,19
1.132444522277029,0.5900107973860067,19
-2.1353902363489583,-1.310457094517791,82
-2.5307182646046185,-1.3223395615556075,82
-2.4026699264109204,-1.3033331997271203,82
-2.520697950719771,-1.2044924020329661,82
-2.240233336403418,-1.3444525548087516,82
-2.135390236344662,-1.3104570945232776,82
-2.5307182642877,-1.322339561915414,82
-2.402669926658511,-1.3033331994588464,82
-2.5206979507281977,-1.2044924020238352,82
-2.2402333364131093,-1.3444525547972157,82
-2.76713023555484,0.17461860096039244,85
-2.8491975443436073,0.11105348465881977,85
-2.74331984120464,0.15895642603610985,85
-2.8631880791749267,0.15044791385534997,85
-2.7671302355548395,0.17461860096039253,85
-2.849197544343609,0.11105348465881948,85
-2.7433198412046393,0.15895642603610954,85
-2.8631880791749245,0.15044791385535028,85
-0.5622401359380759,1.8028533003952725,29
-0.6440921932317643,1.7913723338668732,29
-0.6145644300487766,1.7707389746016926,29
-0.6439787714587956,1.8474265729912598,29
-0.6184493069591159,1.7310611103466762,29
-0.5650004959619253,1.9335438497815527,29
-0.6035641478959609,1.9428026681507655,29
-0.5935176679336115,1.8473733352869175,29
-0.6639416359935726,1.9912102400907057,29
-0.6596999006421292,1.8378907534273912,29
-2.6311617287090296,0.16815762617668326,85
-2.7362164108935634,0.09788434545887434,85
-2.738295290712776,0.13408237605238574,85
-2.7072056952552632,0.18588206176506056,85
-2.7155742656657007,0.15547483945925347,85
-2.63116172870903,0.16815762617668392,85
-2.7362164108935607,0.09788434545887403,85
-2.738295290712775,0.13408237605238585,85
-2.707205695255263,0.18588206176506117,85
-2.7155742656657034,0.15547483945925317,85
-2.7957208334386974,-0.5003566230740035,83
-2.7948030879400534,-0.5064107709739702,83
-2.7714531324202905,-0.4669972311282926,83
-2.7982646848616675,-0.5146025815406019,83
-2.7957208334385486,-0.5003566230748863,83
-2.794803087940043,-0.5064107709740499,83
-2.7714531324202905,-0.4669972311282982,83
-2.798264684861792,-0.5146025815395894,83
0.3375571433136064,2.1975909863282976,21
0.19568109400296083,2.2107659074576747,21
0.2752936031259372,2.154519840111649,21
0.24710943551229791,2.2119808794630975,21
0.214102122013312,2.057136343243926,21
0.3797075383267179,2.3244194080051277,21
0.35921922624239727,2.3657492224424232,21
0.3785284063019994,2.3277286738894207,21
0.3278368392832022,2.3997782296375507,21
0.2536432251894869,2.256058006537128,21
-2.5515284134393235,-0.40345596376836934,83
-2.7927198316142325,-0.5155552451180058,83
-2.7130554958789115,-0.47981575008684046,83
-2.7419615220897455,-0.38542423652883795,83
-2.698299377555154,-0.46871506944997865,83
-2.5515284134393226,-0.40345596376836945,83
-2.792719831614256,-0.5155552451177983,83
-2.7130554958789133,-0.4798157500868573,83
-2.7419615220897455,-0.38542423652883806,83
-2.6982993775551827,-0.4687150694499585,83
-2.3392599300696166,-0.7419986000066183,79
-2.3137999343096465,-0.71062171390274,79
-2.2892588476345606,-0.6861935750248574,79
-2.309974799760945,-0.706203146913384,79
-2.3392599300696175,-0.7419986000066191,79
-2.313799934309647,-0.710621713902741,79
-2.28925884763456,-0.686193575024857,79
-2.3099747997609485,-0.7062031469133819,79
0.5472211265409246,1.1769753464407366,35
0.46360895389901075,1.0613489145596322,35
0.545706139447576,1.1311918449399698,35
0.5739010891609473,1.16246060428062,35
0.4912242528038108,1.018244984316204,35
0.6368773610964925,1.1425264407239908,35
0.62217748539438,1.117086428966383,35
0.5989208708455152,1.0604175761773351,35
0.6173695212616758,1.16955454349777,35
0.505221217837542,0.9933209958057583,35
-2.19812594139625,-0.6816677154503349,79
-2.2920779537542755,-0.7561180454876731,79
-2.2520639318018687,-0.6849250203839283,79
-2.304995999492971,-0.6745410207582895,79
-2.2599757733693315,-0.6956513848856564,79
-2.198125941396252,-0.6816677154503263,79
-2.2920779537542737,-0.7561180454876755,79
-2.2520639318018665,-0.6849250203839299,79
-2.304995999492971,-0.6745410207582886,79
-2.2599757733693315,-0.695651384885654,79
-2.44522955984639,-1.1817839657344718,77
-2.2610097037379244,-1.1960236234567592,77
-2.281340234382622,-1.2035103648088958,77
-2.289028034097708,-1.2062501408878303,77
-2.445229559846408,-1.1817839657344564,77
-2.2610097037379258,-1.1960236234567583,77
-2.2813402343826024,-1.2035103648089236,77
-2.289028034097694,-1.2062501408878457,77
1.3946967664688041,1.313485165070791,20
1.2497294637992238,1.2298367073742382,20
1.3218929132454356,1.2551919560711695,20
1.3100320504718859,1.3762815724707613,20
1.2243405997089327,1.0931240739361752,20
1.4235099165482943,1.2565222945400791,20
1.4298851787643105,1.3215978534241146,20
1.4501639650492766,1.2315219332290561,20
1.4254871321412672,1.4712542208569503,20
1.2934383648220853,1.1231503490601804,20
-2.171448453999916,-1.2094751107533304,77
-2.4052356962281625,-1.228572826286887,77
-2.2083040234104656,-1.2022960819329342,77
-2.346276479675177,-1.1619217147145577,77
-2.1637190791558374,-1.1933051365646568,77
-2.171448453999099,-1.209475110754431,77
-2.405235696229458,-1.2285728262854072,77
-2.208304023410466,-1.2022960819329316,77
-2.346276479675296,-1.1619217147144225,77
-2.163719079155817,-1.1933051365646923,77
-2.662471325284651,0.03195569077245943,89
-2.732422097796534,-0.021777890271246197,89
-2.6223823360339575,0.005033202406190032,89
-2.7690570925664884,0.022353871760436843,89
-2.6624713252846517,0.031955690772459355,89
-2.7324220977965323,-0.02177789027124615,89
-2.622382336033958,0.005033202406190132,89
-2.769057092566487,0.022353871760436926,89
-0.23624407216019191,1.8281913639423382,27
-0.28135467496311534,1.7043752718762404,27
-0.2571264838998735,1.7564048052802466,27
-0.2255627457171349,1.799250780089696,27
-0.26750234350457847,1.6525106023190592,27
-0.16185500373951356,1.847729251424015,27
-0.1992843783146679,1.8189858701398394,27
-0.21643765252563377,1.7785907115172586,27
-0.20880046928277277,1.843980826962299,27
-0.2558416521935132,1.6947705300714324,27
-2.6993352081294,-0.011216636087701964,89
-2.624237443151376,-0.0639330143997908,89
-2.6962156342167574,-0.03178722394233881,89
-2.6086334003757456,0.03830089039252923,89
-2.6542157311776626,-0.010789341705527268,89
-2.699335208129405,-0.011216636087689347,89
-2.6242374431513755,-0.06393301439979078,89
-2.696215634216757,-0.03178722394233868,89
-2.608633400375746,0.03830089039252946,89
-2.6542157311776635,-0.010789341705527374,89
-2.8311129747077572,-0.5327719873596635,87
-2.7801242327588227,-0.5580497643317502,87
-2.7700965752572477,-0.5673846114923246,87
-2.811179756993132,-0.576269000624165,87
-2.8311129747150106,-0.5327719873088985,87
-2.7801242327587916,-0.5580497643320524,87
-2.770096575257346,-0.5673846114914561,87
-2.811179756993038,-0.576269000624953,87
0.6346951517309617,2.2340425733796705,22
0.514654302085437,2.2592576348960653,22
0.5542991897604029,2.2122797160706456,22
0.5565370272424522,2.231866051433075,22
0.5104194534134548,2.112878405430618,22
0.6862711606330876,2.3098739811021787,22
0.6328803341139271,2.3198224528134297,22
0.6476247049972056,2.3282619662709023,22
0.5953679449716807,2.303894218936565,22
0.5825425275840934,2.324148517658841,22
-2.742979814216418,-0.584677874570939,87
-2.822388469257108,-0.6550129150929198,87
-2.6774971045136913,-0.5135835823965221,87
-2.724896839522441,-0.4824181828293733,87
-2.680875433434742,-0.532796866724134,87
-2.742979814228588,-0.5846778744777941,87
-2.8223884692571017,-0.6550129150929597,87
-2.6774971045136855,-0.5135835823966061,87
-2.724896839522536,-0.4824181828285213,87
-2.68087543343478,-0.5327968667237966,87
2.8710293445944752,-1.278267899259187,40
3.1860739564135123,-1.3981234430646359,40
3.078243236601315,-1.315538040513929,40
3.141061491896011,-1.319123390203233,40
2.871029344594478,-1.2782678992591863,40
3.1860739564170384,-1.3981234430537168,40
3.07824323660131,-1.315538040513949,40
-2.1336884933382136,2.2276131872551064,40
1.3718725252392803,-2.4527942841401567,49
1.4319354318141035,-2.15335122886494,49
1.4567484190649123,-2.2772068820205464,49
1.5713202290555564,-2.1891423952381803,49
1.3521743115582392,-2.5171839057650063,49
1.3092305651093605,-2.442741632666903,49
1.3135247803462224,-2.324821875435158,49
1.3629951696738274,-2.363753142727797,49
1.418583523709511,-2.2953369228962726,49
1.2716188819665608,-2.5346537022881788,49
3.051987271014548,-1.2657074803518418,40
2.9103402468678077,-1.2412749185703071,40
3.065213801640938,-1.2762396292862312,40
3.010889736538172,-1.2451015635524783,40
3.0461516740828603,-1.2580414069466643,40
3.0519872710146383,-1.2657074803516013,40
2.9103402468678077,-1.241274918570308,40
3.06521380164131,-1.2762396292851224,40
3.0108897365381666,-1.2451015635524834,40
3.0461516740828904,-1.258041406946561,40
3.11742571144524,-1.2953976333311579,40
2.9716138615467735,-1.283387291053056,40
3.105683991213084,-1.3232664519001816,40
3.204689164757024,-1.2947471253478513,40
3.1327657936953885,-1.2964316775206428,40
-2.010907151232466,2.1500982089676173,40
2.971613861546771,-1.2833872910530593,40
3.1056839912130547,-1.3232664519002786,40
3.204689164762529,-1.29474712533096,40
3.1327657936952797,-1.296431677520964,40
1.266967935747395,-2.4393148541523804,49
1.3630186210409836,-2.5042298092463326,49
1.2641959984291073,-2.2232943347736724,49
1.4460699806778394,-2.3724689400478183,49
1.3083944372340246,-2.3540851931303597,49
1.3901378093043772,-2.457485613200334,49
1.239156997782744,-2.3163403048058306,49
1.4832416089013212,-2.2338025939678015,49
1.3035556354362816,-2.3276756573536246,49
1.4247088921112325,-2.410034352236973,49
1.266967935747393,-2.439314854152382,49
1.3630186210409936,-2.5042298092463295,49
1.2641959984290911,-2.223294334773684,49
1.4460699806050024,-2.3724689401006933,49
1.3083944372340055,-2.3540851931303752,49
1.3901378093542234,-2.457485613167874,49
1.2391569977827461,-2.3163403048058293,49
1.4832416089014904,-2.233802593967666,49
1.3035556354362359,-2.3276756573536606,49
1.4247088921001068,-2.4100343522446965,49
-1.9501606684454857,-1.7394020016114051,81
-1.9630789189471503,-1.7299397858446928,81
-1.9729541170741118,-1.6758361302453217,81
-1.9169574132599692,-1.687236896099509,81
-1.950160668445485,-1.7394020016114047,81
-1.963078918947148,-1.7299397858446977,81
-1.9729541170741103,-1.6758361302453202,81
-1.9169574132599703,-1.6872368960995094,81
0.8791029568112259,0.6747737258053914,37
0.7354372765965117,0.6632103704508694,37
0.8206083857171493,0.6589422248188979,37
0.7788459145368297,0.7051105408325787,37
0.793773502412215,0.583522972726322,37
0.909471331039916,0.6078902343043283,37
0.8664571712495303,0.6933752880078282,37
0.8348517238609523,0.6207432116384859,37
0.8279827128896663,0.7077533353175502,37
0.7267669916608606,0.5748676871527835,37
-1.733774344314281,-1.8301362391378695,81
-1.9137772350594353,-1.6982402856982162,81
-1.900201299239392,-1.7059689519958972,81
-1.9695715224960748,-1.61682627032694,81
-1.842326503751336,-1.6817407558418875,81
-1.7337743443142823,-1.8301362391378695,81
-1.9137772350594366,-1.6982402856982153,81
-1.9002012992393933,-1.7059689519958983,81
-1.9695715224960757,-1.6168262703269407,81
-1.8423265037513343,-1.6817407558418866,81
-1.7664007835486841,-2.3717975929417783,82
-1.7516453848333358,-2.4191671975303906,82
-1.764115947283366,-2.382474093493605,82
-1.7205371641932794,-2.4030126033957764,82
-1.7664007835494921,-2.3717975929411206,82
-1.751645384835023,-2.4191671975291658,82
-1.764115947283022,-2.3824740934939146,82
-1.7205371641940868,-2.4030126033951964,82
1.7155232932221318,0.5644849430525932,19
1.4978062121936926,0.5302547409917432,19
1.5968337367215266,0.48815010499203154,19
1.5571306642755953,0.5991179822854338,19
1.5382664610774894,0.46834134251695414,19
1.70130867812921,0.5229848737521232,19
1.6299255469303926,0.5405214038770415,19
1.5901518420759606,0.44376318920968744,19
1.6023112967476254,0.5650290891532679,19
1.5128380727647976,0.4204908649603285,19
-1.5176478240408329,-2.2636324704462383,82
-1.7407815847224954,-2.3742841948534963,82
-1.691391799819005,-2.336963241502537,82
-1.7895294025171375,-2.228000275879439,82
-1.6512693091214372,-2.2741882090543073,82
-1.5176478240405797,-2.2636324704465047,82
-1.7407815847216417,-2.3742841948541873,82
-1.6913917998176768,-2.3369632415038746,82
-1.789529401332768,-2.228000276837984,82
-1.6512693091199129,-2.2741882090558776,82
-2.4062900033012418,-0.6359948190564652,85
-2.5122254067154235,-0.6672168848644863,85
-2.3949079517994423,-0.6126358565033662,85
-2.4941106575972483,-0.617679982832697,85
-2.40629000330124,-0.635994819056465,85
-2.5122254067153493,-0.6672168848655019,85
-2.3949079517994427,-0.6126358565033666,85
-2.4941106575972376,-0.6176799828328138,85
-0.34200375012517353,1.8189599860674546,29
-0.49365021647291235,1.8451723604830643,29
-0.3966211007130013,1.7823686041477746,29
-0.47576627939462257,1.9565699624862338,29
-0.44110247786329815,1.7599287321567094,29
-0.29143403756493796,1.987833269432204,29
-0.3563770974607275,2.056574305365699,29
-0.3238521478708284,1.8693712678884216,29
-0.42099779917132407,2.1294639859637674,29
-0.419789887831819,1.8127540954647283,29
-2.2040234589086944,-0.6871723789229339,85
-2.403246543009167,-0.8687132311181979,85
-2.46508289101294,-0.663895025041445,85
-2.3863651306039175,-0.5867631912252291,85
-2.4516231475645447,-0.6709941720259643,85
-2.204023458908697,-0.6871723789229285,85
-2.403246543009251,-0.868713231117946,85
-2.4650828910129454,-0.6638950250414024,85
-2.3863651306039184,-0.5867631912252297,85
-2.451623147564543,-0.6709941720259694,85
-2.3150669247153166,-1.494206401269449,75
-2.3764645924772894,-1.5316078961362745,75
-2.341052344414552,-1.5130075278149486,75
-2.352039804362071,-1.5465345948485987,75
-2.31506692470952,-1.494206401276201,75
-2.376464592439849,-1.5316078961780033,75
-2.341052344354086,-1.5130075278843638,75
-2.3520398042121835,-1.5465345950174259,75
0.809919210553472,2.2453729118476193,21
0.6321374726802433,2.208808678594388,21
0.724385289852853,2.178964357081148,21
0.6807896111673756,2.230409192227852,21
0.6529715851958469,2.146527640268201,21
0.84803413014202,2.32129922333034,21
0.8189131962232379,2.4314499406823367,21
0.8323402274609487,2.3149234627414126,21
0.7877229653366804,2.4571128933727695,21
0.7122956486316909,2.239732167889636,21
-2.127435496984047,-1.48011451547001,75
-2.3758988260714133,-1.5389942215756838,75
-2.2988426913139013,-1.5110068419581861,75
-2.343765718424349,-1.4503405483848544,75
-2.2922448461482476,-1.5133326330016232,75
-2.1274354969854308,-1.4801145154682591,75
-2.3758988258916767,-1.5389942217745918,75
-2.2988426913012137,-1.5110068419731342,75
-2.3437657184190166,-1.4503405483913696,75
-2.292244846146374,-1.5133326330038284,75
-1.8325664299901965,-1.4998104133482304,79
-1.8444665361353683,-1.5094291903278076,79
-1.839048298346644,-1.4951760867107136,79
-1.8153577349168806,-1.4877063708966125,79
-1.8325664299901956,-1.4998104133482306,79
-1.84446653613537,-1.5094291903278074,79
-1.839048298346646,-1.4951760867107133,79
-1.8153577349168777,-1.4877063708966125,79
1.1323171172314352,1.2390839737497479,35
0.9798244203111313,1.0600632024009815,35
1.0922690231581924,1.1774571443471706,35
1.126297764637835,1.2455941624089664,35
0.9974576332753872,0.9899871270631312,35
1.1742957060899528,1.152280715946619,35
1.1721313289939288,1.153161639145412,35
1.1174285365594396,1.0562537539190633,35
1.1672877414427445,1.2410137782589765,35
0.954682366495858,0.9202614544956434,35
-1.6954906676300527,-1.6091406807208795,79
-1.8631839249740485,-1.612678299180437,79
-1.7940925195314559,-1.5383741053976854,79
-1.854873859934917,-1.4942825888421971,79
-1.781539316759034,-1.5698795039093432,79
-1.6954906676300519,-1.60914068072088,79
-1.8631839249740505,-1.6126782991804367,79
-1.7940925195314559,-1.538374105397686,79
-1.8548738599349104,-1.4942825888421996,79
-1.7815393167590348,-1.5698795039093423,79
-1.8396734208331196,-2.1169462867605575,71
-1.8251672330205324,-2.1147284145575256,71
-1.806742589280439,-2.1232356386912326,71
-1.8111395684908755,-2.124106974611562,71
-1.8396734208331593,-2.116946286760529,71
-1.8251672330205542,-2.114728414557506,71
-1.8067425892804545,-2.1232356386912214,71
-1.8111395684908018,-2.1241069746116246,71
1.8395028438582008,1.4001778100644773,20
1.6539667502074167,1.2075580251405547,20
1.7490940379729216,1.2724971708916,20
1.7367326086749488,1.461177757645086,20
1.6148038569297936,1.0672763336969393,20
1.8384087317609052,1.227085896248087,20
1.7937420928899641,1.3206653830065553,20
1.8329057225687906,1.1776607073205505,20
1.8122711024779141,1.449049531927974,20
1.6501668993551841,0.9482450271637718,20
-1.5471497276248833,-2.2966286379692846,71
-1.8312231321714627,-2.173007763780196,71
-1.7473520172637003,-2.0902654912062717,71
-1.7900530107124082,-2.1141404897834826,71
-1.7384031730758118,-2.116358326078775,71
-1.5471497276205464,-2.296628637973582,71
-1.8312231321762573,-2.1730077637766283,71
-1.7473520172637025,-2.090265491206269,71
-1.7900530107123975,-2.114140489783493,71
-1.7384031730758134,-2.1163583260787733,71
-2.3289590029565037,-0.9182547390683182,89
-2.3699262196151323,-0.943520519715541,89
-2.2825118932387882,-0.9214814404346232,89
-2.3551184950303288,-0.9014078614218397,89
-2.328959002956509,-0.9182547390683267,89
-2.3699262196151305,-0.9435205197155407,89
-2.282511893238787,-0.9214814404346234,89
-2.355118495030325,-0.9014078614218444,89
0.13221936738422332,1.9460324704423948,27
0.04622143507969459,1.80777681401644,27
0.08709427914804446,1.8353901837590552,27
0.13054542441715564,1.9273632427979,27
0.05698487736330816,1.7604148185694424,27
0.19677545319560472,1.917601087511993,27
0.15233941424477807,1.968936416326631,27
0.129181661212821,1.8543050248164303,27
0.14230067388052883,1.978391582705853,27
0.06300973605289432,1.7352291628213392,27
-2.247654706786724,-1.040650490278586,89
-2.3345336423291148,-1.079395515768555,89
-2.3320446236618007,-0.9982495759916182,89
-2.2780197269210074,-0.9115814792405539,89
-2.3058053054508574,-0.9993796241110462,89
-2.247654706786727,-1.0406504902785874,89
-2.3345336423291156,-1.079395515768556,89
-2.3320446236617998,-0.9982495759916177,89
-2.2780197269210114,-0.9115814792405531,89
-2.3058053054508596,-0.9993796241110483,89
-2.3452174772625285,-1.6237249254719763,73
-2.3917939634731966,-1.6508094693053623,73
-2.352978138355952,-1.6548297185048935,73
-2.3777236817949166,-1.6564796087884226,73
-2.3452174772636463,-1.6237249254706407,73
-2.3917939631580567,-1.6508094696806617,73
-2.352978138354678,-1.6548297185064091,73
-2.377723681625557,-1.6564796089893594,73
1.0581730824307136,2.3764373641014247,22
0.9317074167935534,2.3745144899145543,22
0.9668636891038798,2.332044494780568,22
0.9593969043817749,2.383768250445411,22
0.9401554139712615,2.2837606036998577,22
1.080747275699279,2.3291334590807873,22
1.0326340769862359,2.4410956193948317,22
1.0425209008378122,2.3321585965935334,22
0.999400894967001,2.395704021925038,22
0.9856508372283711,2.3536268074037867,22
-2.195444443263297,-1.8051071433295285,73
-2.3924828497132444,-1.717504876481488,73
-2.2863426426318827,-1.6212929388479222,73
-2.3316367667410645,-1.6175725922574682,73
-2.3079257765511247,-1.6532201701800857,73
-2.195444443434895,-1.8051071431303929,73
-2.392482851739556,-1.7175048739691035,73
-2.2863426426142563,-1.6212929388698818,73
-2.331636766813767,-1.617572592170551,73
-2.3079257765041272,-1.6532201702367493,73
3.097135375079356,-1.178804594487878,40
3.4117428956857934,-1.2487048048437832,40
3.3382343225339173,-1.2688240308323597,40
3.296004347384785,-1.1150561112591089,40
3.0971353750793584,-1.178804594487876,40
3.411742898136483,-1.2487047959602169,40
3.3382343225414655,-1.2688240308066887,40
3.2960043473847835,-1.1150561112591102,40
1.614624313475742,-2.228685170013187,48
1.6082361379861974,-1.9958381045853302,48
1.6271779957648584,-2.0520963493856534,48
1.7479949864038131,-2.0351438487873614,48
1.5618738635683003,-2.4168763421393535,48
1.5557409431140659,-2.214546596711978,48
1.544437358904927,-2.1325480022046404,48
1.5565092709973638,-2.1003589313203626,48
1.6649002032615863,-2.154520858851241,48
1.4826628421267687,-2.3314147895839397,48
3.258425787459785,-1.0814951445117003,40
3.0614302942219402,-1.1604478612952622,40
3.2799161341686522,-1.2195286151724776,40
3.2720919016265024,-1.2093265239373192,40
3.16727236435909,-1.128547350727789,40
3.2584257874597866,-1.0814951445117,40
3.0614302942219385,-1.160447861295262,40
3.2799161341685794,-1.2195286151727358,40
3.2720919016265126,-1.2093265239373006,40
3.1672723643590905,-1.1285473507277888,40
3.3097774992049374,-1.154715409656201,40
3.229353915019717,-1.2245515064109087,40
3.380798108103078,-1.2519745368974697,40
3.448611150447003,-1.2531658153999279,40
3.2884676321768973,-1.1641898860302784,40
3.3097774992049365,-1.1547154096562011,40
3.229353915019678,-1.2245515064110177,40
3.3807981081038134,-1.251974536894838,40
3.4486111504462187,-1.2531658154026082,40
3.2884676321768938,-1.1641898860302822,40
1.4560023722817776,-2.221615898376103,48
1.5357109137743294,-2.4295031878211146,48
1.4338852479500255,-2.008564014109582,48
1.6696234567342156,-2.2154620165759473,48
1.4853611896706371,-2.064916363528918,48
1.595523229978177,-2.224494624844386,48
1.3985341164767136,-2.0384931083553437,48
1.6168739707938071,-2.0497267816825557,48
1.4834308869377935,-2.07609975238615,48
1.6317128925508446,-2.2072704276207045,48
1.4560023724897535,-2.221615898209754,48
1.5357109213672255,-2.42950318232437,48
1.4338852479502868,-2.00856401410936,48
1.6696234567253112,-2.2154620165842895,48
1.4853611896707808,-2.064916363528797,48
1.5955232301389901,-2.2244946247063724,48
1.3985341164769332,-2.0384931083551514,48
1.6168739707938067,-2.049726781682556,48
1.4834308869381594,-2.0760997523858404,48
1.6317128925542652,-2.2072704276177175,48
-2.8070691950180886,-0.9569127151944402,81
-2.828826491778138,-0.9069861856737179,81
-2.790480014692274,-0.9058729932414112,81
-2.837122397573151,-0.9068904470918678,81
-2.807069195018088,-0.9569127151944363,81
-2.8288264917780923,-0.9069861856738248,81
-2.7904800146922963,-0.9058729932413633,81
-2.8371223975732662,-0.9068904470916076,81
0.29786145403675823,0.8714246435893934,37
0.21713843312830083,0.846798490817067,37
0.2559834268920157,0.8752178717083472,37
0.2097603031231805,0.9549154138809177,37
0.23534269719997314,0.8338075837699785,37
0.33990388368007934,0.8936843232492412,37
0.28977237297944414,0.902548821870852,37
0.28770975563703377,0.8467037054622872,37
0.23762146202213433,0.9640874776698675,37
0.20253601472149182,0.8146031065182128,37
-2.437288890050394,-0.8829913050974044,81
-2.693146186088404,-0.9529746541308898,81
-2.7514281844753485,-0.8777091590188348,81
-2.7651350956934926,-0.8560940395230846,81
-2.669733182896948,-0.8612828957764983,81
-2.437288890050783,-0.8829913050967083,81
-2.6931461860884056,-0.9529746541308876,81
-2.751428184475344,-0.8777091590188436,81
-2.7651350956934757,-0.8560940395231124,81
-2.6697331828969926,-0.8612828957763736,81
-2.757223160852048,-1.3482171542208583,82
-2.623721611697488,-1.3694504455097158,82
-2.580705925697448,-1.3586740996805582,82
-2.56318568065788,-1.407533063693504,82
-2.7572231608410203,-1.3482171542341752,82
-2.6237216098543485,-1.3694504474403175,82
-2.5807059259816567,-1.3586740993754234,82
-2.5631856813774996,-1.4075330629673584,82
1.235381903335634,0.805599567695078,19
1.0571789848311435,0.749710952457839,19
1.1572937957440061,0.7524921601581447,19
1.0826875943653407,0.8517094385842172,19
1.051964147379103,0.734731426919728,19
1.2753871700418389,0.7560609198630448,19
1.1454295214969306,0.8077621374203987,19
1.181501842308915,0.7031844839694031,19
1.1391281043268564,0.8511820738927964,19
0.9810944334231533,0.6649929019385459,19
-2.156830799003739,-1.3652953041596525,82
-2.5577132675315664,-1.3922409420387607,82
-2.4582432453480867,-1.3771581349322486,82
-2.5384516123010585,-1.2863269370651857,82
-2.227609391287751,-1.4561201212031083,82
-2.156830799005144,-1.365295304157986,82
-2.5577132680277015,-1.392240941537476,82
-2.458243244860693,-1.377158135440229,82
-2.5384516128950434,-1.286326936420956,82
-2.227609391275923,-1.4561201212165247,82
-2.836880769209698,0.142849243731081,85
-2.896873970158336,0.049521896195468006,85
-2.8000707327920566,0.12453861709203429,85
-2.9093973134659104,0.10514690231152425,85
-2.8368807692096967,0.14284924373108002,85
-2.8968739701583246,0.04952189619554711,85
-2.800070732792055,0.12453861709203466,85
-2.9093973134659046,0.10514690231154449,85
-0.7101158280073355,1.7513537014901965,29
-0.7957870665524921,1.7753007254608388,29
-0.7612455469620607,1.7672130124025722,29
-0.7855769351259287,1.8540108037267329,29
-0.7578139127343883,1.7104423976159293,29
-0.718777360905453,1.8592219431090085,29
-0.7504648518742537,1.8914274809465854,29
-0.7534834374650532,1.7877053038960733,29
-0.818378538946521,1.9534235925933894,29
-0.7856028298317208,1.7663151322948785,29
-2.636816468110489,0.13295357670278415,85
-2.788960169084455,0.034394664227518724,85
-2.7911174106432046,0.12398600583543536,85
-2.7551440449138136,0.17720359805065586,85
-2.770616222929791,0.11660489531209399,85
-2.636816468110487,0.1329535767027836,85
-2.7889601690844414,0.03439466422765737,85
-2.791117410643204,0.12398600583543554,85
-2.7551440449138136,0.17720359805065575,85
-2.7706162229297933,0.11660489531209423,85
-2.8754613290181354,-0.6365710560229849,83
-2.9025871387733515,-0.6596283647936079,83
-2.8498882186765244,-0.6096642690197573,83
-2.9166679156101236,-0.6732150470598446,83
-2.875461329018189,-0.6365710560226353,83
-2.9025871387732205,-0.6596283647943444,83
-2.849888218676557,-0.6096642690195672,83
-2.916667915609704,-0.6732150470622064,83
0.16801678417479587,2.243154346200362,21
0.02946771386114935,2.2585029683198523,21
0.1277448537778959,2.256542795428269,21
0.06630384201306141,2.3190717134095915,21
0.05946136247999961,2.1435945553935665,21
0.21953749676180653,2.325311186273615,21
0.2254221467513974,2.4117734115354224,21
0.22852503807492955,2.3058384758698676,21
0.19993763241430254,2.526816199646554,21
0.08379744874425207,2.2158638014830396,21
-2.596638825313776,-0.4296051303154672,83
-2.8325114653621797,-0.6248630885063611,83
-2.8083088944229035,-0.5860813943007699,83
-2.803410644697318,-0.5017518236490772,83
-2.79579658725151,-0.5973967113956317,83
-2.596638825313777,-0.42960513031546793,83
-2.832511465362193,-0.6248630885063076,83
-2.808308894422933,-0.5860813943005174,83
-2.8034106446973026,-0.501751823649195,83
-2.795796587251489,-0.5973967113958044,83
-2.414428894528811,-0.7996928808571835,79
-2.3739467228880042,-0.7860354448378952,79
-2.339425220251025,-0.7655835712896207,79
-2.410710378637637,-0.7780822875822034,79
-2.414428894528811,-0.7996928808571837,79
-2.3739467228880025,-0.7860354448378933,79
-2.3394252202510235,-0.7655835712896205,79
-2.410710378637618,-0.7780822875822015,79
0.46812687359474003,1.2641119883781209,35
0.38725003823077037,1.1056168590587439,35
0.45820063471335026,1.2180758665779157,35
0.49077986773248755,1.2396761065571889,35
0.3884002712860472,1.0687095920724017,35
0.5210968615062905,1.204164435398068,35
0.4678867229530941,1.159767369332061,35
0.47101379166032625,1.1169310188250263,35
0.4779774840234191,1.2254550519364324,35
0.3675692969043595,1.0159028967294403,35
-2.1855500014800717,-0.7477011223411275,79
-2.3643791013897695,-0.8307828178238347,79
-2.3172364187139767,-0.7562440973204189,79
-2.327312380017676,-0.7297405683669117,79
-2.305657310743628,-0.7571160191326345,79
-2.1855500014800677,-0.7477011223411335,79
-2.3643791013897704,-0.8307828178238353,79
-2.3172364187139767,-0.7562440973204186,79
-2.3273123800176823,-0.7297405683669029,79
-2.3056573107436416,-0.7571160191325926,79
-2.473785367485731,-1.282828014930261,77
-2.294432814600427,-1.335755401767361,77
-2.3028336354443244,-1.3154512750531926,77
-2.3291465967399496,-1.3480635032764916,77
-2.473785367485827,-1.2828280149301496,77
-2.294432814598967,-1.335755401769173,77
-2.302833635439648,-1.315451275058928,77
-2.3291465967386844,-1.3480635032779675,77
1.2930623035532653,1.4543733006947814,20
1.1731222674441766,1.3033219296577878,20
1.2452098369837545,1.381943486797334,20
1.2162233021009534,1.4345617002376523,20
1.122958346243801,1.1595743517964585,20
1.2845409373997638,1.29094453529449,20
1.2810722949470112,1.345292830019392,20
1.3020487883951442,1.2489606520884264,20
1.2906091841538905,1.4499214322513583,20
1.1404311416388346,1.0898054412105724,20
-2.184593769036208,-1.2909079733742796,77
-2.437704167944108,-1.3293143784859884,77
-2.2263513623402824,-1.3279956385182214,77
-2.3706069152992626,-1.2493337643808775,77
-2.2023829739857406,-1.324267943561632,77
-2.1845937690126793,-1.2909079734054785,77
-2.4377041678664098,-1.329314378573616,77
-2.2263513623380753,-1.327995638520998,77
-2.3706069153019778,-1.249333764377846,77
-2.2023829740170653,-1.3242679435204119,77
-2.667104510814648,-0.023580013461745215,89
-2.72353081158121,-0.09084831579405463,89
-2.636884426310485,-0.0656582099609832,89
-2.7357918112942228,-0.0590481086030342,89
-2.667104510814647,-0.02358001346174514,89
-2.7235308115812105,-0.09084831579405465,89
-2.636884426310485,-0.06565820996098357,89
-2.7357918112942223,-0.05904810860303393,89
-0.3463831292362961,1.8171833799644197,27
-0.4174685391780086,1.6836578499554318,27
-0.38353461112641773,1.7311788437279085,27
-0.3519215425917699,1.779328830420205,27
-0.3895502672808677,1.6193830680504366,27
-0.28928823344135934,1.7881234599901352,27
-0.3428943696768194,1.7867570738366427,27
-0.36759404159011466,1.7262740593194354,27
-0.36056247759171106,1.8110495694999365,27
-0.4079848457260922,1.6421356609723787,27
-2.6516854088897355,-0.07752576052322957,89
-2.6409581378817846,-0.15488480492426812,89
-2.7174589148688657,-0.10168632159176774,89
-2.631912539374493,-0.02384815929324234,89
-2.667624681099673,-0.08980421949879919,89
-2.6516854088897337,-0.07752576052322696,89
-2.640958137881784,-0.15488480492426812,89
-2.717458914868865,-0.1016863215917678,89
-2.631912539374493,-0.023848159293242157,89
-2.6676246810996735,-0.08980421949879883,89
-2.823334352615337,-0.703318712587622,87
-2.755064538023762,-0.7319671220727639,87
-2.7554299153009683,-0.7125102985915264,87
-2.733828580554668,-0.7274882271473057,87
-2.8233343526153396,-0.7033187125876252,87
-2.7550645380237597,-0.7319671220727648,87
-2.755429915300968,-0.7125102985915277,87
-2.7338285805546674,-0.7274882271473055,87
0.5361052415617396,2.3736837648088263,22
0.40466041229382665,2.3634837605476346,22
0.4406759202529132,2.324928766433548,22
0.4375627903829755,2.327364806525057,22
0.4121564939997287,2.260987818999261,22
0.5380353048167787,2.3525899034213293,22
0.5297068926024513,2.4265904454527516,22
0.5204230248901661,2.3318985253801725,22
0.49673902783737095,2.396855011634632,22
0.44695828682128924,2.332220956964754,22
-2.7433360754963343,-0.6835586346001898,87
-2.8088622465544475,-0.7806233346946229,87
-2.6876020883888443,-0.697661444330108,87
-2.7162503449180457,-0.6396141531853712,87
-2.6171780602851134,-0.6821576763568649,87
-2.7433360754964893,-0.6835586345993978,87
-2.8088622465544475,-0.7806233346946229,87
-2.687602088388846,-0.6976614443301079,87
-2.7162503449180373,-0.6396141531853928,87
-2.617178060285112,-0.6821576763568895,87
3.0264398903350407,-1.3075992770317868,40
3.2597291183239765,-1.3342483732699264,40
3.2144739658124335,-1.3249667125286007,40
3.118467099660693,-1.2212744415513157,40
3.026439890335033,-1.3075992770318006,40
3.2597291183258443,-1.334248373264248,40
3.2144739658116306,-1.324966712530991,40
3.118467099660695,-1.221274441551316,40
1.4241202081973023,-2.0313736708144603,49
1.476361236886897,-1.9163725340444973,49
1.5058708995283951,-1.9805775619067698,49
1.588429142562081,-1.9604897211520576,49
1.4280039318154054,-2.2200468139203178,49
1.3445996685036596,-2.0721803034054243,49
1.4047995070311896,-2.137397587268691,49
1.4323332218421605,-2.095856460255724,49
1.49269970519867,-2.096257478162535,49
1.3345915213859076,-2.293635011698185,49
3.197720271960513,-1.176581591376509,40
3.0076063713351684,-1.2597358971977273,40
3.1538664512882058,-1.231667994947558,40
3.165471137130385,-1.248883583541376,40
3.0773177300046606,-1.1849902736493922,40
3.1977202719605136,-1.17658159137651,40
3.0076063713351697,-1.2597358971977295,40
3.1538664512881565,-1.2316679949476945,40
3.1654711371303867,-1.248883583541377,40
3.0773177300046606,-1.184990273649391,40
3.1995312789504458,-1.2087472072659367,40
-2.017094146331827,2.1007204905997914,40
3.18792966361436,-1.2592632826681516,40
-2.147627216199395,2.4312479134061262,40
3.1786557083951594,-1.2025961900923676,40
3.1995312789504493,-1.2087472072659193,40
3.0635453490150004,-1.2760982639857934,40
3.1879296636143044,-1.2592632826683268,40
3.264116480514499,-1.2389062982136667,40
3.1786557083951625,-1.2025961900923647,40
1.3097475876961273,-2.129707202634346,49
1.4641741343028083,-2.213356256061647,49
1.3472575727377714,-1.892255104670673,49
1.4806247573915114,-1.9959581094575147,49
1.3922056537455982,-2.065642696884297,49
1.465970322389956,-2.085287567486912,49
1.2935998819448877,-2.0615912058773374,49
1.558181939917863,-1.9685452285043872,49
1.3973821664996475,-1.9744062467523091,49
1.501105454165721,-2.086536852051782,49
1.3097475876961147,-2.129707202634356,49
1.4641741343033716,-2.2133562560611884,49
1.3472575727377722,-1.8922551046706722,49
1.480624757391458,-1.9959581094575616,49
1.392205653745527,-2.0656426968843644,49
1.4659703223870797,-2.085287567489433,49
1.2935998819449253,-2.061591205877303,49
1.5581819399178627,-1.9685452285043883,49
1.3973821664996495,-1.9744062467523085,49
1.5011054541656392,-2.0865368520518555,49
-2.695674192885906,-1.0001858986406114,81
-2.7545523194259482,-0.9367558531807252,81
-2.727633968169927,-0.9353256372020684,81
-2.7265386082104994,-0.9245617442281548,81
-2.6956741928859094,-1.0001858986406145,81
-2.7545523194259496,-0.9367558531807215,81
-2.7276339681699184,-0.9353256372020766,81
-2.726538608210496,-0.9245617442281621,81
0.3839135676108557,0.8795082655298585,37
0.2909796967804889,0.8652292435279312,37
0.36978314988153865,0.8591687193802912,37
0.286292527577485,0.9639726684056594,37
0.317673653923135,0.8404243277554175,37
0.43598006467959327,0.8700286453522372,37
0.3515761761472081,0.9480521522883487,37
0.3693114041587403,0.8569906197367136,37
0.30637065404296626,0.9915376421211576,37
0.2668825597683385,0.8513834384144252,37
-2.2764077485189116,-0.9123185205387943,81
-2.5599679181130197,-0.9929672526682226,81
-2.6703102159860648,-0.9127133883856884,81
-2.6839677150272663,-0.8912760733917798,81
-2.544537390604996,-0.8689797272985598,81
-2.2764077485190772,-0.9123185205384877,81
-2.5599679181130153,-0.9929672526682262,81
-2.670310215986067,-0.9127133883856865,81
-2.683967715027265,-0.8912760733917957,81
-2.5445373906051274,-0.8689797272981816,81
-2.6110408187594896,-1.3752729864398379,82
-2.500549358910358,-1.3845850860064033,82
-2.458949363200094,-1.3881210731375888,82
-2.4009636958990237,-1.4470114033120476,82
-2.6110408187656917,-1.3752729864335036,82
-2.5005493587148724,-1.3845850862175475,82
-2.458949362299815,-1.388121074081319,82
-2.4009636959810168,-1.447011403231398,82
1.285849621931971,0.8587973796683955,19
1.0673481314385886,0.80368011310651,19
1.205925751240945,0.7748304318099197,19
1.1034807091292669,0.8649439680450428,19
1.0498776593287271,0.7757727060416382,19
1.2790920179660006,0.8207508056725593,19
1.1577331608905177,0.8549753641842085,19
1.1965361125618288,0.7568045602343225,19
1.1505497765172397,0.9030731657430091,19
0.9965414822114352,0.7487589875516959,19
-2.0182182251738605,-1.3611001742329356,82
-2.4025015455181173,-1.4426144466581914,82
-2.2987799913494924,-1.4134840075938393,82
-2.399672744723696,-1.3156571200575837,82
-2.1023549975446945,-1.4533486917809908,82
-2.0182182251739524,-1.3611001742328126,82
-2.4025015449597618,-1.4426144472024918,82
-2.298779991384257,-1.4134840075571264,82
-2.3996727451835453,-1.3156571195693187,82
-2.1023549975438787,-1.45334869178194,82
-2.8438189542851693,0.10274327426370974,85
-2.8462202112973767,0.09396261078775542,85
-2.7948547334435947,0.11045169351108154,85
-2.8937475984284418,0.11107902067842132,85
-2.8438189542851693,0.10274327426370729,85
-2.846220211297378,0.09396261078776003,85
-2.794854733443595,0.11045169351108168,85
-2.8937475984284373,0.11107902067842687,85
-0.696726021691453,1.8824983328259224,29
-0.8086323880799987,1.882746759941946,29
-0.7788351972821557,1.8747766126529484,29
-0.7997616799936651,1.9606341437158281,29
-0.8079177589500846,1.8493129685949126,29
-0.68926938469516,2.0109412246680365,29
-0.7869945732025782,2.0779155983628006,29
-0.7531934318905494,1.9315197897591716,29
-0.8370758664246379,2.1129259485298797,29
-0.8632844254360702,1.9397603718787033,29
-2.584219550960564,0.139597730989937,85
-2.8137965892125387,0.008736031372416094,85
-2.7371510281559672,0.1308207200003679,85
-2.7591644090771084,0.16474889649547533,85
-2.7455341292185764,0.1389193097062247,85
-2.584219550960564,0.13959773098993666,85
-2.8137965892126684,0.008736031370350793,85
-2.7371510281559686,0.1308207200003678,85
-2.759164409077108,0.16474889649547567,85
-2.7455341292185755,0.13891930970622407,85
-2.731847173338585,-0.6010858657075427,83
-2.7369192891816234,-0.6177736916253932,83
-2.7143844800731114,-0.5630593455873764,83
-2.781801995997068,-0.6409964705240284,83
-2.7318471733386076,-0.6010858657073587,83
-2.7369192891816314,-0.6177736916253372,83
-2.7143844800731105,-0.5630593455874089,83
-2.781801995996996,-0.6409964705246473,83
0.2739745657302211,2.410482014845048,21
0.08424344290332127,2.398047258450622,21
0.19408279537899242,2.368537920363798,21
0.13624985172336687,2.3852568211724545,21
0.11239809198283736,2.2932477459310157,21
0.31964930532946845,2.4698909682292998,21
0.25855391523309734,2.556171100245032,21
0.28564224077673134,2.4395776582962374,21
0.2102182815846571,2.574361366544008,21
0.09400720192312528,2.3695035178526025,21
-2.4742995974374256,-0.42482138553439874,83
-2.7057249807470876,-0.5857081747608239,83
-2.6648368270408493,-0.5592417898139422,83
-2.6987317712117576,-0.4685097050822521,83
-2.6381188138571003,-0.5475426418128929,83
-2.4742995974374264,-0.42482138553439874,83
-2.705724980747092,-0.585708174760832,83
-2.6648368270408476,-0.5592417898138914,83
-2.6987317712117824,-0.46850970508224304,83
-2.6381188138571003,-0.5475426418128942,83
-2.3876385590221774,-0.8123730267801618,79
-2.286870797178617,-0.7686049656863551,79
-2.2967277291675883,-0.7654904691647925,79
-2.2853880301041873,-0.7587050552667861,79
-2.38763855902218,-0.8123730267801588,79
-2.286870797178618,-0.768604965686356,79
-2.2967277291675914,-0.7654904691647922,79
-2.285388030104191,-0.7587050552667846,79
0.6079825296942468,1.347090696614526,35
0.49343504812254585,1.1751777878744563,35
0.5624166328238557,1.2974317728359341,35
0.5807861552052931,1.349903145938751,35
0.4723630313596465,1.1773389518516606,35
0.6736507050161966,1.292784923515893,35
0.596370114186858,1.2725017520591748,35
0.6194214187170328,1.191898905875189,35
0.6108429901793314,1.3443362906220102,35
0.4557847412074394,1.1378877691501639,35
-2.073428587154703,-0.722425848713183,79
-2.31965006804267,-0.8668081815246601,79
-2.216229570520582,-0.7408712109055342,79
-2.27772243739861,-0.7406664948138971,79
-2.1976583628127813,-0.7208874979054751,79
-2.073428587154703,-0.722425848713183,79
-2.3196500680426704,-0.8668081815246594,79
-2.2162295705205834,-0.7408712109055339,79
-2.2777224373986087,-0.740666494813896,79
-2.1976583628127795,-0.7208874979054755,79
-2.3618737857043595,-1.313879636786803,77
-2.194668547122334,-1.3295240019494319,77
-2.226912082323042,-1.336161436766896,77
-2.1998135835086337,-1.335141451475295,77
-2.3618737856928957,-1.3138796368007062,77
-2.194668547122942,-1.3295240019486019,77
-2.226912082321106,-1.3361614367694399,77
-2.199813583507357,-1.3351414514769766,77
1.379203090916568,1.577497465873494,20
1.254287787839185,1.4168903364776346,20
1.2853045897306459,1.4616001338231173,20
1.2506801555340634,1.51488361422375,20
1.1709397566835027,1.3229496095699833,20
1.3727320578824556,1.4505173656588222,20
1.330184993195329,1.4719953265331025,20
1.3477053155549386,1.360513459908032,20
1.3064271722200895,1.5579337775548137,20
1.2166759141318868,1.2991032649701202,20
-2.0568951802625173,-1.2684976473007534,77
-2.361189178977619,-1.3407865837839328,77
-2.1049205892585756,-1.3117067427061433,77
-2.3053634462913717,-1.2679369226686128,77
-2.082117526185713,-1.2903607680373461,77
-2.0568951802623183,-1.2684976473010192,77
-2.3611891790544512,-1.340786583694655,77
-2.104920589258781,-1.311706742705873,77
-2.3053634462910257,-1.2679369226690158,77
-2.082117526185586,-1.2903607680375204,77
-2.6521349715441755,-0.05343071302516719,89
-2.6569213902748734,-0.0850199881096138,89
-2.617534144649535,-0.07017774917297785,89
-2.6705579983962795,-0.06253969804731965,89
-2.652134971544176,-0.053430713025167234,89
-2.656921390274873,-0.08501998810961371,89
-2.617534144649533,-0.07017774917297769,89
-2.6705579983962786,-0.06253969804732024,89
-0.30554406054107786,1.9207375658290533,27
-0.3728439997706716,1.7876422312360216,27
-0.3648105514962171,1.8448258290405628,27
-0.333899521147157,1.9028825042478468,27
-0.3869698600370157,1.7289207586075548,27
-0.23936238190205075,1.8919847951660915,27
-0.3220969900657064,1.9495361066934815,27
-0.320325289288342,1.8507163238847184,27
-0.3305614107691322,1.96471225702311,27
-0.39328136584411527,1.777640081236978,27
-2.586827739080264,-0.046969620848703916,89
-2.627014202633625,-0.15696384520768825,89
-2.6368870357136567,-0.07831524907597397,89
-2.616551854511159,-0.02741828773475126,89
-2.5880175570595614,-0.04906777398726586,89
-2.586827739080262,-0.046969620848706505,89
-2.6270142026336245,-0.1569638452076885,89
-2.6368870357136567,-0.07831524907597394,89
-2.6165518545111595,-0.027418287734751162,89
-2.5880175570595614,-0.04906777398726363,89
-2.7055073872472217,-0.672501714178302,87
-2.6342527822768185,-0.698910023643744,87
-2.6376707687233805,-0.6936914766728984,87
-2.6137694711257584,-0.6769968042381758,87
-2.705507387247224,-0.672501714178303,87
-2.6342527822768163,-0.6989100236437451,87
-2.6376707687233814,-0.6936914766728981,87
-2.6137694711257615,-0.6769968042381705,87
0.5948154359014228,2.411417528173554,22
0.4993348961760721,2.434927685208941,22
0.49005986071467733,2.349931266122532,22
0.5045930125591369,2.3717042378502216,22
0.4374771331562252,2.2825318041823994,22
0.617546849753416,2.412020313149384,22
0.5751018753586368,2.4576532620517137,22
0.5819973481467903,2.3907839528383605,22
0.5596539667014195,2.4313012452517087,22
0.48420501067190147,2.3886864019539034,22
-2.6347720818668856,-0.605816481755043,87
-2.730928989989162,-0.7671150670462923,87
-2.5314142087104434,-0.6480967007168517,87
-2.6263735103616788,-0.6169474426059008,87
-2.4883834529137934,-0.6080631951276266,87
-2.634772081861156,-0.6058164817969944,87
-2.7309289899891627,-0.7671150670462923,87
-2.5314142087104425,-0.648096700716862,87
-2.626373510361673,-0.6169474426059132,87
-2.488383452913805,-0.6080631951276068,87
2.9580299725934642,-1.4001228355742692,40
3.292087108511435,-1.5256812809749738,40
3.2015025658991068,-1.4605823571309375,40
3.145916385937265,-1.3938895889472271,40
2.9580299725934633,-1.4001228355742672,40
3.292087108511802,-1.5256812809740758,40
3.2015025658991356,-1.4605823571308592,40
3.1459163859362165,-1.3938895889503184,40
1.3968775101911242,-2.172129916952748,49
1.484421170979293,-2.0004787309387586,49
1.500131351674086,-2.105420241523708,49
1.5722465488705137,-2.005083592262808,49
1.3923259089425768,-2.2378352032758495,49
1.2723343667628115,-2.220535110141684,49
1.362448535299967,-2.1976912011431584,49
1.4020052210877152,-2.2103995126920766,49
1.4145331180527747,-2.114315314832541,49
1.299127517125484,-2.3495736859548444,49
3.1528263487789028,-1.2927536802826025,40
3.0097760779998772,-1.369976809478348,40
3.1767778813137997,-1.378958179671541,40
-2.2051535827053153,2.204895494489673,40
3.0839368641638902,-1.308892022579234,40
3.1528263487789063,-1.2927536802825887,40
3.0097760779998786,-1.3699768094783489,40
3.1767778813137313,-1.3789581796717523,40
3.1488069136439027,-1.3641417116453258,40
3.083936864163878,-1.3088920225792657,40
3.177469810314269,-1.3414128743211524,40
3.060172733899688,-1.4047158257770702,40
3.21713665104868,-1.422829288169031,40
3.311319544357446,-1.4074962775168234,40
3.162015966346961,-1.351305782953087,40
3.1774698103147454,-1.3414128743197922,40
-2.1080766065620655,2.0922409808782945,40
-2.21707727104652,2.310453849524047,40
3.311319544371817,-1.4074962774753166,40
3.162015966346856,-1.3513057829534036,40
1.2572736329032235,-2.2439748612212913,49
1.4086789444674945,-2.285232768469442,49
1.3034251382792972,-1.9618526335918491,49
1.4550650946373311,-2.0657399766972024,49
1.3332586735275103,-2.1411303325352042,49
1.4339105944895982,-2.133537101145939,49
1.2469990714888446,-2.1598161484161493,49
1.4848969088246184,-1.9916174522546104,49
1.3407141575630142,-2.043294716686771,49
1.446915208727356,-2.1172763531708414,49
1.2572736329032193,-2.243974861221297,49
1.4086789444648882,-2.2852327684714195,49
1.3034251382792987,-1.961852633591847,49
1.4550650946375583,-2.0657399766970084,49
1.333258673527503,-2.1411303325352122,49
1.4339105944907418,-2.1335371011449555,49
1.2469990714887533,-2.1598161484162333,49
1.4848969088246216,-1.9916174522546097,49
1.3407141575630075,-2.0432947166867796,49
1.4469152087274313,-2.117276353170774,49
-2.1217501827667276,-1.664762854643203,81
-2.101809591179121,-1.6175360747750374,81
-2.1261531812093537,-1.623343657128037,81
-2.0829916386841485,-1.590984522747394,81
-2.1217501827667586,-1.6647628546431763,81
-2.1018095911791597,-1.6175360747749952,81
-2.126153181209355,-1.6233436571280342,81
-2.0829916386842062,-1.5909845227473192,81
0.6537907918667749,0.801689666342241,37
0.5564935136162164,0.764100709892685,37
0.6122765377555232,0.7892620272265206,37
0.5778765821872102,0.8602901480228,37
0.5743415895196463,0.7264424694109367,37
0.7451689673742223,0.7842421148880346,37
0.6761262631371033,0.8062736498359058,37
0.6475517357116856,0.7497556811585697,37
0.6444958640281504,0.8583453850827529,37
0.5284412794506468,0.7010469109185868,37
-1.7841711960258604,-1.6745853753591424,81
-2.0378963758578386,-1.6545758371824295,81
-2.0588206451229265,-1.6266483769216487,81
-2.1092298923904855,-1.5859329802166802,81
-1.9871921249195696,-1.5774090308800854,81
-1.7841711960258606,-1.674585375359142,81
-2.03789637585784,-1.6545758371824268,81
-2.0588206451229176,-1.6266483769216573,81
-2.1092298923904864,-1.5859329802166782,81
-1.9871921249195705,-1.5774090308800823,81
-2.028899136758008,-2.3182237548474376,82
-1.9837647724520837,-2.2935671749226962,82
-1.9945196258223497,-2.2793619833288226,82
-1.9511461470743796,-2.3081062414535847,82
-2.028899134226504,-2.3182237575521145,82
-1.9837647738546942,-2.2935671733678027,82
-1.9945196245882024,-2.279361984603496,82
-1.9511461404642167,-2.308106249028664,82
1.5002057079662101,0.7239559991226735,19
1.3274786839925357,0.6601322071566749,19
1.3779911511378296,0.6596259193271719,19
1.3078728601510117,0.7461346866050712,19
1.2831951100601364,0.6129160381928674,19
1.5134293262920058,0.6540174052182596,19
1.3848110797392825,0.6605697310951784,19
1.4118716367721946,0.6043434192444931,19
1.3760499320485267,0.7057424274109491,19
1.228097641975841,0.5830990967321473,19
-1.63813621174857,-2.204808800056415,82
-1.9747956897471095,-2.3101232915015255,82
-1.8724026854261,-2.2415990839056277,82
-1.9702420155638076,-2.1985196082161167,82
-1.8062171630290635,-2.2338772723617533,82
-1.638136211739196,-2.2048088000653414,82
-1.974795688485005,-2.3101232928866042,82
-1.8724026857628386,-2.241599083622855,82
-1.970242015624861,-2.1985196081627705,82
-1.8062171615599827,-2.2338772734807937,82
-2.5595992717475986,-0.563840583774298,85
-2.6533678015106337,-0.570635929919101,85
-2.5511064404803423,-0.5331261942990604,85
-2.644337588413971,-0.5590788135094951,85
-2.5595992717475977,-0.5638405837742938,85
-2.653367801510922,-0.5706359299152174,85
-2.5511064404803405,-0.5331261942990605,85
-2.6443375884143223,-0.5590788135061328,85
-0.616763611944034,1.8562942705446366,29
-0.7139961767455197,1.8516421369036236,29
-0.6760065833428515,1.8603377428156942,29
-0.7210497697232308,1.9440984165815498,29
-0.6888550853672722,1.7851781257853425,29
-0.5782647478727477,1.9807697973302432,29
-0.6548427893864457,2.013731800400263,29
-0.6192448635785537,1.889609185877237,29
-0.7019224310935155,2.0890484935360116,29
-0.6715391180067976,1.827865038639043,29
-2.416640904172084,-0.5472903803989703,85
-2.5492279567674117,-0.7097417959096145,85
-2.6096924324863457,-0.5952268090623571,85
-2.539972816020405,-0.5149625486074174,85
-2.5873194380882407,-0.5953136111144376,85
-2.4166409041720853,-0.5472903803989705,85
-2.5492279567673957,-0.7097417959097184,85
-2.609692432486285,-0.5952268090629953,85
-2.5399728160204056,-0.5149625486074184,85
-2.5873194380882785,-0.5953136111140658,85
-2.58859206278804,-1.34252253946897,75
-2.6047340266715233,-1.3289653927817155,75
-2.6246394847609618,-1.334163785890027,75
-2.597815974955807,-1.345902107879529,75
-2.588592062788472,-1.3425225394683102,75
-2.60473402667152,-1.3289653927817195,75
-2.624639484761032,-1.334163785889913,75
-2.5978159749558123,-1.345902107879519,75
0.5147138779296396,2.2564654012744336,21
0.3898105482401449,2.2258347314025633,21
0.4455438402495555,2.215849617590406,21
0.37364230571636997,2.2468555673982773,21
0.33541938834100804,2.126919229417532,21
0.5723273112697697,2.2871503324020446,21
0.550635968393646,2.3767321085450326,21
0.564936124413459,2.253856632198807,21
0.5105477081139252,2.397444404819192,21
0.40203926230446957,2.181329943296356,21
-2.3142971714424494,-1.4011892785162843,75
-2.679797869175358,-1.3830603170628977,75
-2.56798021148127,-1.3285527705441498,75
-2.639122285618701,-1.2783173770423617,75
-2.5836484620866496,-1.3554472470755843,75
-2.3142971714468823,-1.4011892785106275,75
-2.6797978691753377,-1.383060317062928,75
-2.567980211481048,-1.328552770544475,75
-2.6391222856187095,-1.2783173770423435,75
-2.583648462086428,-1.3554472470759202,75
-1.9591540263727487,-1.4865285421702934,79
-1.9570084479493315,-1.4743080904607204,79
-1.9746016987272599,-1.447625049388958,79
-1.9185589076183729,-1.4699680627013056,79
-1.9591540263727472,-1.486528542170295,79
-1.9570084479493342,-1.4743080904607178,79
-1.9746016987272585,-1.447625049388957,79
-1.918558907618372,-1.469968062701305,79
0.8810459398692096,1.4426658613152679,35
0.7920992571333445,1.2273764078161404,35
0.8657756338245534,1.3923541522371121,35
0.9140934683467695,1.4576296187297153,35
0.788129460991011,1.1838546694955414,35
0.9700748467423936,1.3601328276017741,35
0.988479892758896,1.322383906211856,35
0.9032984064238011,1.2167045676440635,35
0.9556661755651708,1.4472056439235061,35
0.7807096187861008,1.0561610540692896,35
-1.758331022771945,-1.4953170218506264,79
-1.9641611529878702,-1.5880408042887373,79
-1.9155113825659187,-1.488320662988962,79
-1.967475472175791,-1.4524008596704414,79
-1.8561934579479866,-1.4940996592832565,79
-1.7583310227719426,-1.4953170218506322,79
-1.9641611529878744,-1.5880408042887324,79
-1.91551138256592,-1.4883206629889614,79
-1.9674754721757874,-1.452400859670442,79
-1.8561934579479937,-1.4940996592832532,79
-1.985094499816194,-2.147842187513285,71
-1.9397274668970985,-2.121266026908841,71
-1.9424366679648668,-2.1459060404975556,71
-1.9094526978311674,-2.1140843560959,71
-1.985094499816195,-2.1478421875132834,71
-1.9397274668971,-2.12126602690884,71
-1.9424366679648686,-2.1459060404975503,71
-1.909452697831169,-2.114084356095901,71
1.5892195214090814,1.4593389885317152,20
1.478456804844515,1.295721980659903,20
1.5186500433011831,1.3615599872423243,20
1.4902464260301465,1.395333389264795,20
1.38079352192628,1.133863598729052,20
1.5354420940159834,1.2402112744904588,20
1.5675199021928328,1.2906316497913266,20
1.5416211858517086,1.1850970397949323,20
1.554904131003344,1.339284009429124,20
1.3906616007893493,1.024955324324061,20
-1.696980086324796,-2.214103899353065,71
-1.9778896163237683,-2.2174428335507295,71
-1.8494584073408546,-2.104222246227336,71
-1.9143428524051296,-2.1057889025090293,71
-1.817075979619996,-2.1058889503374614,71
-1.6969800901807295,-2.214103896099299,71
-1.9778896163264246,-2.217442833548419,71
-1.8494584073408504,-2.104222246227338,71
-1.9143428524051318,-2.1057889025090275,71
-1.8170759796200215,-2.105888950337443,71
-2.447054984974606,-0.8305143734122172,89
-2.501340680471562,-0.869307379231864,89
-2.4021544101020904,-0.7968617509447191,89
-2.503311257063067,-0.8319669766063289,89
-2.447054984974621,-0.8305143734121617,89
-2.5013406804715657,-0.86930737923186,89
-2.4021544101020984,-0.7968617509447045,89
-2.5033112570630727,-0.8319669766063118,89
-0.09774511283238053,2.0033103546625592,27
-0.1849123984957185,1.8119418006119192,27
-0.16374050421298306,1.8787365292937739,27
-0.15169536820623294,1.9419375949758189,27
-0.18116789265578104,1.7517782619252504,27
-0.0418167169334159,1.9142535106666245,27
-0.0708216461164911,1.964125208164739,27
-0.10733840893116532,1.8143139842012241,27
-0.12069440580886168,1.990544566146017,27
-0.14497021423379733,1.704515702650133,27
-2.3907708028701418,-0.9561594094916867,89
-2.451166350453382,-0.9954926888163502,89
-2.459125180552467,-0.9091639766350421,89
-2.410796412974111,-0.781286478395056,89
-2.4191300609817747,-0.9031009426197667,89
-2.3907708028701786,-0.9561594094916006,89
-2.4511663504533825,-0.9954926888163499,89
-2.4591251805524674,-0.9091639766350436,89
-2.4107964129741264,-0.7812864783950572,89
-2.4191300609817765,-0.9031009426197625,89
-2.5948444330081646,-1.5470843467280275,73
-2.5976565400412017,-1.5362058412911208,73
-2.6294207804952556,-1.561580515689947,73
-2.5831223244009807,-1.5456393961429302,73
-2.5948443876087075,-1.5470844030735973,73
-2.597656572998577,-1.5362058002529024,73
-2.6294207946299144,-1.5615804981045687,73
-2.583122377017097,-1.5456393309498881,73
0.8154036365373469,2.3906066231705854,22
0.726385403717242,2.3450638004104625,22
0.707381283530751,2.257482666489397,22
0.7107440191703703,2.329340747530291,22
0.6632187839080452,2.230743451709553,22
0.8206388812196371,2.3217959869990357,22
0.820887165462583,2.3710568666656298,22
0.7929247582844193,2.2500704174034896,22
0.773257562339588,2.3454579039496655,22
0.7361757901013876,2.2670728452167888,22
-2.36682942450624,-1.7365632494688672,73
-2.6457454850546447,-1.660717233838058,73
-2.463231012612185,-1.5697828021286826,73
-2.591853212480994,-1.5376682246367055,73
-2.4315072301083105,-1.603533869011695,73
-2.3668294634275076,-1.7365632017584363,73
-2.6457452463610616,-1.6607175609380458,73
-2.463231015027431,-1.5697827992720248,73
-2.59185317863844,-1.5376682663895587,73
-2.4315072302098932,-1.6035338688938006,73
3.2312004469753277,-1.2176562493319854,40
3.5199772383647816,-1.2947841687112442,40
3.491994685544366,-1.3278064939820138,40
3.3772475445958525,-1.1741504792214232,40
3.231200446975329,-1.2176562493319765,40
3.5199772385787087,-1.2947841680396694,40
3.491994685543841,-1.3278064939835936,40
3.377247544926603,-1.1741504779477325,40
1.572234828184073,-2.169992183721894,48
1.6405609023224765,-2.0192763508519773,48
1.634005149165529,-2.077038002240331,48
1.727313552744634,-2.0803700749283056,48
1.5134843618763476,-2.305864614511227,48
1.4921149496478772,-2.1860096841523524,48
1.539198606538712,-2.156474848343305,48
1.5667900334432507,-2.1116293453707353,48
1.655415455609003,-2.1647411207910427,48
1.448339720854546,-2.301333307900645,48
3.445681789048194,-1.152869191888618,40
3.195341842201754,-1.206957275049043,40
3.398654080863441,-1.2158264288503517,40
3.428115505721385,-1.2440962994494567,40
3.2778360594538176,-1.1275729819945266,40
3.4456817890482045,-1.1528691918885814,40
3.1953418422017466,-1.2069572750490587,40
3.3986540808634245,-1.2158264288504101,40
3.4281155057214563,-1.2440962994492089,40
3.277836059857841,-1.12757298044023,40
3.501847765184463,-1.214933699453005,40
3.35124168704695,-1.3093638609288252,40
3.5624343002202288,-1.3289704355188021,40
3.5922718829226823,-1.3113345619806203,40
3.4555413963328814,-1.2412597934392517,40
3.5018477651844604,-1.214933699453011,40
3.351241687046412,-1.309363860930581,40
3.5624343002202106,-1.3289704355188559,40
3.5922718841240733,-1.3113345584957645,40
3.4555413963304416,-1.2412597934473977,40
1.4260658732216125,-2.1717910636098083,48
1.5125606547059105,-2.3360382996867926,48
1.414544023618947,-1.9325993611108154,48
1.5694223106360035,-2.0824198256565456,48
1.5021203731727584,-2.0280017209769925,48
1.5330646036212194,-2.1592863930405235,48
1.4041493523311095,-1.9967629475869235,48
1.6322042529803618,-2.0201216941343314,48
1.4733035452853722,-2.004329212245442,48
1.5668086948480802,-2.1194265062703237,48
1.4260658732196847,-2.1717910636113777,48
1.5125606556523685,-2.3360382989317863,48
1.4145440236189437,-1.932599361110817,48
1.5694223106361023,-2.082419825656458,48
1.502120373172761,-2.0280017209769885,48
1.5330646036205828,-2.1592863930410724,48
1.4041493523311253,-1.9967629475869102,48
1.6322042529803615,-2.0201216941343314,48
1.4733035452853729,-2.004329212245441,48
1.5668086948481887,-2.1194265062702256,48
-1.4759774880654442,2.4918229858829233,33
-1.5178849282371691,2.4852776729383113,33
-1.4719797064837918,2.4366542658841697,33
-1.4289605718873726,2.532898391777637,33
-1.5445758406963872,2.367820825244156,33
-1.437353498693921,2.5273481997114486,33
-1.4216221614390057,2.651695680273307,33
-1.4746343439791672,2.477285778988207,33
-1.4295543161995419,2.711955542486019,33
-1.5519087334195556,2.509958323184021,33
-3.4668567018827887,1.4921647726298461,86
-3.466971283556906,1.4919328010671709,86
-0.19404682325457176,3.5062441386081367,15
-0.17810728809749043,3.4448761027311785,15
-0.1349810098855672,3.427732872681955,15
-0.037069001514225826,3.47848892119876,15
-0.2745116118066877,3.429902361906337,15
-0.0738608075450047,3.5284189172152587,15
-0.01000920335159938,3.594945953342109,15
-0.08158819256485357,3.5229455845756856,15
-0.04959657645033905,3.5717112583920296,15
-0.19666997460188687,3.566589003190503,15
-3.674129667895767,0.6868895669955513,86
-3.674132278642479,0.6868786653382352,86
-1.7809759057170351,3.0610120554583404,18
-1.7920424441735467,3.02915704785546,18
-1.7669745978709477,2.9818150293122327,18
-1.7857539795258432,3.1341916223343618,18
-1.817199348878352,3.008504978594855,18
-1.6837894354131195,3.1454407164601754,18
-1.6936790559682557,3.1850424842227003,18
-1.6984336611987039,3.054984460266274,18
-1.7020035054235338,3.2570014759547457,18
-1.743493767981219,3.0896566709898856,18
-3.3079814199517683,1.7546194199756842,86
-3.307981419932851,1.7546194200086553,86
-1.0756406787454151,3.6662015285587004,18
-1.108679539853586,3.5778819942947844,18
-1.0589569066261983,3.6105295898340173,18
-1.0262085359711985,3.6167130928864997,18
-0.9115406763525736,-3.0928102924800958,18
-1.0772829010380334,3.6553800137218433,18
-1.0108222829668954,3.751375033219894,18
-1.054197174364525,3.7183097124210227,18
-0.9917824253327284,3.7365302836165104,18
-1.0814310139490444,3.715094470791825,18
-3.338977408507689,1.4674956151404788,86
-3.3389774080936645,1.4674956159519408,86
-0.49855878923774966,2.994734409493792,31
-0.5761911975964819,2.9069674997917954,31
-0.5210713677453531,2.880549863876408,31
-0.49394131343932135,2.9617788743735907,31
-0.7484022750683123,2.8575595590465044,31
-0.4433855662551183,2.9966660894067885,31
-0.5378282844046108,3.0526756124983097,31
-0.4953792603536993,2.877174112562782,31
-0.528848874072347,3.0109956870172954,31
-0.6930842168004281,2.8652007983906054,31
-3.36127750979052,1.5066596918341408,86
-3.361277509176424,1.5066596930918876,86
0.4681837106192231,3.543998863808328,16
0.40383259871108473,3.4921296194877294,16
0.41584090172773663,3.4702779053943664,16
0.4701303038315275,3.4946753683795144,16
0.30391106563285847,3.4819016751850116,16
0.5072453397608793,3.4929462292827154,16
0.5458812272355035,3.6567788086035415,16
0.5140494136266146,3.515992537576012,16
0.5052397819543683,3.5873188607287245,16
0.3946937601202955,3.5330895693364583,16
-3.6900223530180343,0.9128603201264845,86
-3.690004894106221,0.9129213299210711,86
-1.1875804108789805,3.263791751448367,18
-1.1448426017601796,3.2096306167221402,18
-1.1529467913206088,3.1866229891304214,18
-1.1062604564974496,3.2663755168445134,18
-1.2226071122143343,3.2094443070191305,18
-1.099679534631451,3.2700738116898176,18
-1.1295025223744628,3.3577257712269244,18
-1.1176671863789411,3.2202042835752667,18
-1.1283770312417711,3.3572804818519644,18
-1.1950500673181357,3.2548995356627297,18
-3.3770206286942765,1.6434580731377286,86
-3.3770206276261012,1.6434580750918861,86
-0.32565543516042483,3.740233075061077,16
-0.3541555677007126,3.6928723316392245,16
-0.303890462498385,3.6993625084632096,16
-0.5703746273891582,-2.9733958746549822,16
-0.35392559106763,3.672795849926259,16
-0.3641884764511813,3.703333284207239,16
-0.33395409786817315,3.8101351537067254,16
-0.3665693650935915,3.8057459585518227,16
-0.3084277334731174,3.738351335627962,16
-0.45222184066260085,3.813408673068514,16
-3.4004069807374795,1.4158502707386373,86
-3.4004060813599923,1.4158520485275092,86
-3.019681296595346,1.6076720312642008,47
1.6255200402232266,-3.0389170067414684,47
-2.9194027992117033,1.6302969234724665,47
-2.949775262396747,1.7763212942783089,47
-3.1713633988393624,1.4602756633452387,47
-3.4623181569750194,0.32658732279894165,47
1.2439993822896755,-3.2912870358159676,47
1.313306031371566,-3.304120553589639,47
1.2786679389120363,-3.258334478546833,47
1.4059480509877527,-3.3560055393440504,47
3.6196410162754913,-1.5067375529734732,38
3.6196178501784964,-1.506792969221343,38
3.492015094371864,-1.4617559218945653,38
3.4920014530586645,-1.4617899223020991,38
1.6003539096046355,-3.0350211157795415,47
1.8555455521959825,-3.1289084660598623,47
1.6028872879443878,-3.0337937228864797,47
-3.289494570155566,1.2462487419750539,47
-1.4827785286754425,2.5938743607220713,33
-1.5273369963796206,2.629689221567737,33
-1.4824392132038362,2.574874431901143,33
-1.418051654295689,2.6584538894737655,33
-1.5772427818808563,2.5115307849894757,33
-1.4085168804094528,2.6526936199201656,33
-1.4209769104850019,2.778236370795905,33
-1.4674676266170363,2.606600504238424,33
-1.4221531939312737,2.811956737624028,33
-1.5661412896731797,2.6409064052536055,33
-3.4468407866225843,1.4521042918303217,86
-3.446840797972124,1.452104267580271,86
-0.2106843431157902,3.5767592246001274,15
-0.18347259252359102,3.5115678939030532,15
-0.14348678769004647,3.504662459218392,15
-0.04808582847029397,3.554181983677303,15
-0.28304506027309984,3.501627533512431,15
-0.08188227161440821,3.6130733767523444,15
-0.05144972273885688,3.6793748960164017,15
-0.10706881935274677,3.603083879096653,15
-0.0862529344022322,3.659097022742315,15
-0.23879228557306764,3.6167697408863844,15
-3.6562917849751724,0.6559431699658096,86
-3.6560017011496373,0.6571915823258734,86
-1.8130649992917962,3.154324149366438,18
-1.813333016848728,3.1167559833449054,18
-1.79651807106876,3.071401278928454,18
-1.8122655048609244,3.2226361080322237,18
-1.8436204949300334,3.0994199938684273,18
-1.7130012338153073,3.229882866985066,18
-1.7266596223305062,3.273007356927324,18
-1.7260084422526176,3.1420355912412075,18
-1.7337628692607288,3.3485229207310034,18
-1.7765407780235518,3.1759076718353834,18
-3.351329175822901,1.726713782099473,86
-3.35132917582225,1.7267137821006402,86
-1.097996374747581,3.7059848604445444,18
-1.13500444140917,3.6159740017877193,18
-1.092985779034617,3.6395431198219415,18
-1.0515809645565513,3.6531646677252763,18
-1.0888328612297453,3.5952958660313796,18
-1.0941704429555537,3.679012472060444,18
-1.0215190364460838,3.7909262222873443,18
-1.082429867622955,3.766830340571693,18
-0.994792994590329,3.7663275827047937,18
-1.2923535328387334,-3.357912720215401,18
-3.3876007776909485,1.4012704008095855,86
-3.3876007704728153,1.401270415100823,86
-0.5434961160368162,3.05845071080469,31
-0.6271962942209119,2.96397907328734,31
-0.5731245672143427,2.9445023398589147,31
-0.5214479413225863,3.0161104222616593,31
-0.7635418392687928,2.9195963068755617,31
-0.49594969897726005,3.0660069907199614,31
-0.5987519117796902,3.1150168351067737,31
-0.5530001735027555,2.9548495074994108,31
-0.5908622299874475,3.0860202134338994,31
-0.7471058982964136,2.9388857673428883,31
-3.3978150543741417,1.4871887096574492,86
-3.398442530354948,1.4859069395893572,86
0.4132941585443942,3.584571056692573,16
0.3614921486889766,3.5137700635270654,16
0.3660686933583485,3.500915105822186,16
0.4180231309912649,3.53940342146254,16
0.25531107887484356,3.5271912436849715,16
0.4628851444788449,3.55893104499583,16
0.47924338306761455,3.686992031804926,16
0.4482231348757206,3.5653258072597835,16
0.44785610749684374,3.644546023947367,16
0.32695230781831264,3.588783509862934,16
-3.727212865985778,0.7855426004923668,86
3.390842571314197,-0.38661425211274403,86
-1.2277145764504116,3.336765711286826,18
-1.1752689200167024,3.2721158046614844,18
-1.175024951943747,3.2721739162109564,18
-1.1293211544317712,3.323311871577909,18
-1.2550394537013856,3.2662327179235686,18
-1.1480310930789959,3.3244908008501817,18
-1.1799843227690168,3.4108078644584996,18
-1.1599081618217812,3.2800345417261774,18
-1.1766461383174667,3.405477305712045,18
-1.2425395503616332,3.3164308004711276,18
-3.409224497902657,1.6112267886869525,86
-3.4092244980721813,1.6112267883720395,86
-0.3561169710767843,3.7821610771459424,16
-0.4066450519897601,3.737093209858851,16
-0.36526166395581616,3.7276796055144206,16
-0.3398760726293235,3.703354254098777,16
-0.40417816186226957,3.7187736137745966,16
-0.41845351934109976,3.7304834338717145,16
-0.39645666705723687,3.8420793125004,16
-0.43309093896120404,3.8355384221764495,16
-0.3754549517593408,3.7777759987989237,16
-0.516566977398776,3.825271915003143,16
3.1709196622319786,-0.3095234484778718,86
-3.442149556822156,1.3710523496453633,86
1.800041895213287,-2.9348039327976196,47
1.8459067090925703,-2.8573760754120543,47
1.8673738963248359,-2.8820347988398103,47
1.9736424980989804,-2.8861629032672185,47
-3.004119276645767,1.497682933209167,47
1.2062742788847012,-3.1213178344264536,47
1.3621940654027327,-3.204277147254979,47
1.3461137868530628,-3.1965290351031843,47
1.382817874178695,-3.1955355000092514,47
1.5203650198188106,-3.2722266475158053,47
3.5345906260551256,-1.6267330996313145,38
3.5345910914805967,-1.6267321072868839,38
-2.735766192085215,2.4609023506131247,38
3.43307164371046,-1.5659742503897514,38
1.7882202719757698,-2.873334887478455,47
-3.0930763447020913,1.460253029119308,47
-2.8048142467363815,1.4943345777605619,47
1.9845239194847002,-3.006649871506126,47
-3.125565339994379,-0.2645628802983863,80
-3.16340745147952,-0.26743665342158907,80
-3.1144069557701983,-0.2357076494969499,80
-3.1687250420683766,-0.28153446857822734,80
-3.1255653399942287,-0.264562880301627,80
-3.163407451479622,-0.26743665341800094,80
-3.1144069557701846,-0.23570764949726172,80
-3.1687250420685085,-0.2815344685735324,80
-0.32364904409525325,1.3366724335405868,32
-0.3600334736527586,1.344167362687618,32
-0.319033698410692,1.2977662684249802,32
-0.37533695179988075,1.421717595573376,32
-0.3460244545081062,1.2758934960203319,32
-0.3074124858439905,1.364391612951394,32
-0.35352566819223313,1.4195636686454234,32
-0.313798551297908,1.2888822942041427,32
-0.4483752186481192,1.5264975863405577,32
-0.33852227620758407,1.2794870415746473,32
-3.2311191012387677,-0.15623747648783554,80
-3.1470450463869937,-0.33842366604364543,80
-3.0955563426437607,-0.2937655572995188,80
-3.138613392495479,-0.19928735272185896,80
-3.0704671841324815,-0.2997054292065401,80
-3.231119101239413,-0.15623747644540148,80
-3.147045046375626,-0.33842366625954146,80
-3.095556342639985,-0.29376555734351234,80
-3.1386133924950976,-0.19928735272963988,80
-3.070467184138289,-0.2997054291287352,80
-3.2222364108067247,-0.9356343892888332,80
-3.0955762476768522,-0.9356344639966032,80
-3.0992869184403955,-0.9398833759335998,80
-3.1303290198147304,-0.9140617257186163,80
-3.2222364107392947,-0.9356343895024526,80
-3.0955762475838133,-0.9356344642514325,80
-3.099286918421974,-0.9398833759832874,80
-3.130329019815838,-0.9140617257152965,80
0.7066902688429406,1.9564873878805105,15
0.6434149898648014,1.823884710468917,15
0.6678662739820429,1.7735830935319943,15
0.7490638350731131,1.999164364232287,15
0.6897251108119057,1.8365571959410778,15
0.8172985205873263,2.01759471043081,15
0.8849450239954169,2.0261534157099015,15
0.8797043374727965,1.8874204732599689,15
0.8796707359771843,2.143161648944542,15
0.8313941866164547,1.8411154598100155,15
-3.236130572928491,-0.8693195042309783,80
-3.2547226785320946,-1.0299273486291471,80
-3.1129348016744918,-0.968718569164392,80
-3.1527893792416175,-0.9391476995381142,80
-3.0706114811489478,-1.004152647695179,80
-3.2361305711460946,-0.8693195103669643,80
-3.254722678569815,-1.0299273485192972,80
-3.1129348017443292,-0.9687185689748005,80
-3.15278937924199,-0.9391476995369968,80
-3.070611480963057,-1.004152648158516,80
-3.1340430282923006,0.6663282038633898,84
-3.136285147795101,0.6611743957355819,84
-3.076991781714028,0.6738827344201924,84
-3.177913977563157,0.6519454184927608,84
-3.134043028292302,0.6663282038633905,84
-3.136285147795103,0.6611743957355823,84
-3.076991781714024,0.6738827344201943,84
-3.177913977563166,0.651945418492736,84
-1.128629200213697,2.2526519504938,25
-1.0618051875690222,2.262502465592703,25
-1.074525829865505,2.2454879007578095,25
-1.1189504718544325,2.4084968510186813,25
-1.0562851577685874,2.1957031950488806,25
-1.0565965935041737,2.3738975387670886,25
-1.0140464825644084,2.378775183195316,25
-1.0207466446132445,2.2888553129144427,25
-1.105723856977903,2.507465158733338,25
-0.9530734955693031,2.1965861855056494,25
-3.2253089161374087,0.6827669098040349,84
-3.125570764493609,0.5544667607960602,84
-3.046306755465483,0.5970941971781698,84
-3.0354301233629246,0.6948591379898272,84
-3.034823503032612,0.5623158435901854,84
-3.2253089161374047,0.6827669098040362,84
-3.125570764493189,0.5544667607974826,84
-3.046306755465485,0.5970941971781693,84
-3.0354301233629233,0.6948591379898272,84
-3.0348235030326123,0.5623158435901865,84
-3.199693419089388,0.029489923671172844,83
-3.174198544321964,0.02567864159625242,83
-3.16056021670977,0.032437213358647424,83
-3.1801068529563046,0.025798732793937126,83
-3.199693419090276,0.02948992364682923,83
-3.174198544322448,0.025678641590838446,83
-3.1605602167097726,0.03243721335859374,83
-3.1801068529555225,0.025798732805012714,83
-0.22088679848400822,2.6452961498079333,21
-0.26149521331462616,2.691428175760254,21
-0.22379419092120983,2.687140555338176,21
-0.20510847383871042,2.7415114388708846,21
-0.2087767316333296,2.569275914303017,21
-0.2284818863812293,2.7963918072381184,21
-0.20162760003688912,2.7860471871324335,21
-0.21031762462222012,2.7993016722834385,21
-0.20179569729633356,2.8259424633139623,21
-0.20429617973782993,2.678824775695032,21
-3.2758009878243817,0.02224470704281521,83
-3.2478349534365876,-0.06826036944123408,83
-3.115905338083639,-0.005890847106050082,83
-3.1696847446474994,0.020559061766803263,83
-3.1008333743146066,-0.0769485453008001,83
-3.2758009878242675,0.022244707045344998,83
-3.247834953436595,-0.0682603694423611,83
-3.1159053380836883,-0.005890847106990105,83
-3.169684744641908,0.020559061834543563,83
-3.1008333743146106,-0.07694854530089813,83
-2.9016783461812383,-0.21544215964258612,78
-2.88317093702897,-0.19741830746066677,78
-2.874661902470417,-0.21681724680271183,78
-2.879709234316643,-0.19344112978633982,78
-2.9016783461812437,-0.21544215964258234,78
-2.883170937028969,-0.1974183074606772,78
-2.8746619024704168,-0.21681724680271558,78
-2.8797092343166426,-0.19344112978634045,78
-0.08344479909329995,1.8791868599515031,30
-0.04179292370611113,1.791325626752896,30
-0.04386063964848329,1.7895291702408336,30
0.0017899698613366374,1.7965224485833504,30
-0.17655904091442118,1.6608571660484377,30
0.0009419833324084128,1.840838777593766,30
0.03229726733821304,1.9076224335306304,30
-0.0010111733610243343,1.7251584341495425,30
-0.001368987335607981,1.922965956231628,30
-0.0900729393228851,1.65316643017469,30
-3.0991244322042255,-0.1328260782347216,78
-2.9059061183259507,-0.29698191242076283,78
-2.902821433908822,-0.2444413973760898,78
-2.9198798231466125,-0.19236206175801954,78
-2.903445335805017,-0.2418122190556664,78
-3.0991244322042326,-0.1328260782343694,78
-2.905906118325948,-0.29698191242076566,78
-2.9028214339088296,-0.2444413973760611,78
-2.9198798231466054,-0.19236206175808251,78
-2.903445335805014,-0.24181221905573383,78
-3.148389514567925,-0.9191149872739227,77
-2.9018408859277205,-0.9377522310021447,77
-3.022643710149392,-0.9545049334115684,77
-2.9932765070289027,-0.9085048728909139,77
-3.1483895141991765,-0.9191149884598969,77
-2.9018408859495763,-0.9377522309538129,77
-3.0226437102345707,-0.95450493319148,77
-2.9932765068634684,-0.9085048733347565,77
0.9330827712978411,2.4369503427440855,20
0.8888428460461572,2.296792084638224,20
0.8727115161563376,2.251490891610183,20
0.8902472385684164,2.3006471234699406,20
0.8771722798485604,2.179339054133794,20
1.0163077977401966,2.4464529808060176,20
1.083660462318772,2.5168819470129993,20
1.0617404052948973,2.3604113343718383,20
1.0237618902990575,2.4905214276079395,20
1.0740886863145112,2.3391707586507184,20
-3.25682593121311,-0.896615240994163,77
-3.2498178655369347,-0.9918103044357327,77
-3.045967070782876,-0.975879599760271,77
-3.1353309023277363,-0.9267098313795665,77
-3.038324767327017,-0.9857145341078483,77
-3.256825937163552,-0.8966152202541494,77
-3.249817866127653,-0.9918103026751731,77
-3.0459670706470945,-0.9758796001104054,77
-3.1353309065235586,-0.926709819215248,77
-3.038324767085035,-0.9857145347208343,77
-2.9701070398060567,0.48080111844962603,88
-2.967817994550404,0.553235261919898,88
-2.9160888499877475,0.5046083391416507,88
-3.0233517055132344,0.5193744995069112,88
-2.9701070398060567,0.480801118449627,88
-2.967817994550407,0.5532352619198899,88
-2.9160888499877435,0.5046083391416525,88
-3.023351705513218,0.519374499506999,88
-0.6186862139493744,2.399381410318129,24
-0.5651819084995843,2.3030243112471496,24
-0.580514221304803,2.34389347348345,24
-0.5506577905377809,2.349733622227448,24
-0.6116741006992051,2.2220387932083967,24
-0.5687995601345984,2.412910340299755,24
-0.5389776954702171,2.4290180815659412,24
-0.5339642368086032,2.3430689950647157,24
-0.6032519561502446,2.462777629117926,24
-0.5888781330206408,2.223396788309043,24
-3.19287598807377,0.5136209928099318,88
-2.946253318167099,0.34863100296676236,88
-2.9645206243418594,0.4634044821312619,88
-2.923169609478939,0.5023594892339324,88
-2.9535352472220193,0.44260008215513896,88
-3.192875988074999,0.5136209928044475,88
-2.9462533181670985,0.34863100296676236,88
-2.9645206243418594,0.46340448213126534,88
-2.92316960947894,0.5023594892339325,88
-2.953535247222004,0.4426000821551909,88
-3.164093992847565,-0.1249256951571936,87
-3.0186546005248425,-0.12711225383850688,87
-3.061433769668605,-0.162772679256752,87
-3.0807602369574165,-0.1221655932262907,87
-3.1640939928475613,-0.1249256951571368,87
-3.0186546005248456,-0.1271122538385121,87
-3.061433769668604,-0.1627726792567529,87
-3.0807602369574205,-0.12216559322624829,87
0.22482049891647368,2.8617505115700235,22
0.13488607066175604,2.7891253126298774,22
0.1737536026635918,2.8258152861440933,22
0.1680544301193868,2.76406835613709,22
0.16689923125300304,2.6720580118617847,22
0.23086371322131063,2.82478206413998,22
0.23538936910338942,2.8091534672896237,22
0.22211182719282482,2.840440239443427,22
0.20234614477107102,2.7785286733406003,22
0.19850276939280878,2.76579196527301,22
-3.3844242258320607,-0.16325407007840478,87
-3.196246531709911,-0.26486371911564066,87
-3.042636912877092,-0.19977406327417654,87
-3.0833928921403744,-0.17843421079636415,87
-3.0206722029952853,-0.2254730412494815,87
-3.384424225833471,-0.16325406997856406,87
-3.1962465317099493,-0.2648637191147226,87
-3.0426369128770894,-0.19977406327420408,87
-3.0833928921403757,-0.17843421079635066,87
-3.0206722029952835,-0.22547304124953316,87
3.032946725112776,-1.215274747574325,38
3.1021997579965963,-1.1980061412446548,38
3.1246459479009157,-1.214484924213929,38
-2.236063015062159,2.1200892848773782,38
3.032946725114587,-1.2152747475698493,38
3.1021997579965213,-1.1980061412448335,38
3.1246459479014375,-1.2144849242125575,38
3.067180054151418,-1.1223623038916444,38
1.5111356968752432,-2.1708721217905573,50
1.4524021908357165,-2.2114447373411767,50
1.5509651533819493,-2.134723620971271,50
1.5974981809923183,-2.213586131047466,50
1.4714925235050316,-2.50411190621505,50
1.2462151937051942,-2.432608007944768,50
1.1748559936957368,-2.5188210434056355,50
1.2328692635160496,-2.428432806205937,50
1.1947073648594906,-2.564022983392525,50
1.2295165429784392,-2.688510021813206,50
3.315854816012851,-1.1031309618353433,38
3.2743172433299264,-1.1291254065216951,38
3.1549375422733483,-1.1858472116481138,38
3.1686775056681906,-1.1147911611392787,38
3.1015064718587544,-1.1247363021701724,38
3.3158548160130183,-1.1031309618347267,38
3.274317243324696,-1.12912540653957,38
3.1549375422730304,-1.185847211648954,38
-2.2962870286664496,2.2366609695335873,38
3.101506471858752,-1.124736302170176,38
3.2066501483321,-1.089245796703154,38
2.9855884184256984,-1.056824742855389,38
-2.1330022157985775,2.143526537910776,38
3.2120306522534325,-1.050873582587972,38
3.1046034893060495,-1.0723262040738182,38
3.2066501483320997,-1.089245796703157,38
2.9855884184256993,-1.056824742855388,38
3.080643248631328,-1.1133076645033542,38
3.212030652253436,-1.0508735825879574,38
3.104603489306052,-1.0723262040738177,38
1.4077009819545279,-2.173562962698931,50
1.6359528359727622,-2.450585311156699,50
1.3524752682902714,-2.1930966859574528,50
1.6473426975403491,-2.386489480120676,50
1.319692528141299,-2.2326312141597673,50
1.6122164614629355,-2.401448787955721,50
1.3419431704912668,-2.1288036296134583,50
1.606893762181094,-2.3868680017480126,50
1.3587897230068664,-2.185968199443998,50
1.6244864505537202,-2.539768675614249,50
1.4077009819524107,-2.1735629627006214,50
1.635952835965298,-2.4505853111621145,50
1.3524752682937369,-2.1930966859545844,50
1.647342697551592,-2.3864894801120196,50
1.319692528141227,-2.2326312141598303,50
1.612216461489575,-2.4014487879363977,50
1.3419431704187201,-2.1288036296753954,50
1.6068937621791752,-2.3868680017494683,50
1.3587897230064738,-2.185968199444328,50
1.6244864507225425,-2.539768675501215,50
-1.6349339593390237,2.4008138448882503,33
-1.7432998234669939,2.3727722818840506,33
-1.6555189278882803,2.3862665970822428,33
-1.6276398037027227,2.415394638127157,33
-1.7562741622878797,2.356423321589316,33
-1.6269876834333705,2.297146522209349,33
-1.703099524200262,2.4410762621725484,33
-1.6920824452175858,2.334489350880538,33
-1.6664440902888114,2.4277986821308697,33
-1.7903675639289613,2.4170727690364364,33
-3.486978939562011,1.5555791224168063,86
-3.486980492843858,1.5555761219176583,86
-0.47934547817471307,3.5164858685511886,15
-0.6204830644716233,3.4502626933014002,15
-0.44606232373714955,3.4751759969674603,15
-0.40853546648157896,3.511456389481611,15
-0.6785357823253805,3.459634771206424,15
-0.562307467216671,3.4395238580499536,15
-0.4741219573074672,3.5649098451169348,15
-0.517536955912611,3.4923147177290126,15
-0.48989071116507416,3.548244738497238,15
-0.6319947759371298,3.534028284968777,15
-3.660559206723398,0.8001382884622883,86
-3.660557476302043,0.8001448261678755,86
-1.8785484720826273,2.9626907747791074,18
-1.9563355772692579,2.9072779652681873,18
-1.897266974642424,2.918177681198301,18
-1.90425656722445,3.0016139215940965,18
-1.966465662861807,2.9391935157497393,18
-1.8549356457540507,2.9739847072711605,18
-1.9239733398460304,3.0432082008826105,18
-1.8909131300978002,2.9549294918666,18
-1.89301423911164,3.0664311275087752,18
-1.9641498156675643,3.025723296962817,18
-3.373835617762556,1.924667301259209,86
-3.373835617761689,1.924667301260621,86
-1.42470064962915,3.551933891603201,18
-1.5282112457049555,3.4984128452462713,18
-1.4666701766368877,3.5422807446308435,18
-1.4016821276541684,3.527490369272954,18
-1.4971445483386991,3.4637695105755237,18
-1.4835673394280438,3.5476413667949513,18
-1.497226699597587,3.590502837886105,18
-1.5234837299021684,3.621750678165924,18
-1.4805742449030388,3.547225450896352,18
-1.6035489952505062,3.6026536844488777,18
-3.316684525635299,1.5658971356680986,86
-3.316684519351928,1.5658971480628998,86
-0.8722847389084071,2.7865410490513636,31
-1.025115426992156,2.5467636767573896,31
-0.8823067519294547,2.6488051271026727,31
-0.869103529893981,2.6649400982549367,31
-1.125529694163242,2.5756140344921548,31
-0.8851512663752321,2.610235089319558,31
-0.9893524988793299,2.7214736674333775,31
-0.9236759988334693,2.5401840268448654,31
-0.9480312541389113,2.654847146973368,31
-1.1099283771161745,2.548985673213094,31
-3.392430892156095,1.5193084235352756,86
-3.393846079843407,1.5165180569997185,86
0.10430090009358442,3.406901728451038,16
-0.0007976774567692505,3.3555483799791945,16
0.06308099076618809,3.385938753359906,16
0.07586868364385206,3.3612969046557915,16
-0.0888165866275112,3.3388676321597557,16
0.07085766727681146,3.296983321458434,16
0.09280112209509116,3.4647073950066978,16
0.06567727421423486,3.353838654885246,16
0.07950113353787118,3.364964867325275,16
-0.046756744637009226,3.366721495071604,16
3.462339983339897,-0.43277481762228504,86
-3.805819885433972,0.6211567504061705,86
-1.3800606767569616,3.1418302543724623,18
-1.47019328757252,3.0053942516404346,18
-1.3785401385808,3.0748596092622047,18
-1.3885563739525588,3.1012552345007305,18
-1.5379587046325336,3.047503864380749,18
-1.426412790112396,3.0331524504806566,18
-1.5194463491018118,3.1082635768986018,18
-1.4563357914131572,2.9939537653490547,18
-1.48202141720131,3.096996853840966,18
-1.5734682606153556,3.0006343869953285,18
-3.4635864985610274,1.8187530732477097,86
-3.4635864987216154,1.8187530729667463,86
-0.6810490716392175,3.6381862963278175,16
-0.8077710215145145,3.530837149812391,16
-0.7556831203557327,3.621007201679727,16
-0.7249005555437605,3.5441149842707325,16
-0.8261312749907586,3.5114489761892442,16
-0.7710674652690716,3.561347251515912,16
-0.8396966600939979,3.6176871687580037,16
-0.8122012119529328,3.643173926736204,16
-0.8249064502205877,3.5524903339050953,16
-0.9539601717999973,3.5663769251359128,16
-3.3951624668586504,1.4709341922109629,86
-3.3951625761231146,1.4709339622357933,86
1.6345252565033472,-3.093756925321304,47
1.7865047972806753,-2.9129440208745843,47
1.8091972682095137,-2.9438328206232773,47
1.909714530526727,-2.9199672451690275,47
-3.0191913736501803,1.4414990199553628,47
1.237401853243406,-3.2214851646235925,47
-3.096538249663375,1.2456863848505708,47
1.3793677191564349,-3.2162200719673515,47
-3.1437233307258414,1.1817033660180507,47
1.3493337428280618,-3.237581786932979,47
3.6309487591192497,-1.6940896661553393,38
3.6309477211426167,-1.6940918937040508,38
3.5908459911124284,-1.6919623560468413,38
3.590846162983377,-1.6919619923773337,38
1.4516332818451592,-3.1049520988959056,47
1.8014665076268337,-3.0585778253828027,47
1.4516021671716821,-3.1049648335922146,47
1.8013762482104332,-3.0586251892070573,47
-1.6498573234153295,2.4343597226635776,33
-1.790588230328377,2.433945711183937,33
-1.678439889797003,2.42652333179527,33
-1.6547067883272792,2.461737293999973,33
-1.7713924426446805,2.3831700066304373,33
-1.6586862211071154,2.385515028012507,33
-1.7380033275295863,2.545492348078006,33
-1.7253904388551273,2.437840318914213,33
-1.7119563308436778,2.5534788246122346,33
-1.832250336142216,2.495444859998919,33
-3.4867168131652835,1.5516836376785468,86
-3.487074768705688,1.55099022441798,86
-0.4962864218078983,3.575102080909353,15
-0.6514220658135547,3.4864313879187754,15
-0.4699388661819403,3.527038742712882,15
-0.44469081977970015,3.521506294474013,15
-0.6681157351441085,3.5028701428194666,15
-0.5939388632804959,3.487339539550248,15
-0.5505048178133602,3.591883862788014,15
-0.5781867741872139,3.544585517675761,15
-0.5393632017243138,3.5822279178373186,15
-0.7111902821345222,3.5491309016934425,15
-3.6875480160383045,0.6934447935553045,86
3.1546219508628783,-0.6441401624571379,86
-1.9056207863088797,3.043204004231931,18
-1.9605259207470267,3.0032597089620583,18
-1.9143068274432855,3.006605213652173,18
-1.9109866262913595,3.042376222205817,18
-1.9856379033235487,3.0148272859917977,18
-1.8834675748864105,3.0488413727464283,18
-1.9374188580745813,3.1245843988632647,18
-1.9150003719271924,3.0573656407446834,18
-1.9269818720474312,3.1346971715333796,18
-1.9955484792746547,3.1093543704177904,18
-3.4283365902999012,1.8896641079419134,86
-3.428336590275777,1.8896641079824,86
-1.441931213270432,3.5713047795490924,18
-1.5484747535640815,3.5080521304244576,18
-1.7209204911718115,3.4406247361663107,18
-1.427325374448419,3.522854149860787,18
-1.5212539777438172,3.472580393541785,18
-1.5308576950603825,3.5317035248827993,18
-1.5333375460394811,3.5897984129842633,18
-1.5528223857783925,3.6354590836176883,18
-1.5222805181857162,3.551725568147934,18
-1.630156008271767,3.5858344154438924,18
-3.389749996330797,1.4724514895191287,86
-3.389753169800599,1.4724447881933933,86
-0.9060229218515349,2.851773430666754,31
-1.0590345407277608,2.6522368282085464,31
-0.929669720669366,2.7456203358926303,31
-0.914159992738271,2.7366923993293764,31
-1.1518687610248004,2.63945250069259,31
-0.9331557343682919,2.749093487461363,31
-1.0347877718523066,2.815413977561323,31
-0.98002552122687,2.679409293219996,31
-1.0055454586461616,2.741463250397691,31
-1.151383413090299,2.68832740181467,31
-3.4262556321132243,1.5125684257951946,86
-3.426256325023917,1.5125670698769662,86
0.03742514605293008,3.433424091559006,16
-0.04949498471925376,3.3786418182707503,16
0.0043443499443768735,3.4086466697510365,16
0.051880269504126504,3.3697023700899846,16
-0.15971040296488362,3.3569606297173467,16
-0.010624725263218286,3.349603286332267,16
-0.008951200876543728,3.507247070677684,16
-0.022128977052313255,3.417411089259642,16
-0.002878204174223153,3.4133405995722668,16
-0.14552056878808348,3.4124340767058774,16
-3.7837862772551216,0.7131336620925252,86
-3.7837818373608667,0.713152854393617,86
-1.4047692680000319,3.211944401467514,18
-1.4927337614047205,3.075754544425175,18
-1.3994023871433823,3.1350316516864596,18
-1.398349664485934,3.120112525497529,18
-1.5470546124668794,3.08028438812473,18
-1.4569680217614591,3.103719688766652,18
-1.5285592540504,3.1739376668248087,18
-1.485834295375717,3.0735046086252535,18
-1.5086403032096594,3.135839461989996,18
-1.5985194506501954,3.082844358556885,18
3.639455924628326,-0.08217477793255552,86
-3.517220731901196,1.7650934668155809,86
-0.7224429308729796,3.6493808040760936,16
-0.853445931607609,3.5468807630525676,16
-0.7789905844948128,3.6188928255201,16
-0.7651110569412073,3.5447539883374413,16
-0.870886126541936,3.500080179070253,16
-0.840565342296043,3.5783370950187425,16
-0.9005865734630527,3.622883023924245,16
-0.8847857152344026,3.6560655423506545,16
-0.8903715799371976,3.5557410868556176,16
-1.0205069141194918,3.5718079748484333,16
-3.4490183430111,1.393810036171168,86
-3.449018343917435,1.3938100342490343,86
-2.892483793895028,1.4793166750556601,47
1.8113988744066563,-2.7986495261750526,47
1.8330975874836992,-2.850836705599278,47
1.9377316723636606,-2.7957864751925965,47
1.7852532004434198,-2.887839144589642,47
1.290873813496061,-3.1220864452521466,47
1.266533849622492,-3.0821287539337994,47
1.4514692522014947,-3.0859522657769616,47
-3.0016568819023886,1.170236560360471,47
-3.075152463761161,1.0647850146186686,47
3.5954113423654515,-1.7703132829074886,38
3.595410594655862,-1.7703148127387665,38
3.538965567163341,-1.7832107334447687,38
3.5389651777853164,-1.783211521242453,38
1.511819684710227,-2.9609879802447843,47
1.857491872007416,-2.9324845263138952,47
1.511140466701105,-2.9612973683659187,47
-3.0293291051298814,1.2919892973789102,47
-3.102368260628595,0.036438186060353456,80
-3.1621333538430867,0.007049575029931049,80
-3.081322652141076,0.0662131156134683,80
-3.1696679837853887,0.013794152366217605,80
-3.1023682606379577,0.03643818593440493,80
-3.162133353859189,0.007049574806353659,80
-3.0813226519298924,0.06621311846683182,80
-3.1696679837829738,0.01379415239686479,80
-0.5951589625244788,1.3571292718768901,32
-0.653563123957765,1.3368012932468052,32
-0.6415264999916395,1.3485339417378157,32
-0.6237994301086843,1.3832897342327222,32
-0.6073783599614709,1.269232017555097,32
-0.574749022874351,1.3625803354397852,32
-0.6646469821405596,1.4177608553776164,32
-0.6293161945859665,1.369715696781012,32
-0.7173873967644143,1.4913067680165786,32
-0.6610587079040544,1.329283082342461,32
-3.2305546248031125,0.18994093633728829,80
-3.0636192200411902,-0.03654396828850286,80
-3.102925818401875,0.0033230969755353697,80
-3.112936276968678,0.09493248021990074,80
-3.0684743899119624,0.010967247440600413,80
-3.2305546347258915,0.1899408774085549,80
-3.0636192200388086,-0.03654396818768641,80
-3.102925818467402,0.0033230958226350632,80
-3.1129362765622277,0.09493248501125802,80
-3.068474390006739,0.01096724536674276,80
-3.271944157249586,-0.7323859294785577,80
-3.209090131649833,-0.7286373031412928,80
-3.150111594142297,-0.6854415494879595,80
-3.217268960729579,-0.7304286548255122,80
-3.271944157918538,-0.7323859265714914,80
-3.209090131573513,-0.728637303459456,80
-3.150111593502269,-0.6854415523195735,80
-3.2172689603257525,-0.7304286565534092,80
0.4213375582260892,1.9907671444887534,15
0.24545465121567223,1.7942678501364882,15
0.3373241710799497,1.8821244032274895,15
0.3438827324135482,2.0342557005060704,15
0.3175256645301858,1.8964614662775636,15
0.42593725301268703,2.093149573358805,15
0.3756297018197402,2.0959416523078276,15
0.44100269375043855,2.0068306182812554,15
0.38229904364369766,2.2347548945584976,15
0.3183673156902875,1.9288883025177117,15
-3.367837932267114,-0.6630010126684012,80
-3.3051376624835087,-0.7870516870846442,80
-3.1846382886527826,-0.7528131200821186,80
-3.206268834084345,-0.6449698149112134,80
-3.134697372063796,-0.7741782586196276,80
-3.3678379200504165,-0.6630010766899073,80
-3.3051376620965978,-0.7870516886612395,80
-3.184638288869163,-0.7528131191845635,80
-3.206268829786134,-0.6449698342358865,80
-3.1346973713896205,-0.7741782611476921,80
-3.111491951031841,0.8882588980603481,84
-3.1322690954482195,0.8692259045928183,84
-3.074032718267295,0.9112164697818617,84
-3.180749319869498,0.8681998913571028,84
-3.111491951031839,0.8882588980603484,84
-3.1322690954482186,0.8692259045928187,84
-3.074032718267297,0.9112164697818612,84
-3.1807493198694994,0.8681998913571024,84
-1.3149177885552186,2.191586209783457,25
-1.274989469960992,2.1791176831383936,25
-1.2930211437525205,2.1875512810793833,25
-1.3114493750427374,2.324519687114731,25
-1.2733239516247,2.149693216980146,25
-1.295761331980033,2.260545558165438,25
-1.2798329398565187,2.259472988890749,25
-1.2849902433543907,2.212888750329122,25
-1.3259934748838509,2.340846452176865,25
-1.2711274497692893,2.161376428628236,25
-3.2116941936074106,0.9004413015114192,84
-3.056364473815347,0.7840074921732838,84
-3.034057747244414,0.8514185119018867,84
-3.0341508696161283,0.9331486833692182,84
-3.0027485090390647,0.8179726425902475,84
-3.2116941936074097,0.9004413015114214,84
-3.0563644738153464,0.7840074921732842,84
-3.0340577472444163,0.8514185119018881,84
-3.034150869616129,0.933148683369219,84
-3.0027485090390655,0.8179726425902454,84
-3.2066013335916743,0.29872986513651534,83
-3.1549773226904256,0.3131573175656794,83
-3.1374407586402975,0.3312433067113976,83
-3.155474192474794,0.30974450610690785,83
-3.20660133359168,0.298729865136498,83
-3.1549773226904296,0.313157317565672,83
-3.1374407586402935,0.33124330671139246,83
-3.155474192474808,0.309744506106813,83
-0.6182150664349971,2.7174001468219253,21
-0.645661530863949,2.722234832369382,21
-0.6392838454163636,2.7776391061151444,21
-0.6007094991496535,2.782866845305085,21
-0.6261935758092977,2.5983704385963815,21
-0.6614990900376194,2.697130661272914,21
-0.652127859655609,2.795471657696926,21
-0.630967591589487,2.8187133955183703,21
-0.6547326347537084,2.8052236224873006,21
-0.6724701379258824,2.7368664043779236,21
-3.3182722922469416,0.2984872474812856,83
-3.19623612563891,0.2544242337748003,83
-3.141291726161331,0.3205749334970084,83
-3.155128631201806,0.3556743548184156,83
-3.070172715429621,0.2928500380678318,83
-3.3182722922459624,0.29848724748854544,83
-3.196236125638876,0.2544242337749788,83
-3.1412917261613384,0.3205749334969736,83
-3.1551286312021842,0.35567435481620246,83
-3.070172715429617,0.2928500380678329,83
-3.0142067412495175,0.13986742315565492,78
-2.976565741690156,0.05232633832342664,78
-2.9805570170888833,0.07822813907080844,78
-2.993760981531879,0.10382619841280177,78
-3.0142067412560327,0.13986742308800754,78
-2.976565741690082,0.05232633833101021,78
-2.980557017092386,0.07822813894891902,78
-2.993760981527925,0.10382619848017317,78
-0.32436640575683123,1.7249801559626587,30
-0.3692246848425342,1.6161274878353553,30
-0.32215996378359774,1.6562083475369043,30
-0.3065443135156231,1.6500199384764007,30
-0.4465154463562864,1.5474294280113972,30
-0.28795064903991424,1.6762348511935112,30
-0.4354316655572743,1.7428332087595122,30
-0.35961373073554603,1.6075915091670434,30
-0.44452451269279114,1.7449317498126997,30
-0.45489022398471024,1.594540156160914,30
-3.227620515084967,0.26910005215636534,78
-2.998343222448188,0.030046835460517115,78
-2.9686202307126215,0.011513234179442977,78
-2.9841581653208893,0.13156966403692336,78
-2.9712702873991397,0.04778523431975359,78
-3.2276205164587894,0.2691000440331623,78
-2.998343222447983,0.030046835495547677,78
-2.968620230713132,0.01151323422683466,78
-2.98415816523283,0.13156966493996863,78
-2.9712702873990264,0.04778523403737984,78
-3.2215155476485013,-0.6911374754018738,77
-3.0448997471994494,-0.7094544848129472,77
-3.1453332490667565,-0.7051699616906216,77
-3.05738004151227,-0.676466677978215,77
-3.2215155476008994,-0.6911374756217094,77
-3.044899747203002,-0.709454484799558,77
-3.1453332489742496,-0.7051699620826359,77
-3.0573800415616095,-0.6764666777725692,77
0.5995597180745587,2.16109915930239,20
0.4907865364543633,2.0573226124060335,20
0.5331918152668943,2.063755558214402,20
0.5378142149139388,2.0963987285534245,20
0.46210827255049897,1.95560318015909,20
0.572604788360212,2.0509999715908966,20
0.6786687130856484,2.2753568009523835,20
0.6451510473776488,2.099420833649343,20
0.616112638948081,2.251153913606173,20
0.5509290890363114,2.0852128484506536,20
-3.372825241115211,-0.5590107431754338,77
-3.2681277857003264,-0.7636766790513074,77
-3.181293844954684,-0.7862661641974715,77
-3.2363933101967324,-0.656304931836479,77
-3.1534595927067666,-0.7632240743272934,77
-3.3728254159196855,-0.5590095493233953,77
-3.2681277854348045,-0.7636766801405067,77
-3.181293845105247,-0.7862661636391431,77
-3.236393302154454,-0.6563049710128455,77
-3.153459593122769,-0.7632240726382222,77
-3.0854420723205056,0.7693163249696362,88
-3.063915702683041,0.7656891180911934,88
-3.0244072592396734,0.7729493413831832,88
-3.109925982505314,0.7595550816338112,88
-3.0854420723205105,0.7693163249696479,88
-3.0639157026830404,0.7656891180911931,88
-3.0244072592396747,0.7729493413831832,88
-3.1099259825053127,0.759555081633807,88
-0.8623786584518022,2.261601614659759,24
-0.8424575240144188,2.209226383006704,24
-0.8459462707293578,2.2266199254186194,24
-0.80186123573403,2.2364986301294585,24
-0.8712578103324179,2.096722996920262,24
-0.8388109057575753,2.2616228758157746,24
-0.8451226271638271,2.2678889607956396,24
-0.8253666625949624,2.2001683179901255,24
-0.8932480072432883,2.2997311966326293,24
-0.8943574880380063,2.093872405674542,24
-3.3179595984990087,0.8478503608914265,88
-2.999391916294262,0.6476224805640793,88
-3.0795593030352033,0.7294690080445845,88
-3.0204418242971394,0.7843940107039046,88
-3.0740747327727544,0.7575636470972219,88
-3.317959598494763,0.8478503609040775,88
-2.9993919162942637,0.6476224805640842,88
-3.079559303035202,0.7294690080445846,88
-3.0204418242971385,0.7843940107039042,88
-3.074074732772752,0.7575636470972197,88
-3.160475140401031,0.13730847884666403,87
-3.0794292210528846,0.12854457916245096,87
-3.0807483275036214,0.10181246163040364,87
-3.0990274126532573,0.12550218063992227,87
-3.1604751404010556,0.13730847884644287,87
-3.079429221052941,0.1285445791619252,87
-3.0807483275041507,0.10181246162320269,87
-3.0990274126531188,0.1255021806412235,87
-0.06521495810304391,2.7806052359881317,22
-0.17629830425552706,2.6951267741514005,22
-0.12692587097338398,2.7349192093062853,22
-0.1342241227850628,2.6955881322869475,22
-0.16927212448359488,2.567641502725984,22
-0.13829881884597053,2.711064580094133,22
-0.13472293033703703,2.7220453640406435,22
-0.11776400744597305,2.784972441904503,22
-0.17470097887970157,2.675573754748511,22
-0.24206371665736504,2.7056162035607,22
-3.4380665855018324,0.2109393340428133,87
-3.1553707611626747,0.007183269112004282,87
-3.1171544585143236,0.042615136089598854,87
-3.1349620931030167,0.09032588279495785,87
-3.0399954541653282,0.11201047640388277,87
-3.4380665854526047,0.21093933470002935,87
-3.1553707611367714,0.007183269673555271,87
-3.1171544585105253,0.042615136164686096,87
-3.134962093104262,0.09032588277876274,87
-3.039995454161012,0.11201047645573976,87
2.9243357857271275,-1.4841266545503216,38
-2.538179759146367,1.8891960004293733,38
2.985933497959001,-1.4526199459088904,38
3.001539426753195,-1.4791593340273717,38
2.9243357857196237,-1.4841266545850222,38
2.937711591733625,-1.4318613188901006,38
2.985933497958556,-1.452619945910794,38
3.0015394267494737,-1.4791593340425788,38
1.353669767739987,-2.3194634717237976,50
1.3447639067847128,-2.223594827456477,50
1.422241069706203,-2.2177752109048083,50
1.4650101658248558,-2.2468519886765486,50
1.3742948207933492,-2.503077969360886,50
1.1821195706582732,-2.3517169001808695,50
1.1224051249990612,-2.4179261631448465,50
1.2092970128614045,-2.358032208051051,50
1.163170838580729,-2.405798586309163,50
1.1788110402640115,-2.564872524520721,50
3.1964965856232603,-1.1158283881539424,38
3.0434889883665743,-1.4157863134004705,38
2.989263468891189,-1.3836488283055581,38
-2.666529791676792,2.0293224736730084,38
3.0544676161855326,-1.5261715623080307,38
3.1964965854964014,-1.11582838848517,38
3.0434890286858414,-1.4157860963984608,38
2.9892634692502393,-1.3836488269733573,38
3.07175954333723,-1.4339832981550271,38
3.054467615932871,-1.526171563242682,38
3.0435550743511457,-1.121979188525512,38
2.830877789896556,-1.1644955025634427,38
2.931617268843717,-1.1637444184655357,38
-2.460731230075539,2.1293745752864943,38
2.954361357828074,-1.1671179548440707,38
3.043555074347159,-1.1219791885339292,38
2.8308777898966566,-1.1644955025632344,38
2.9316172688441395,-1.163744418464609,38
3.086177013360494,-1.0974281500336505,38
2.9543613578275894,-1.1671179548451163,38
1.4134739706237847,-2.278342912174315,50
1.5837105386170662,-2.4187356555151323,50
1.349520910602312,-2.2136571624221255,50
1.6003054928200329,-2.1416845110153853,50
1.3052184828623452,-2.223925902470263,50
1.531597473183992,-2.286988905429518,50
1.337968400378721,-2.1498077821122394,50
1.5476316690293617,-2.2454374302642157,50
1.3601130498968974,-2.2013205367009907,50
1.5405290971655143,-2.326713771762186,50
1.413473970728612,-2.2783429120970182,50
1.583710538790225,-2.418735655390109,50
1.3495209105802974,-2.213657162439745,50
1.6003054928186202,-2.1416845110166665,50
1.3052184827902653,-2.223925902529502,50
1.53159747328843,-2.2869889053493733,50
1.3379684030837828,-2.149807779856735,50
1.547631669049937,-2.24543743024725,50
1.3601130499501,-2.2013205366585193,50
1.5405290970074754,-2.3267137718836803,50
-1.4412305941248238,2.2444344268367336,33
-1.4797740711247742,2.138405332310302,33
-1.421363156613443,2.221289236643643,33
-1.3320870641777205,2.1940796671400165,33
-1.3275308301080324,2.040269109823338,33
-1.428402824609531,2.192124251661867,33
-1.3710115034981176,2.1001802814857955,33
-1.4281572106584735,2.0955229237134447,33
-1.4133638697115352,2.1765249934052657,33
-1.3177903982194588,1.9137752735803124,33
-3.5776683755284746,-0.0075591989629625435,80
-3.5776683742211155,-0.007559156217420282,80
-3.613220553156648,0.0607248609142901,80
-3.6132205451364565,0.06072509248657131,80
-1.380277211092682,1.8727597086385002,33
-1.1981519216591916,1.67420699511514,33
-1.3802772110926829,1.8727597086385004,33
-1.1981519216591894,1.6742069951151368,33
0.041727690796430565,2.8730244795828286,15
-0.11409491923871222,2.7329912761535273,15
0.011734921402099231,2.8556809984070908,15
0.016994257188525395,2.8474222440927592,15
-0.030347731673782182,2.727692002126485,15
-0.033676628789176426,2.5691386819600077,15
-0.057444778976456994,2.55292987919034,15
-0.11394767054561247,2.495365606194694,15
-0.04566059871305595,2.603774854625839,15
-0.21835351320167498,2.347988178964112,15
-3.444849016269364,-0.6657361448189216,80
-3.4448490166769976,-0.6657361424412537,80
-1.8143768391589374,2.8525508758459672,25
-1.782181670609664,2.759612113204662,25
-1.7699197424904716,2.8498586292916706,25
-1.7450846573437808,2.820482681528535,25
-1.7559691436064762,2.734360242843311,25
-1.8264040059137605,2.920796116398746,25
-1.8067596476530992,2.817700106324915,25
-1.8404568185706167,2.82954975812726,25
-1.7961810867539443,2.8513416299634287,25
-1.8098782108495044,2.69053480581501,25
-3.7605555047050636,0.8760956175789268,84
-3.7605555048135155,0.8760956171845343,84
-3.7840367424499455,0.9635627174488968,84
-3.784036742471684,0.9635627173754072,84
-1.9194189321401876,2.6546931841518617,25
-1.792832769339058,2.478467613443272,25
-1.9194189321401858,2.6546931841518617,25
-1.7928327693390569,2.478467613443272,25
-0.9809829714779725,2.955259427432262,18
-1.0801416170710283,3.004409986492694,18
-1.0310630853303926,3.0576153148410903,18
-0.9868477510488805,3.03458405477533,18
-1.0527556992080942,2.8923928904272342,18
-1.0721566915753753,2.9282139752286316,18
-1.0680263966788697,2.956943227283443,18
-1.1047316385290884,2.954140436107519,18
-1.0720378489701472,2.964718043906543,18
-1.1611748316450956,2.8462387102250464,18
-3.7011158805529196,0.2639678836677501,83
-3.7011158805129956,0.2639678840337828,83
-0.8044620141045251,2.609478625478472,31
-0.8373682094867202,2.498984354021911,31
-0.7686522033026547,2.5653651735135576,31
-0.7004310566076418,2.5683016479530534,31
-0.8700523331036796,2.404414692323198,31
-0.7658134429192148,2.459076158599303,31
-0.784867955324434,2.4282149433452855,31
-0.8369051581889663,2.3781525145284887,31
-0.7677314676849555,2.4489793861745417,31
-0.9484478487035249,2.217976965480115,31
-3.600181949407872,0.06357473029170323,78
-3.600181949442082,0.06357472951499857,78
-3.548093436302381,0.23224189214058177,78
-3.548093437212727,0.23224188283768257,78
-0.9073497869117004,1.9334498659190589,31
-0.8037810959541279,1.7646971587427467,31
-0.9073497869117001,1.9334498659190595,31
-0.8037810959541287,1.764697158742747,31
0.4715239343086309,2.7334478986768023,17
0.35135598562753145,2.720102005777942,17
0.40016371129601075,2.7041351251323404,17
0.4958078381612902,2.704480056975028,17
0.3379328366576927,2.693785694495128,17
0.3873784062639504,2.502657345860905,17
0.41525526752912445,2.576606266681297,17
0.35497769236251075,2.508769534098348,17
0.3865326100533358,2.5694537574648604,17
0.2039101813947141,2.5015623914101464,17
-3.625544881773036,-0.5603354861189169,77
-3.625544877478779,-0.5603355190727543,77
-1.3082549830709729,2.8931194910576647,24
-1.2889255844962277,2.7725229286565964,24
-1.2772727880879557,2.866890763842385,24
-1.2241231678426068,2.8261962112399766,24
-1.2995952710617387,2.753520393510507,24
-1.3315977261743333,2.9108426986398763,24
-1.3089214917411438,2.7853944238226545,24
-1.3492653683105251,2.810450052738554,24
-1.3105145160331286,2.7767143481482903,24
-1.4171630327672549,2.672052908383229,24
-3.848085762475162,0.741797747095154,88
-3.8480857208438377,0.7417979316777371,88
-3.8123256670321077,0.8785403795015444,88
-3.8123256565469332,0.8785404187454975,88
-1.3763729200737582,2.509119404289138,24
-1.2594016327964446,2.329983790997841,24
-1.37637292007376,2.5091194042891387,24
-1.259401632796445,2.329983790997841,24
-0.33354419357644616,3.0519914240414168,17
-0.4038980943918817,3.09990266180735,17
-0.3360337853947823,3.1292325061750166,17
-0.26892131798024427,3.068680267746089,17
-0.41802662230037674,2.9715785186794723,17
-0.47321108275568563,2.9819866683335485,17
-0.4227582667620758,3.022965965091264,17
-0.5015789169361461,3.031684573827072,17
-0.4244454449861754,3.0033309166177893,17
-0.5891553760433274,2.9476183012565373,17
-3.8083636634928415,0.23195648730995802,87
-3.8083636541884145,0.23195659019246537,87
0.7381369097525854,-2.26090742685255,47
0.7913672857870867,-2.167038973851676,47
0.7738838176571774,-2.2210235073410574,47
0.8466618675192399,-2.1402748087769576,47
0.6450090823161665,-2.520421950130461,47
0.7405417106914961,-2.262166190492211,47
0.7079541280806231,-2.261756270861484,47
0.7599722757793588,-2.291332013526987,47
0.7677353282958073,-2.171660716100091,47
0.5891627569883999,-2.5284483882308453,47
3.90487298929086,-0.9088748395620933,38
-2.374389374670488,3.2437256552561857,38
3.8761213907680063,-0.9268671875166232,38
-2.493321920257293,3.0954529962248265,38
0.6106006541384497,-2.528124857133891,47
0.649670719621934,-2.508367850323923,47
0.6106006541393713,-2.5281248571332897,47
0.6496707196244421,-2.508367850322235,47
-2.0386921438955423,-2.5352453682252203,70
-2.010244134167735,-2.5800914112875453,70
-2.0133320246100004,-2.549664203279153,70
-1.998008220707783,-2.555601627180931,70
-2.038692143895547,-2.5352453682252207,70
-2.0102441341678263,-2.580091411287485,70
-2.0133320246099844,-2.5496642032791637,70
-1.9980082207077798,-2.555601627180933,70
1.23828036536062,2.351409483929574,36
1.0761881516816494,1.8428447884481618,36
1.2292875414021507,2.1844193840824615,36
1.0271228321128085,1.8418140094492124,36
0.9903665809846675,1.0042429583981296,36
1.3318969783917234,2.286705972447885,36
1.1985817171860136,1.7400938979146283,36
1.1381152591850598,1.6903231441871827,36
1.2308428960024307,2.042320147390115,36
1.0411238759805497,0.9537161335845608,36
-1.7290174658025976,-2.580723955741939,70
-2.0313455202539794,-2.5082284190623043,70
-1.9711360360180765,-2.560835233951777,70
-2.025951232064229,-2.501063097463316,70
-1.9384872702926195,-2.5559102704107364,70
-1.7290174658025963,-2.580723955741939,70
-2.031345520253959,-2.5082284190623207,70
-1.9711360360177959,-2.5608352339519835,70
-2.025951232064256,-2.5010630974632946,70
-1.938487270292615,-2.5559102704107413,70
-1.8550106348942312,-2.708125940736047,70
-2.0579716263166463,-2.5941632760743847,70
-1.9316357815229201,-2.6154954099987977,70
-1.9655607799877224,-2.5590277165196214,70
-1.9096363553557985,-2.6400628524541228,70
-1.8550106348942028,-2.7081259407360636,70
-2.05797162631665,-2.594163276074382,70
-1.9316357815229344,-2.615495409998788,70
-1.965560779986503,-2.559027716520532,70
-1.909636355355795,-2.640062852454123,70
1.175631359965327,0.7704305022271102,36
1.15919375389147,0.6303470061855554,36
1.1436506085307483,0.7939248670267174,36
1.122662288648379,0.6483046356722945,36
0.9094098250285666,0.7318014556256688,36
1.0634215637235576,0.5163689361636599,36
0.9749503681196456,0.8601688115753761,36
0.9633319745129624,0.8600280820874031,36
1.1991473204487326,0.5920855903058958,36
1.0712666671190838,0.5169801096136178,36
1.175632026439822,0.7704296039773115,36
1.1591937498243317,0.630347010610279,36
1.143657089925837,0.7939172224677445,36
1.122662293702848,0.6483046299169526,36
0.9094098249164101,0.7318014557238113,36
1.0634215633797646,0.5163689364926042,36
0.9749503681890658,0.8601688115206423,36
0.963331977887736,0.8600280795009094,36
1.199147318569972,0.5920855922037612,36
1.0712666669838968,0.5169801097340466,36
-1.8754434033132317,-2.967561070213609,69
-1.8171068749504564,-3.005912251518256,69
-1.847045806710063,-2.945992217873838,69
-1.8099887677657953,-2.989887295956882,69
-1.875443403310866,-2.9675610702149453,69
-1.8171068749484667,-3.0059122515192906,69
-1.8470458067096613,-2.945992217874062,69
-1.8099887677674855,-2.9898872959559895,69
2.0144635141483835,2.083522612264398,19
1.933167766807284,2.158410635799276,19
1.9550380307907698,2.0826106689430675,19
1.8629802318097155,2.2890715250655504,19
1.9153315552778902,2.0600060456931493,19
1.9964213815785856,2.047808199563837,19
2.006471292699224,2.0961289882519396,19
1.93417376077338,1.9185755739502728,19
1.9363564766800787,2.126447720160557,19
2.3716969412752555,0.6916964077870142,19
-1.611485169080837,-2.932580320660205,69
-1.8417280769259006,-2.955925125460306,69
-1.809621287377186,-2.9341553005037184,69
-1.836349033793698,-2.9125697592393935,69
-1.7718923252659093,-2.9173835815659657,69
-1.6114851690808518,-2.932580320660197,69
-1.841728076967216,-2.9559251254382573,69
-1.8096212873832984,-2.9341553005003997,69
-1.836349033788429,-2.9125697592423707,69
-1.771892325268246,-2.917383581564716,69
-2.8897115513385283,-1.6979435212774734,76
-2.8872354147176797,-1.78533831174786,76
-2.824641175194846,-1.7180297298305693,76
-2.876656186918743,-1.7533319410429555,76
-2.889711551349783,-1.6979435212582359,76
-2.887235414712971,-1.7853383117553807,76
-2.8246411752082716,-1.7180297298088845,76
-2.876656186923683,-1.7533319410349153,76
-0.4782177862579456,2.9521189762632942,28
-0.5500137241485021,2.8004047861508092,28
-0.5311524776582168,2.835189983431095,28
-0.5574692578279289,2.793812514644928,28
-0.6041637647287574,2.5910161863287713,28
-0.4124477432781132,3.060098537897863,28
-0.473145121008893,2.868292765828286,28
-0.5449122832519838,2.8445309211959247,28
-0.5912941244703637,2.869836083385306,28
-0.5664797989219336,2.6817087098384382,28
-2.5668377244413825,-1.786859659854727,76
-2.848643886498546,-1.6987947623429471,76
-2.8733108766469067,-1.710411121093125,76
-2.8272883855163533,-1.659857928019086,76
-2.8870400833939818,-1.7589177686359705,76
-2.5668376180849397,-1.7868597819104377,76
-2.848643886461338,-1.6987947624038429,76
-2.873310876569375,-1.7104111212208,76
-2.8272883855290045,-1.659857927998579,76
-2.887040083390556,-1.7589177686415391,76
-2.7836920182151093,-1.7258298771976415,76
-2.9688284995732492,-1.727185760625959,76
-2.931622036536163,-1.7616975399169275,76
-2.8396272051213236,-1.6617733832830504,76
-2.869840309278083,-1.7778476910378946,76
-2.783692018244526,-1.7258298771515552,76
-2.96882849955837,-1.7271857606520928,76
-2.9316220361957877,-1.7616975404841433,76
-2.839627205103714,-1.6617733833120085,76
-2.8698403092723463,-1.7778476910467855,76
-0.7759583966051505,2.6576923132611356,28
-0.5954079036464441,2.418504661152412,28
-0.8219160761768957,2.5476746667341272,28
-0.9978380085750402,2.4216001961350004,28
-0.7338679149833565,2.411081856841026,28
-0.7678243535580027,2.379112031041082,28
-0.7193632424362946,2.70815484338349,28
-0.5803713306234741,2.608403328056619,28
-0.7828928406944091,2.3775551145935596,28
-0.8073229776075321,2.1398684650526394,28
-0.7759584402455237,2.6576922963820326,28
-0.5954079463515384,2.4185046454553114,28
-0.8219139184677327,2.5476754456819206,28
-0.9978380804856216,2.421600159296653,28
-0.7338680160628835,2.4110818173593125,28
-0.7678243426749888,2.379112035368206,28
-0.7193641073312877,2.708154518353323,28
-0.5803713587424235,2.6084033187121864,28
-0.7828931145787719,2.377555001890857,28
-0.8073229820367785,2.1398684633613914,28
-2.655995179177253,-2.321210033484902,75
-2.678164832515063,-2.362273292288562,75
-2.635072922251109,-2.29286266334827,75
-2.688095507045785,-2.383530435353564,75
-2.6559951792209877,-2.321210033437004,75
-2.6781648329627887,-2.362273291791364,75
-2.6350729222473426,-2.292862663352305,75
-2.688095507015436,-2.3835304353874123,75
0.9358968667436717,3.001299907541526,23
0.9330880221434329,3.1314464432043136,23
0.9399065893780709,3.118286643292315,23
0.940127575365203,3.088030414189424,23
0.8868152410735117,3.033465562307568,23
0.9615713440174102,3.1082223336991164,23
0.9791547381432765,3.127537231887474,23
0.9630373938583703,3.1159975993395443,23
0.9665470108591302,3.144783032699514,23
0.897993072386376,3.1553273291506376,23
-2.4666930161059257,-2.3093254162204997,75
-2.635572817885635,-2.341798811221691,75
-2.6401329858196134,-2.3068100108737113,75
-2.6255756150882035,-2.26495482275187,75
-2.643077665883154,-2.3624491944827852,75
-2.4666930164989895,-2.309325415839349,75
-2.6355728179562403,-2.3417988111450296,75
-2.640132985865723,-2.306810010824359,75
-2.625575615087398,-2.2649548227527125,75
-2.643077666360948,-2.3624491939568335,75
-1.8685686679520574,-2.270954667815625,72
-1.7787803824015014,-2.3289646911172075,72
-1.8116000167486301,-2.277605592553679,72
-1.7698887101736718,-2.3234860693181165,72
-1.8685686679520568,-2.2709546678156265,72
-1.7787803824015054,-2.3289646911172053,72
-1.8116000167486273,-2.2776055925536833,72
-1.7698887101736744,-2.3234860693181156,72
1.5304759575017797,2.6897769979465207,34
1.4868583526493024,2.5620348594783833,34
1.4981416501493492,2.5914184189537957,34
1.479312328302355,2.5443889846969103,34
1.4603969300994806,2.3626063919413656,34
1.6138367985673807,2.7020233296632763,34
1.6450833662801176,2.5947602355440345,34
1.5879529542936017,2.5901064717543987,34
1.6068159125377515,2.6262821298052894,34
1.5527007909112338,2.394024390018396,34
-1.6481454206736008,-2.407709551118625,72
-1.9219794947516127,-2.3054289735850655,72
-1.7739966427878835,-2.279928931108367,72
-1.8707021990487664,-2.281456641085501,72
-1.8135428652435635,-2.393548257424277,72
-1.6481454206736053,-2.40770955111862,72
-1.9219794947516555,-2.305428973585027,72
-1.7739966427878824,-2.27992893110837,72
-1.8707021990487682,-2.281456641085503,72
-1.8135428652434966,-2.393548257424321,72
-1.6785970357510924,-2.391860442930421,72
-1.8938305251006025,-2.3268473464994495,72
-1.73775856705624,-2.328385973553502,72
-1.7909627497901726,-2.326039015921831,72
-1.7297817662805124,-2.3872411378104617,72
-1.6785970357510727,-2.391860442930437,72
-1.8938305251001284,-2.3268473464998287,72
-1.7377585670560836,-2.3283859735536194,72
-1.7909627497902332,-2.326039015921776,72
-1.7297817662806247,-2.3872411378103893,72
1.5114157918788902,2.2504769900756725,34
1.5827445038936279,2.0677693455378,34
1.5171531538291636,2.2901105926627388,34
1.4851325320929059,1.9677024600621105,34
1.432091288812803,1.9565624538371529,34
1.538817998723003,1.790599798242516,34
1.5213851462024213,2.301070137534083,34
1.5340548294838396,2.2627301599308516,34
1.507541431629367,1.9964413600628819,34
1.516233986988939,1.4746776309403207,34
1.5114157916977748,2.250476990420163,34
1.5827446158898724,2.0677691707522565,34
1.5171531557706803,2.2901105897084317,34
1.4851323551803486,1.9677027365715076,34
1.432091308266162,1.9565624237013,34
1.5388139558588312,1.790606651761735,34
1.5213851440123767,2.3010701407022363,34
1.5340548298985992,2.262730159152153,34
1.507541306632398,1.9964415661976338,34
1.5162348282812894,1.4746718641195857,34
-1.6754875299610994,-2.8718794081240033,71
-1.5631600394369718,-2.849745819703184,71
-1.6136278459832278,-2.847729405260357,71
-1.5834801034474841,-2.8472756127851513,71
-1.675487529961184,-2.8718794081239594,71
-1.5631600394369713,-2.8497458197031835,71
-1.6136278459833122,-2.8477294052603104,71
-1.583480103447471,-2.8472756127851557,71
2.1091034151720254,2.637081087776891,20
2.0828868884153944,2.6723887274822133,20
2.0599323836953056,2.6170288064108638,20
2.087222569498466,2.6547722440296684,20
2.061901941617724,2.5772416750964937,20
2.1412543253478185,2.5911405618370575,20
2.134306465086088,2.6321564017806187,20
2.077613110661257,2.550186793670663,20
2.090694114895056,2.6142697453700414,20
2.089822375535011,2.5225568896321104,20
-1.4467126240726125,-2.899411598053208,71
-1.7200344413291764,-2.8785791204941784,71
-1.5907336910830414,-2.8076184649560556,71
-1.6490279191533659,-2.8362318049947164,71
-1.638663353861988,-2.871089760898207,71
-1.4467126240726136,-2.899411598053209,71
-1.7200344414186692,-2.8785791204448867,71
-1.5907336910828356,-2.807618464956159,71
-1.6490279191535306,-2.836231804994624,71
-1.6386633538619793,-2.871089760898215,71
-2.5792051857105744,-1.862698045421801,74
-2.5851535135247348,-1.9568118533283037,74
-2.605943258845729,-1.9038063490962842,74
-2.525166222963483,-1.9346100076230457,74
-2.579205185704344,-1.862698045429175,74
-2.5851535135199306,-1.9568118533334233,74
-2.605943258850624,-1.9038063490905486,74
-2.5251662229635423,-1.9346100076229824,74
0.5045415865048914,3.0139781943213224,26
0.45406121798613713,3.0416935480845035,26
0.47102092091722336,3.0051910512237794,26
0.44430463671528675,2.9670972635846056,26
0.38143561163279777,2.897261006664748,26
0.49263900017391243,3.01619129593258,26
0.5461445420602002,2.981749788649608,26
0.48650468196652713,2.9618171067329553,26
0.47247831821268294,2.9130487096208877,26
0.4238474485746144,2.9068833038344057,26
-2.406725096744186,-1.9941094141495341,74
-2.6508254347289486,-1.9169593758788044,74
-2.5902115422850254,-1.9392190297537222,74
-2.6323082729110023,-1.893426788522498,74
-2.621456401432213,-2.010016568888972,74
-2.4067250967442924,-1.9941094141494171,74
-2.650825434726983,-1.916959375881112,74
-2.590211542273334,-1.9392190297666383,74
-2.6323082729102896,-1.8934267885233398,74
-2.6214564014314705,-2.0100165688897484,74
-2.5238848139940218,-1.9614624170094621,74
-2.8276145681691327,-1.9618025088467619,74
-2.75363090571104,-1.998719005932274,74
-2.7501975037496487,-1.957992003192983,74
-2.673162031259242,-2.028285568641773,74
-2.5238848139951418,-1.9614624170082782,74
-2.8276145680336793,-1.9618025090168218,74
-2.753630905628729,-1.998719006025473,74
-2.7501975038079016,-1.9579920031261449,74
-2.673162031243312,-2.028285568658309,74
0.3449446925360853,2.751740675077449,26
0.34116326325505836,2.517347927817237,26
0.3002665438331108,2.661394074867995,26
0.066894210461295,2.396664484674986,26
0.182620967738311,2.523890901066031,26
0.29830110541624394,2.51619142346072,26
0.49670462130672044,2.9994697403937796,26
0.4081984792192757,2.7077435025568,26
0.1114136109824542,2.393221680313575,26
-0.059698120843572,2.008722486455733,26
0.3449446554426879,2.7517406724781206,26
0.3411630263202117,2.51734786035311,26
0.30025851119047775,2.661392557749423,26
0.06689420984056131,2.3966644844832947,26
0.18262096123441987,2.5238908990541575,26
0.2982838650867894,2.5161854671836696,26
0.49670458364150794,2.9994697458053143,26
0.4081973642627464,2.7077434735986,26
0.11141359444678359,2.3932216739940193,26
-0.059698120902387214,2.0087224864400643,26
-2.5075745270279226,-2.5288649441373603,73
-2.423956563865752,-2.5296429176379,73
-2.484399341967069,-2.5421236080138896,73
-2.4393242145341727,-2.5213790335936395,73
-2.5075745269911165,-2.528864944173174,73
-2.4239565638600236,-2.529642917643439,73
-2.484399341966663,-2.542123608014278,73
-2.4393242145380567,-2.5213790335898647,73
1.272652736818689,3.2295451521745777,23
1.2677110387243469,3.373835112545212,23
1.2693439124318784,3.3357070219867317,23
1.3250225296933125,3.2863194099824535,23
1.2407822217117817,3.2607724446620665,23
1.322900148906151,3.239459964095138,23
1.3439724642117705,3.3210195322814573,23
1.283312798343985,3.349524292535922,23
1.3228732350927819,3.2370639454630767,23
1.2513752735764094,3.3468409882696926,23
-2.3655352918907497,-2.5940533278867464,73
-2.548853289204503,-2.563472241879639,73
-2.4404651293098927,-2.4661100290649522,73
-2.508526108623471,-2.489219416103859,73
-2.490134760001278,-2.5367131700880705,73
-2.3655352918913057,-2.5940533278862214,73
-2.548853289818273,-2.5634722412883746,73
-2.440465129317452,-2.4661100290575764,73
-2.5085261087089523,-2.4892194160196808,73
-2.4901347599080035,-2.5367131701786088,73
1.2194552828008998,-2.565015608143532,48
1.1703161100578106,-2.607961393999882,48
3.5373201028796206,-1.304414664140667,39
3.537320102857692,-1.304414664207994,39
3.542048868383725,-1.3597039631079055,39
3.542048868469423,-1.3597039628566583,39
1.115653909337474,-2.4819361309982426,48
1.1779837814631267,-2.514522986988801,48
1.1156539093374733,-2.481936130998244,48
1.177983781463131,-2.514522986988801,48
-2.1318910421523314,-2.5814005255501606,70
-2.0799303779223544,-2.612425215049053,70
-2.120460908587525,-2.6126467487222818,70
-2.065809062083959,-2.5958170401581095,70
-2.131891042152333,-2.5814005255501575,70
-2.0799303779223117,-2.6124252150490848,70
-2.1204609085875354,-2.612646748722278,70
-2.065809062083904,-2.595817040158155,70
0.4523964915374493,1.5965546529421941,36
0.3580972528785002,1.3589363298296508,36
0.39067613653829536,1.545395442617879,36
0.39612704093374035,1.5252856804258679,36
0.2997196457057839,1.16479272086588,36
0.6323255963643825,1.7454339202952391,36
0.5711196715235954,1.4788209607016694,36
0.42878802600004046,1.309485783641818,36
0.5544214058949537,1.8038470595845049,36
0.37796405790601445,1.1200438438218911,36
-1.8172821205405831,-2.6478877601876816,70
-2.117626359595667,-2.5501406212507325,70
-2.0490446033526974,-2.608219295323448,70
-2.124625865320561,-2.5646034979565244,70
-2.014052586731352,-2.5814406562016123,70
-1.8172821205405794,-2.647887760187683,70
-2.117626359595667,-2.5501406212507316,70
-2.049044603352706,-2.6082192953234413,70
-2.1246258653205303,-2.56460349795655,70
-2.0140525867313683,-2.581440656201604,70
-1.9233589486343783,-2.721720814232308,70
-2.145543993017732,-2.661553478549424,70
-2.000533705012872,-2.647952298095261,70
-2.0718863478701945,-2.618826315944259,70
-1.9955412911428418,-2.675909557949872,70
-1.9233589486343965,-2.7217208142322966,70
-2.1455439930176916,-2.661553478549453,70
-2.0005337050127676,-2.647952298095327,70
-2.0718863478700476,-2.6188263159443745,70
-1.9955412911428605,-2.6759095579498595,70
0.4482847044283495,1.0348822233338189,36
0.6030161940005857,0.8375744986395295,36
0.40141877641205154,1.0666126365698847,36
0.5115064843026549,0.8639907390252799,36
0.49510101732628864,0.9160016242066431,36
0.5079714630601524,0.7344294237678257,36
0.5762848402381697,1.1118009305733985,36
0.3573363101206829,1.2186979750276061,36
0.46672333704312335,0.8820916856512411,36
0.49830627170655317,0.7893591446447036,36
0.4482846144210371,1.0348822823549173,36
0.6030161855675055,0.8375745031353393,36
0.401421193120044,1.0666108587903553,36
0.5115063643368811,0.8639908098172058,36
0.4951010184425991,0.9160016235025051,36
0.5079714626321591,0.7344294240260443,36
0.5762840691995744,1.1118013728781273,36
0.35733609965362984,1.218698259332279,36
0.4667233365945415,0.8820916859501214,36
0.49830628007602074,0.7893591398485204,36
-2.020888746706628,-2.9729528803370147,69
-1.9704527581577327,-2.9670044398829236,69
-1.987194586879269,-2.932413909347906,69
-1.949691659584021,-2.957729846673488,69
-2.0208887467073744,-2.972952880336559,69
-1.9704527581621376,-2.9670044398802933,69
-1.9871945868811096,-2.9324139093467876,69
-1.9496916595831841,-2.957729846673994,69
1.733378298823721,1.9389157560313768,19
1.6271307713493957,1.9033281994408071,19
1.6427815227191849,1.7832836116976876,19
1.5868990113551609,2.0426969756313107,19
1.5954522799965332,1.7055651879683158,19
1.7298929575012936,2.0311233856445394,19
1.6890471345516296,1.9880971532300384,19
1.6513834987051175,1.6473208273133975,19
1.620894866677286,2.120756077549854,19
1.6115646336571097,1.4453644612546406,19
-1.7712580488471001,-2.9685793481156995,69
-1.9947944059585327,-2.945716527150467,69
-1.9254627190543914,-2.941076501409424,69
-1.9631668018197703,-2.9299152497681984,69
-1.870368018100601,-2.9235989262881303,69
-1.7712580487952956,-2.968579348143232,69
-1.9947944059607439,-2.945716527149118,69
-1.9254627190612978,-2.941076501405377,69
-1.9631668018205055,-2.929915249767753,69
-1.8703680181066196,-2.9235989262846735,69
-2.8802637777601356,-1.5831943840162739,76
-2.872147912698105,-1.673951816736348,76
-2.8188913736990404,-1.6289244406417922,76
-2.881352478144388,-1.6674160690029964,76
-2.880263777760418,-1.5831943840157996,76
-2.8721479127151577,-1.6739518167083338,76
-2.818891373698158,-1.6289244406432002,76
-2.88135247813761,-1.6674160690145077,76
-0.916574056141568,2.619499775433061,28
-0.9604894246359301,2.4081445153832597,28
-0.9413502520551715,2.4311877203398518,28
-0.9485496951097085,2.4651433534733864,28
-0.9350059408376185,2.2335726311891078,28
-0.9536973689731885,2.7045684228135474,28
-0.9776394482090756,2.5628294793286432,28
-0.9978508551764029,2.4835250034491403,28
-1.0638115505647903,2.6064130459625234,28
-1.0123409962457168,2.312487535339147,28
-2.665817671110303,-1.6940193502483256,76
-2.832340046694133,-1.5732193378413941,76
-2.917065555300075,-1.6347842300084379,76
-2.8440490135425165,-1.5659617850477536,76
-2.9007264869563407,-1.674713903939141,76
-2.665817671116295,-1.6940193502408647,76
-2.8323400466938575,-1.573219337841837,76
-2.917065555301181,-1.6347842300064903,76
-2.8440490135424157,-1.5659617850479195,76
-2.90072648694896,-1.674713903951657,76
-2.729018711557073,-1.5991643512105003,76
-3.007529837121213,-1.6386259113114614,76
-2.968687449327743,-1.655624640185141,76
-2.9321089607894275,-1.5857539378026049,76
-2.9579986086467085,-1.7013460866580443,76
-2.7290187115566917,-1.5991643512110378,76
-3.007529837121486,-1.6386259113109316,76
-2.9686874492875024,-1.6556246402582937,76
-2.932108960789995,-1.585753937801562,76
-2.9579986086035226,-1.7013460867347605,76
-1.1145094154503439,2.3338982467914224,28
-1.0147687300556618,2.167639785573803,28
-1.1420642879193308,2.2658077078297985,28
-1.2246653176757385,2.163916928857646,28
-1.0334451949750951,2.157305831458273,28
-1.0729844622075453,2.0454234815229118,28
-1.0752344079797802,2.4222431220544105,28
-1.0250743425169684,2.28989904243889,28
-1.0833791772902188,2.128904989708664,28
-1.0616650457730221,1.9369622354807952,28
-1.1145094154481077,2.3338982467925398,28
-1.014768730055662,2.1676397855738028,28
-1.1420642879191023,2.2658077078298993,28
-1.2246653176755167,2.163916928857743,28
-1.0334451949750991,2.157305831458272,28
-1.0729844622075466,2.04542348152291,28
-1.0752344079873848,2.4222431220506153,28
-1.0250743425198088,2.2898990424375687,28
-1.0833791772902157,2.128904989708663,28
-1.0616650457730212,1.9369622354807958,28
-2.709370339709435,-2.192176367507908,75
-2.6899266009250966,-2.2015137676104963,75
-2.6441606535768014,-2.16664515074554,75
-2.7460160768502107,-2.2457143906835655,75
-2.70937033973581,-2.1921763674786923,75
-2.6899266009226386,-2.20151376761318,75
-2.644160653562794,-2.166645150760262,75
-2.7460160768006854,-2.2457143907402,75
0.5424585521005952,2.930864738104625,23
0.43079296025858554,2.9429476810225492,23
0.4718638094767999,2.9322448635340543,23
0.46374451983341397,2.8691781195738093,23
0.41136474746662205,2.8314899601169916,23
0.5543380831086457,3.0094819000529114,23
0.5366689818836508,3.057974122999339,23
0.5200587032968615,2.9661793044892355,23
0.4945659392788091,3.0625079345228334,23
0.430863506688433,2.9668288798543956,23
-2.587794917081578,-2.210808744109282,75
-2.681156255980965,-2.193982776008246,75
-2.6467960676239217,-2.17222958308486,75
-2.659705288291513,-2.15563548068477,75
-2.6979299342847725,-2.210397952894812,75
-2.5877949170819528,-2.2108087441089,75
-2.681156255945553,-2.1939827760464943,75
-2.646796067652344,-2.172229583054929,75
-2.659705288300501,-2.1556354806752482,75
-2.697929934305312,-2.2103979528722437,75
-1.9953346940808179,-2.3391065324625715,72
-1.9095643795886303,-2.306002491795513,72
-1.9653050445584954,-2.3296022154286886,72
-1.882195812948467,-2.3367894562446794,72
-1.9953346940808183,-2.339106532462569,72
-1.9095643795886503,-2.30600249179549,72
-1.965305044558485,-2.329602215428697,72
-1.8821958129484455,-2.336789456244695,72
1.1756073120491535,2.5537654158482157,34
1.1671207973731625,2.4158706600017954,34
1.1694617155432578,2.451674177941634,34
1.1968816033091976,2.43387195036036,34
1.0997914870886927,2.1670467932393733,34
1.232768214618247,2.6419490784263315,34
1.2786749005574458,2.5432742525519054,34
1.2075640319716496,2.476701013932251,34
1.2683761746220474,2.6039157841580067,34
1.1500198389778629,2.1710740326704214,34
-1.717915537681322,-2.4275163896876664,72
-2.047696329045125,-2.3479603570630987,72
-1.9003904138094927,-2.3089913317799557,72
-1.9937162693522616,-2.2958368758298215,72
-1.9223375579609518,-2.3766337770262136,72
-1.7179155376812698,-2.4275163896876983,72
-2.0476963290451304,-2.347960357063094,72
-1.9003904138094911,-2.3089913317799566,72
-1.993716269352263,-2.2958368758298207,72
-1.9223375579609678,-2.376633777026198,72
-1.7251923678000787,-2.413457806637407,72
-1.9895079611781588,-2.374307138380719,72
-1.8033408354219247,-2.2973329232986006,72
-1.9113925860317538,-2.361948366081097,72
-1.8400205683299988,-2.3887198609745828,72
-1.725192367800017,-2.4134578066374455,72
-1.989507961178206,-2.3743071383806833,72
-1.8033408354220353,-2.2973329232985122,72
-1.911392586027107,-2.3619483660846976,72
-1.8400205683299453,-2.388719860974618,72
1.069891782213981,1.9945494219893949,34
1.178000077303096,1.8931383398837962,34
1.0578577659298982,2.0080007020965365,34
0.9975333681716524,1.629856590647487,34
0.9306269995821399,1.7247157161758697,34
1.0200657116452954,1.3754388579617538,34
1.15087442572898,2.159833704760062,34
1.1810177811424742,2.145960254592277,34
0.9181685801659683,1.6828070957401786,34
0.9206343253467733,1.2174745189936234,34
1.069891782213888,1.9945494219894213,34
1.178000077473438,1.893138339638772,34
1.057857765928374,2.0080007020970836,34
0.9975333676540235,1.629856591118884,34
0.9306269995818871,1.724715716175345,34
1.0200657099356785,1.375438861634237,34
1.1508744257364183,2.1598337047468634,34
1.18101778114241,2.1459602545924246,34
0.9181685801410326,1.6828070956857217,34
0.9206343254936692,1.2174745187988607,34
-1.8931126848025432,-2.8591409925897495,71
-1.7718161198560074,-2.805557774451221,71
-1.803058811510059,-2.8250741775168193,71
-1.778155365076028,-2.8263607330843405,71
-1.8931126847825033,-2.8591409926005236,71
-1.771816119855933,-2.8055577744512625,71
-1.8030588115141535,-2.825074177514571,71
-1.778155365076793,-2.8263607330839142,71
1.8134623017555334,2.539675503379793,20
1.7499066115592032,2.5185459370588967,20
1.7359091219716964,2.438842576329801,20
1.7831339815487177,2.4880291284023484,20
1.7256909089568522,2.3894796120311823,20
1.8142300601856645,2.5346582546099943,20
1.8085360095153342,2.5759586619655184,20
1.7482412478561806,2.437235581473672,20
1.7653618119692391,2.5557082801165,20
1.7218752393527421,2.4059237351512763,20
-1.6360557322297011,-2.895047933694074,71
-1.8961140185747625,-2.8785902260843925,71
-1.7431489458561598,-2.816662462238329,71
-1.8108833736228793,-2.8435649897412456,71
-1.7889201390300107,-2.8697808981378228,71
-1.6360557322297553,-2.895047933694047,71
-1.896114018105821,-2.8785902263370944,71
-1.743148945852975,-2.81666246224014,71
-1.8108833735070544,-2.8435649898039865,71
-1.7889201390414178,-2.869780898131698,71
-2.6224709704090454,-1.7971639714118974,74
-2.5779134308346996,-1.8427297145705395,74
-2.625177621607889,-1.8346284408022662,74
-2.5458743638113672,-1.8249154900843456,74
-2.62247097040816,-1.797163971413028,74
-2.5779134308349336,-1.8427297145702655,74
-2.6251776216084286,-1.834628440801598,74
-2.5458743638090957,-1.8249154900870808,74
-0.1026628333435073,2.6433244537200613,26
-0.19258487144082012,2.535816792192758,26
-0.18150839903435725,2.485595449202462,26
-0.1409725696020082,2.5066441928323475,26
-0.28649912739525746,2.3515606600673595,26
-0.006515551991648685,2.853981828051778,26
-0.06544624035653118,2.6645141548460596,26
-0.160375468881229,2.5678410424672213,26
-0.08832088433886062,2.669312686978611,26
-0.2795340044544858,2.4711534552118235,26
-2.4597965072477574,-1.9191657410417071,74
-2.6737558615318213,-1.8415602173103813,74
-2.684377699014992,-1.8646690332281195,74
-2.691520534535971,-1.8474005222576722,74
-2.6812309600005855,-1.924784285999167,74
-2.459796507248577,-1.9191657410408054,74
-2.6737558615303145,-1.8415602173123302,74
-2.6843776990141097,-1.8646690332292293,74
-2.6915205345364743,-1.8474005222570307,74
-2.68123096000004,-1.9247842859998046,74
-2.4706705639784876,-1.8442867566355474,74
-2.838400573451937,-1.8972429938385855,74
-2.772320318616736,-1.9048951733949382,74
-2.799088542410321,-1.8956392005883052,74
-2.70323043607308,-1.9347553931641148,74
-2.4706705639793904,-1.8442867566345296,74
-2.8384005734467137,-1.8972429938453454,74
-2.7723203186152574,-1.904895173396808,74
-2.799088542380884,-1.8956392006262728,74
-2.7032304360726296,-1.9347553931646315,74
-0.2550848179771224,2.3031413484603007,26
-0.19212576781860832,2.0880161953837075,26
-0.2857552106062943,2.265075780773049,26
-0.3123800029958641,2.070544187541658,26
-0.27744567719432495,2.204238054191275,26
-0.25196399983118667,2.0369265862292143,26
-0.1927665219030792,2.6454950714728276,26
-0.2252882853143847,2.3266325868443403,26
-0.29876241403595377,2.103959116861014,26
-0.34650364432356867,1.7553190746387182,26
-0.25508481797371957,2.3031413484612253,26
-0.19212576781838733,2.088016195383771,26
-0.28575521061612863,2.2650757807701494,26
-0.3123800030121075,2.070544187536546,26
-0.27744567719326757,2.204238054191581,26
-0.2519639998346089,2.036926586228112,26
-0.19276664338778982,2.6454950267863953,26
-0.2252882853096947,2.3266325868455215,26
-0.2987624140354415,2.1039591168611698,26
-0.34650364432389374,1.7553190746386595,26
-2.589992246456761,-2.4236389253482105,73
-2.526855902746106,-2.4063913181239895,73
-2.5448132378802564,-2.409246158296909,73
-2.5127446860093294,-2.4228157071002046,73
-2.5899922465344205,-2.4236389252708883,73
-2.5268559026999853,-2.40639131817051,73
-2.5448132378921278,-2.409246158284865,73
-2.5127446860050946,-2.4228157071044794,73
0.9794321904752419,3.1133929435092855,23
0.9457863566322506,3.1646857988198414,23
0.9463813048173574,3.120577907727352,23
0.9676438609621628,3.032022914169924,23
0.9028482136094386,2.995926393512575,23
0.9932421113326029,3.1448610375239143,23
0.9825036073367093,3.19031026582057,23
0.9720546297402723,3.1489208182466535,23
0.9578873956194862,3.1232949802324854,23
0.9068490570923995,3.1276849461453335,23
-2.4406424100645694,-2.4685119669364193,73
-2.6143441586831924,-2.4656344276956146,73
-2.525536548471379,-2.3937084648691043,73
-2.5599249329293685,-2.401068376215579,73
-2.5713051780682297,-2.4427339174143445,73
-2.440642410029113,-2.468511966971148,73
-2.6143441583591116,-2.4656344280165703,73
-2.5255365484664427,-2.393708464874164,73
-2.5599249328763296,-2.40106837626947,73
-2.5713051780081053,-2.4427339174740337,73
1.0764961353337217,-2.5968221421285045,48
1.071213332926098,-2.5962635309892517,48
3.6519462021808224,-1.3775519467587027,39
3.6519462021337765,-1.3775519468947324,39
3.5501086073025925,-1.4117073043860242,39
3.550108610987657,-1.4117072943145692,39
1.0469113342212795,-2.474689753688617,48
1.0883219979663075,-2.510043358194505,48
1.0469113342212795,-2.47468975368862,48
1.0883219979663048,-2.5100433581945087,48
-0.5624904569660722,1.5906115703926609,32
-0.5830096323533693,1.5318405614148864,32
-0.5177585598617868,1.5749888543405877,32
-0.515314434393219,1.565740354917093,32
-0.5067584154148115,1.4212639828955431,32
-0.5526238847041354,1.612015173267125,32
-0.48256643602157584,1.5150746837831914,32
-0.5063243820975103,1.4472549894256888,32
-0.6002426886618816,1.6355246990893284,32
-0.5142968924737601,1.3806889971195127,32
-3.224723980426706,-1.0590574761623088,80
-3.2247239804307712,-1.0590574761510143,80
-3.2948505513965287,-0.9270749758057367,80
-3.29485055115376,-0.9270749766329105,80
-0.621568875979094,1.371239579911132,32
-0.5011790146107554,1.105239341588604,32
-0.6215688759792456,1.371239579911217,32
-0.5011790146107543,1.105239341588603,32
0.7531063082820936,1.9763990352858714,15
0.6726105215423893,1.8341660892786893,15
0.7512843795437528,1.8569764010476495,15
0.7427807304955237,2.0412038316648475,15
0.709868746086483,1.8091168074633623,15
0.732800759062787,2.0053239091768487,15
0.704641568197274,1.795679597585159,15
0.6981658600098534,1.6608206842242967,15
0.6702058789398747,1.9395065661186708,15
0.6493134867355991,1.5680609524932472,15
-3.2340086014233402,-1.475105971569765,80
-3.234008589522726,-1.4751060023325646,80
-1.3739041552634488,2.616897104863147,25
-1.314751248000878,2.5616588817278974,25
-1.3137688508368086,2.6300891201372925,25
-1.2742395931676063,2.614994872120788,25
-1.2258676974503353,2.4345842126583004,25
-1.335770796596393,2.6381823923970695,25
-1.2673163798291567,2.604158289127537,25
-1.2868716930645456,2.5985018525811996,25
-1.2908030513384863,2.6811097765292935,25
-1.238233093898884,2.473281330477494,25
-3.58578696952413,-0.25989952989295,84
-3.585786969526552,-0.2598995298202519,84
-3.623979713129004,-0.1533783657128485,84
-3.6239797131285973,-0.1533783657666987,84
-1.4677839876234842,2.4534524746522757,25
-1.2911119756938343,2.173986082062917,25
-1.4677839876234848,2.453452474652272,25
-1.2911119756938352,2.1739860820629167,25
-0.23247212341362994,2.724955580475098,21
-0.28447174099654066,2.8416168096634586,21
-0.24496609781344542,2.8418438911644968,21
-0.20752355658678695,2.9066204348077145,21
-0.14705744554130162,2.7947644870032424,21
-0.3476949046765718,2.7513262501201403,21
-0.2727038613122831,2.7916262362358077,21
-0.30817954567224304,2.8037943653675037,21
-0.2714116657628053,2.8582150925555765,21
-0.2787751548251236,2.773105356353759,21
-3.6215301790688756,-0.8673352278570595,83
-3.621530177280106,-0.8673352356655251,83
-0.0016648263544213218,2.191013349971751,30
-0.025115714370278767,2.2085299041667517,30
0.014621016036345217,2.230260517506193,30
0.05729909348706453,2.1543003678228194,30
0.004799255437516814,2.1092542732717137,30
-0.0022186892216352425,2.2224886102159913,30
0.022798511656762624,2.1626833803876147,30
-0.06620257494967768,2.0846434097639226,30
-0.001367706693581652,2.136130874683607,30
-0.09506190957653388,2.0411584859450675,30
-3.222888061983368,-1.1041964889231102,78
-3.222888061982928,-1.104196488924273,78
-3.100244633988814,-0.9468567554757572,78
-3.100244634390916,-0.9468567543567572,78
-0.19162017480089985,1.9110930184167254,30
-0.07143408368362027,1.572006891230335,30
-0.19162017480479396,1.911093018415573,30
-0.07143408368464824,1.5720068912300207,30
1.0220916857282847,2.343453850593613,20
0.9477226507547057,2.4068334448924156,20
0.9773914436240799,2.3237885748458273,20
1.0130571744318346,2.3646674305822426,20
1.0208028825138693,2.3136243088962987,20
0.9372405148113483,2.2709756001696153,20
0.9738324948970372,2.34409374317095,20
0.9492910031255345,2.202336538345543,20
0.9263761114672965,2.3284951493027717,20
0.9443612726654158,2.2331910130862123,20
-3.1585511190631985,-1.6762507945753986,77
-3.157658349392195,-1.678343853658614,77
-0.7416115613482636,2.7952753322286568,24
-0.681719865071938,2.7071766357664795,24
-0.705856408333631,2.791046294602394,24
-0.5962668418995208,2.668884130163141,24
-0.5966398252886331,2.5842030941806966,24
-0.7461119622168916,2.9058736956007136,24
-0.6622806878457955,2.72664169028712,24
-0.7270774036716201,2.7464018163875195,24
-0.6867097907875424,2.7058347332784964,24
-0.6670973625850393,2.6508486538399936,24
-3.6470581967189584,-0.4317131151882588,88
-3.6470581915249167,-0.43171317289239486,88
-3.5707446078681633,-0.2854365529026237,88
-3.5707446078677476,-0.28543655291170644,88
-0.8192738141721722,2.556438346165885,24
-0.6715452712534677,2.2484084050640134,24
-0.8192738141649191,2.5564383461682936,24
-0.6715452712534571,2.248408405064022,24
0.34676452377734984,2.9817654966697438,22
0.34010940580620097,3.1067481883386505,22
0.33856699466565005,3.0527683752548938,22
0.4012336928479296,3.0171039050130655,22
0.4273148419503002,2.999792717025527,22
0.27013462230127067,3.0155391161612766,22
0.32466048798514546,3.032966029086776,22
0.2950149398691219,3.0333339990689834,22
0.29913689004218363,3.0168744769860476,22
0.3167014583072339,3.0293043750507973,22
-3.5239321877733607,-1.1274088769458142,87
-3.5239321918300313,-1.127408864220092,87
1.0402082401662642,-2.222342483089219,50
1.0684866388667147,-2.2170227571593157,50
1.0850996000130149,-2.148392355715292,50
1.1013062915662852,-2.2206216135636905,50
0.9960162664914927,-2.5354656739966597,50
0.981255869421463,-2.3581163066644213,50
1.006368579931302,-2.3129089918647705,50
1.0274142990577733,-2.3501811528405274,50
1.0258750363029971,-2.315087877810063,50
0.930420026523736,-2.619034029652507,50
-2.593311364148719,2.7241383324024286,38
-2.593311345137271,2.7241383538062163,38
-2.59646368765003,2.6917270923876186,38
3.612791925690897,-1.3285796418990616,38
0.9851237862607065,-2.2765620947002305,50
1.073273214461468,-2.3399007611324785,50
0.985123786260706,-2.276562094700232,50
1.0732732144614683,-2.3399007611324745,50
-0.7828596670057874,1.638504751858931,32
-0.8521143148067418,1.6343105080334848,32
-0.7704503308281886,1.6565528698565342,32
-0.7746991549270258,1.6399704348509752,32
-0.78968157820224,1.5439136117079562,32
-0.8089841166502775,1.7145297224879061,32
-0.7936158149267457,1.6413732563756482,32
-0.8058091031206098,1.612762812709913,32
-0.8366749572305847,1.6967798288506517,32
-0.8242783631112538,1.5595801010073636,32
-3.324174618645358,-0.8127199908668277,80
-3.3241746184528154,-0.812719991622697,80
-3.386272711827648,-0.7234665922835483,80
-3.386272712451495,-0.7234665892441523,80
-0.8143374752604362,1.4613201031174492,32
-0.6713314474552545,1.2430282100409678,32
-0.814337475260436,1.4613201031174492,32
-0.6713314474552553,1.243028210040968,32
0.6183924182546748,2.1263613498627487,15
0.4205473603295672,2.068075225257188,15
0.5521011400850383,2.164324579191121,15
0.5241669835603515,2.2494735575971707,15
0.4699374577150205,2.066849951514624,15
0.5357842066381634,2.11888387137964,15
0.4493647710096252,2.022109969505868,15
0.43505395353627496,1.9650114443875268,15
0.39317334483542216,2.091734375036702,15
0.372112853472462,1.8574956899922062,15
-3.295478802062512,-1.2716158317975617,80
-3.295478802168213,-1.271615831511584,80
-1.5127873593329337,2.5555298589087805,25
-1.458293123302287,2.4531769810483497,25
-1.4578816929521539,2.522093040461394,25
-1.4169652183436914,2.4641905549445697,25
-1.3617130059350582,2.2906204770728515,25
-1.5147951186042161,2.6912366360461153,25
-1.4702666603649037,2.4901082717034755,25
-1.497367838754177,2.566553318421101,25
-1.4945956686458697,2.563934291654324,25
-1.430808776016496,2.3865468537060703,25
-3.6851013058374105,0.03532423187646638,84
-3.6851013058434017,0.03532423170071684,84
-3.74713998589985,0.18087197308313507,84
-3.7471399858997385,0.1808719730844644,84
-1.5475603568599376,2.361090120308764,25
-1.4197407759384892,2.1763287868318186,25
-1.5475603568599368,2.361090120308764,25
-1.4197407759384915,2.176328786831821,25
-0.5731298694095186,2.8556864763140233,21
-0.6713844651420404,2.903859803039086,21
-0.599987723254237,2.9081994576436254,21
-0.5461309158016312,2.9152192858919714,21
-0.5682510471756678,2.7977010217434835,21
-0.6957399293966664,2.953124298117043,21
-0.6974475334200745,2.8627881149375916,21
-0.7178697820779704,2.9306967386196603,21
-0.689456910051609,2.9142661068597957,21
-0.7215505797174591,2.8310299578253963,21
-3.736529813638135,-0.5141279659747484,83
-3.7365298136731533,-0.5141279656735246,83
-0.2508280603572287,2.212185953059225,30
-0.38425417188917105,2.0979447509822005,30
-0.2975562802470875,2.1653189001162976,30
-0.23812111700623517,2.1018881707765655,30
-0.3579548321491104,1.98509003452156,30
-0.2758188170596956,2.223899537299889,30
-0.35797755768596273,2.112817431591646,30
-0.3801019188264559,2.107424509067961,30
-0.3623215775649313,2.122890077269596,30
-0.4755880305248677,1.946663093273227,30
-3.4376767842431346,-0.8560808740672068,78
-3.437676798819276,-0.8560808147012167,78
-3.370940808496311,-0.6772216828938797,78
-3.370940806639231,-0.6772216927487005,78
-0.45009868761126753,1.779726913498164,30
-0.33390453700952805,1.588665040779215,30
-0.45009868761136135,1.7797269134981424,30
-0.3339045370095269,1.5886650407792169,30
0.8611453111767169,2.565600462779926,20
0.731790997654872,2.546047470083669,20
0.7949826492682072,2.56222021936008,20
0.8397020473431717,2.548093503762954,20
0.7733995159837269,2.4625022023430287,20
0.7417495735397223,2.4604044644235668,20
0.7488611997682879,2.5028080123448766,20
0.7290244839435982,2.4578484646816996,20
0.7076649456560699,2.483255675806754,20
0.682465707730654,2.4078930404051357,20
-3.3247510307217714,-1.3808304087362975,77
-3.324751030714372,-1.3808304087559458,77
-0.9405533407381428,2.7279178476259918,24
-0.9297223663086273,2.6181307147004964,24
-0.912543767151892,2.756972600723615,24
-0.831888091158695,2.598361811677342,24
-0.8445178626189429,2.4647286360871656,24
-0.9571695494384327,2.878020741892349,24
-0.9352817067376826,2.625303666468449,24
-0.9663175101357059,2.703849930684777,24
-0.9616753350759375,2.637845395236487,24
-0.9432547849578452,2.5540919136874214,24
-3.8175188716669455,-0.1481067823558484,88
-3.8175188716594883,-0.14810678279791828,88
-3.7356667139003696,-0.010933195010678978,88
-3.7356667138965975,-0.010933194803314448,88
-0.9772286472537123,2.429286292076887,24
-0.8884594025514587,2.193847694637753,24
-0.9772286472537339,2.4292862920768763,24
-0.8884594025514502,2.1938476946377556,24
0.10707681188615148,3.1590859761306445,22
0.05205208067722669,3.1797527646859822,22
0.10804964450071725,3.204163638541185,22
0.15849368433861474,3.098593721889236,22
0.12189519899173801,3.053332794617672,22
-0.015717352850063676,3.180996863535188,22
-0.011666175693590387,3.094722868783553,22
-0.02487318017735767,3.1675397131293255,22
-0.027407470792925836,3.0607896998263375,22
-0.03908180175442696,3.127298781583292,22
-3.7153056955658372,-0.7676043959236838,87
-3.7153056470004366,-0.7676046487135102,87
0.9344858369138548,-2.4232445403025533,50
0.942767599869894,-2.3500919444146002,50
0.9842383173605116,-2.3430730458275324,50
0.9881900595326129,-2.3321479427549034,50
0.8972884591455152,-2.6150007543392304,50
0.8690005055365129,-2.4803012553097417,50
0.8871272730231599,-2.4665612308905516,50
0.9161314622647015,-2.4782954742034624,50
0.9161793286630902,-2.4531285783464036,50
0.8813784045671985,-2.6743320224834544,50
3.51005139712076,-1.2224188893501757,38
3.5100515019850245,-1.2224184708336265,38
3.4344463927831668,-1.191680945754071,38
3.4344463930775966,-1.1916809445227314,38
0.8968122496099339,-2.5507424942309838,50
0.9600466063169487,-2.5319549024229238,50
0.8968122496099337,-2.5507424942309838,50
0.9600466063169418,-2.5319549024229304,50
-1.4944336549436679,2.2268438733320335,33
-1.5094722273388212,2.098375903182344,33
-1.4821363670094232,2.1951782309446473,33
-1.3844388538811887,2.1164106219021073,33
-1.3938839235624214,1.9805871770568586,33
-1.4711462163054227,2.163760170427047,33
-1.4096388196309786,2.0438356475547907,33
-1.4686446971319465,2.0599677136337,33
-1.4421536164512114,2.099018413723174,33
-1.3740249449184327,1.886596662073728,33
-3.5031788365798064,0.1505670471413479,80
-3.5031788334582403,0.15056709353720046,80
-3.587679520964059,0.19330381761149099,80
-3.5876795147213008,0.19330389586568716,80
-1.475064499247173,1.9097794797645407,33
-1.2880737593900005,1.6904343794128889,33
-1.475064499247173,1.9097794797645418,33
-1.288073759390001,1.690434379412889,33
-0.06253106507413772,2.927054152975971,15
-0.2077299572679039,2.760428094305212,15
-0.09880262013129963,2.925045827190216,15
-0.07306069613792118,2.8619253010356096,15
-0.21486739296689358,2.718620298763567,15
-0.1197964225485738,2.6571972688048873,15
-0.11610048166501283,2.5798104956864956,15
-0.19162250026952915,2.5553268879415527,15
-0.1290252907453844,2.619252528336066,15
-0.355639129129435,2.355217914293387,15
-3.353887695267594,-0.5151390733233713,80
-3.353887696233072,-0.5151390659034765,80
-1.868273594111638,2.8300291406577207,25
-1.8319997475501892,2.710402546112511,25
-1.8350718774040518,2.797164900232359,25
-1.7918980335171915,2.761871209565152,25
-1.8001947560252114,2.6803618853909077,25
-1.8896347332900516,2.900971375157739,25
-1.842668760806949,2.775012109192068,25
-1.8769486620224318,2.7947839524803486,25
-1.838687952149918,2.8091922886958636,25
-1.82771205287403,2.630863274287748,25
-3.6718280564660484,1.0048447908575067,84
-3.671828056466297,1.0048447908566998,84
-3.694974156909835,1.0763864769555198,84
-3.6949741569626746,1.07638647679618,84
-1.954510131436191,2.625428255058269,25
-1.8614731972489298,2.4748514987119203,25
-1.9545101314361912,2.6254282550582673,25
-1.8614731972489311,2.47485149871192,25
-1.0711365751708477,2.9592894919029114,18
-1.2079125921147487,2.971315606289837,18
-1.1176306153446591,3.0567457023389495,18
-1.0965369259686961,3.019635908445353,18
-1.1199135913766531,2.9061268768761916,18
-1.1442137807879018,2.9489205939700254,18
-1.1813756864367486,2.948071486895191,18
-1.1973081322490697,2.958155496469487,18
-1.1629381882111107,2.9836079434180123,18
-1.2284630900328835,2.8548443054044528,18
-3.529663169863422,0.4069245136712399,83
-3.5296631698630447,0.4069245136736027,83
-0.8705391574524628,2.523276882114662,31
-0.873581919166036,2.3992765661746525,31
-0.8356129981379623,2.459657020435667,31
-0.7280808646941781,2.4526938589425584,31
-0.9852993158091813,2.2990915032790777,31
-0.8663502877057636,2.393074348447672,31
-0.8870203294469952,2.3368319152206376,31
-0.9419946590778968,2.300996055821399,31
-0.8554602901516237,2.33251352651405,31
-1.0413950363776625,2.119814967115675,31
-3.5273988286411506,0.20293632708623588,78
-3.527398828005199,0.202936334441564,78
-3.4775179101339817,0.3505450944613028,78
-3.4775178658476347,0.350545432544358,78
-0.9939657873146658,1.881830778227508,31
-0.8904629385133572,1.742872996312351,31
-0.9939657873146643,1.8818307782275077,31
-0.8904629385133572,1.74287299631235,31
0.3791349454928012,2.776045125891009,17
0.21082748554511863,2.730994337396787,17
0.29995522990253337,2.7364069933104265,17
0.352167660614047,2.7063992262868095,17
0.23734755840605565,2.7079494637267483,17
0.28805685042870804,2.52586516270553,17
0.27664443927003757,2.591906107978551,17
0.23622586493915704,2.5085496487865933,17
0.2507045434115169,2.5708660456345545,17
0.11554038424473084,2.494912889758247,17
-3.5168516845666806,-0.4377973014283776,77
-3.516851685083179,-0.43779729577238624,77
-1.3638174493356137,2.827545727346629,24
-1.3251495118431489,2.6828030554958424,24
-1.322184677346198,2.7767450878562263,24
-1.2780321238094323,2.747860236810973,24
-1.3704309807265875,2.6777629205704248,24
-1.4115970803961047,2.8570612689234682,24
-1.393583591871004,2.727036948217719,24
-1.4159931466660949,2.7239286091899184,24
-1.3864645174069699,2.7258291086726287,24
-1.4870250567135403,2.581909605271489,24
-3.7810250363774864,0.832032724951696,88
-3.781025055242697,0.8320326536854914,88
-3.7301835488668247,0.9856984482880656,88
-3.7301835488054627,0.9856984484864293,88
-1.4519005122173054,2.425797065394742,24
-1.364251849399571,2.2992556665856823,24
-1.4519005122173054,2.425797065394742,24
-1.3642518493995714,2.2992556665856827,24
-0.46806535028161306,3.03902900451919,17
-0.5661051857292686,3.0527624493316856,17
-0.49309385695742,3.0951711752289786,17
-0.43294326179362996,3.0345042061997263,17
-0.5651409755462156,2.9551453086436053,17
-0.5942848413463709,2.9823312795939088,17
-0.5636729898917358,3.0277929523930487,17
-0.6256482065176393,3.0222221019804505,17
-0.5555068481186646,3.0134713067339023,17
-0.6987922832583352,2.9600787043629206,17
-3.652137786784946,0.3385694668529411,87
-3.6521377863735442,0.3385694699638454,87
0.7235531970809539,-2.2279289065032497,47
0.7949332587536201,-2.0779987996895835,47
0.7855069172459269,-2.1368356003958255,47
0.8528992010587876,-2.0734264731844676,47
0.6292023707606887,-2.5523899486540085,47
0.7310712752081114,-2.2151337404800113,47
0.7036590762910341,-2.2085954477159575,47
0.7494609484863012,-2.239829211761372,47
0.7579018892566486,-2.090415274536507,47
0.566551205515829,-2.5185542224513813,47
3.8650057049689144,-0.8230488438041423,38
3.865005704969131,-0.8230488438029873,38
-2.3917704526390904,3.090715628431866,38
3.8133100931072876,-0.880105698288257,38
0.6556021048334021,-2.427150445099858,47
0.7181073297412124,-2.4236861244543015,47
0.6556021005344371,-2.427150448480824,47
0.7181073297354433,-2.42368612445882,47
-2.0025701178656012,-2.566272957232552,70
-1.9609099443240539,-2.635642626349822,70
-1.9695554026391657,-2.590612657949899,70
-1.9376673084937857,-2.5970055465706032,70
-2.002570117865534,-2.566272957232604,70
-1.9609099443240445,-2.635642626349829,70
-1.9695554026392237,-2.5906126579498636,70
-1.937667308493783,-2.5970055465706086,70
1.1420258492774844,1.7803425525235943,36
1.0667063993841006,1.0126601631243226,36
1.178684942274555,1.257532056795842,36
1.05891026435644,1.1006406665218353,36
0.9306650055656408,0.8135303967510125,36
1.2593284170036612,1.8653272873760707,36
1.1954664856690196,1.120149947797321,36
1.0971613052723421,1.0006243470919864,36
1.1472193716589727,1.6479451930685993,36
0.9615070026567377,0.8004038811709072,36
-1.6768291833061337,-2.531092819561667,70
-1.9801896738225446,-2.543878849230283,70
-1.9219227980397733,-2.589723907056548,70
-1.9549450046819454,-2.527212792318389,70
-1.8569947612219728,-2.555484991484915,70
-1.6768291833061362,-2.5310928195616653,70
-1.9801896738225193,-2.543878849230302,70
-1.9219227980397815,-2.5897239070565425,70
-1.954945004681966,-2.5272127923183723,70
-1.8569947612219708,-2.555484991484915,70
-1.7658212104209783,-2.693673191928194,70
-1.9987247142430435,-2.623152365633573,70
-1.8793884988833949,-2.632030982561754,70
-1.9288144855978382,-2.596275217835714,70
-1.8497413492758874,-2.645344941262766,70
-1.7658212104206708,-2.693673191928367,70
-1.9987247142430111,-2.6231523656335947,70
-1.8793884988833929,-2.632030982561755,70
-1.9288144855978604,-2.5962752178356983,70
-1.8497413492758845,-2.6453449412627683,70
1.2045525284468528,0.6791953671524373,36
1.1690655197607112,0.5566761874262207,36
1.1227880210095182,0.6840984055529665,36
1.1225034880615061,0.5790201982999482,36
0.9888424192226455,0.6451915772180646,36
1.1640891139687572,0.45881245032293966,36
1.1742668693812301,0.744034138176015,36
1.1096688540225765,0.7407581403883551,36
1.1521124338734172,0.5408530747390449,36
1.0940911660195396,0.47896440184722644,36
1.2045525030330873,0.6791953944143743,36
1.1690655199979858,0.5566761871978764,36
1.122787918553835,0.6840985136612969,36
1.1225034885924614,0.5790201978351978,36
0.988842419215966,0.6451915772245401,36
1.164089114029731,0.4588124502616806,36
1.174266844981959,0.744034164862678,36
1.1096688481869788,0.7407581470049351,36
1.1521124336016835,0.5408530749895314,36
1.0940911659636139,0.47896440189726625,36
-1.7933515287746626,-2.985228252537725,69
-1.7715847222504084,-3.03157538982369,69
-1.7818033440199008,-2.98609736123565,69
-1.7745018380386335,-3.0164989132124655,69
-1.7933515287741761,-2.985228252537975,69
-1.771584722256749,-3.031575389820659,69
-1.7818033440255259,-2.9860973612327686,69
-1.774501838036925,-3.0164989132132933,69
2.060095682657471,1.9812236672732468,19
1.9210782051820012,1.9488744200652974,19
2.07112386093048,1.6351939300655705,19
1.913547786931317,2.0254312616913195,19
2.317438758735471,0.8263439492870281,19
2.0533334617432106,1.962066865733834,19
2.023545467571612,1.9681188928873625,19
2.3109843545615245,0.771404197652057,19
1.950686245335907,2.0378611552041996,19
2.2757698285353127,0.5978832542241754,19
-1.5335639030979358,-2.9336275135449466,69
-1.7704575725242129,-2.985434851747146,69
-1.7367471731898398,-2.981017912279845,69
-1.7550750173147938,-2.9505753744289276,69
-1.6952320119742499,-2.9504267876279187,69
-1.5335639030979344,-2.9336275135449483,69
-1.770457572524275,-2.985434851747111,69
-1.7367471731896404,-2.981017912279945,69
-1.755075017314321,-2.9505753744291723,69
-1.6952320119742605,-2.9504267876279147,69
-2.843456024371888,-1.6641824288528362,76
-2.872416146711265,-1.7983878440796432,76
-2.8142374415865223,-1.7245748793683835,76
-2.8248731731211247,-1.7419836929785049,76
-2.8434560244540283,-1.6641824287171287,76
-2.872416146714001,-1.7983878440753542,76
-2.8142374415970006,-1.72457487935157,76
-2.8248731731092755,-1.7419836929974744,76
-0.5676881028355496,2.757441898496206,28
-0.612290007564952,2.5779717427166315,28
-0.5948245936676935,2.598359475159927,28
-0.6109788183505008,2.580612519600279,28
-0.6072619123560435,2.3745354461843773,28
-0.5053458133655744,2.8675403043942,28
-0.5494638341101445,2.6979259682131387,28
-0.5928385573095241,2.6143828414855634,28
-0.6607238523436562,2.719746759352043,28
-0.5889786668849946,2.4760175832207603,28
-2.4827709249973253,-1.7185910703464404,76
-2.808305473965236,-1.6777509372795294,76
-2.839994539199006,-1.7051115308442155,76
-2.7777614602893457,-1.6352857148019517,76
-2.813098787035244,-1.733666777902804,76
-2.4827709262204043,-1.718591068995344,76
-2.8083054739700426,-1.6777509372719186,76
-2.8399945392433277,-1.7051115307730773,76
-2.7777614602994016,-1.6352857147867204,76
-2.8130987870344195,-1.7336667779041302,76
-2.608914257374396,-1.692636549152488,76
-2.867913415445425,-1.7174591932406158,76
-2.8747022398405075,-1.769030741834111,76
-2.7750470299065184,-1.6588757937910599,76
-2.7878348793123027,-1.770403908952897,76
-2.6089142573788546,-1.692636549147368,76
-2.8679134154462917,-1.7174591932392067,76
-2.8747022399488342,-1.76903074166792,76
-2.775047029913425,-1.6588757937811847,76
-2.787834879302476,-1.7704039089680894,76
-0.7483663994829615,2.4589958594029935,28
-0.6161251668468841,2.2457212848730492,28
-0.7804328784386919,2.368437174571733,28
-1.015054104431952,2.279627109344723,28
-0.6793653985930844,2.233687211255714,28
-0.7643372598561656,2.1655574158247215,28
-0.6562626870826144,2.5695885130682514,28
-0.5300420141630355,2.394275383254515,28
-0.7621733551789498,2.1926395349597527,28
-0.82667225002737,2.0094481132201047,28
-0.7483667730886104,2.4589956988401145,28
-0.6161251636044509,2.245721286360981,28
-0.7804326969509839,2.3684372411497985,28
-1.0150541237555484,2.279627100019488,28
-0.6793653945256578,2.2336872131780696,28
-0.7643373425370683,2.1655573793783605,28
-0.656262306213243,2.5695886395175465,28
-0.530042052566415,2.3942753708692845,28
-0.7621733549228642,2.192639535068909,28
-0.8266722500100727,2.009448113225275,28
-2.56717910401083,-2.3035328510563184,75
-2.6396537301494716,-2.353392695438255,75
-2.5601350971563526,-2.290605958203435,75
-2.6380654798142866,-2.3571121968045348,75
-2.5671791040190763,-2.3035328510478252,75
-2.6396537302293313,-2.3533926953518423,75
-2.5601350971558188,-2.2906059582039706,75
-2.6380654793357956,-2.357112197325532,75
0.9371513954347016,2.9151737505214665,23
0.8685380287475296,3.03540935599957,23
0.9055654972415313,2.990039040351253,23
0.8740995279185353,2.952667859433328,23
0.8806390728830433,2.951509787016177,23
0.9229086623745605,3.0121140771519967,23
0.9290237539695774,3.0556677312586435,23
0.9307633124433737,3.0065102761998608,23
0.8881248928785163,3.0544299677731335,23
0.8758323098937824,3.0652936423635353,23
-2.341443539309858,-2.22538534118228,75
-2.529797425650451,-2.2964492595043406,75
-2.551017872650839,-2.2984676803835944,75
-2.5189737541298554,-2.236567843815677,75
-2.543110038798672,-2.320968130027985,75
-2.3414435393099367,-2.225385341182198,75
-2.5297974256204183,-2.296449259533912,75
-2.5510178726558577,-2.2984676803785544,75
-2.518973754132659,-2.236567843812972,75
-2.543110038780968,-2.320968130045878,75
-1.8423453157075496,-2.2630741585416905,72
-1.738642817679005,-2.3645295291676964,72
-1.77965032030524,-2.3211485253990776,72
-1.7300507806835175,-2.352093702643096,72
-1.8423453157075491,-2.26307415854169,72
-1.738642817679004,-2.3645295291676973,72
-1.7796503203052383,-2.321148525399081,72
-1.7300507806835086,-2.352093702643101,72
1.504002472056566,2.5473189083020302,34
1.4522550250461712,2.3690162422850336,34
1.4814968070083547,2.46242089218689,34
1.464806973099599,2.4004340663742934,34
1.3963331465536852,2.0634464600517233,34
1.573877565430115,2.580999921639867,34
1.594947576618462,2.4556569578657745,34
1.5437950570210004,2.4425083334301108,34
1.5594971552689303,2.510890987236423,34
1.5028021271424703,2.162225984331447,34
-1.607561065207442,-2.35576459164386,72
-1.863362044114118,-2.2985480342065094,72
-1.7265596598694373,-2.3104820390561582,72
-1.8045376075842894,-2.3014660630533728,72
-1.7345511514760972,-2.391824834527851,72
-1.6075610652074406,-2.355764591643862,72
-1.8633620441140968,-2.298548034206523,72
-1.7265596598694415,-2.3104820390561565,72
-1.8045376075843003,-2.301466063053362,72
-1.7345511514761023,-2.391824834527847,72
-1.6052732720781355,-2.3149170239053607,72
-1.8210476345583078,-2.349412788966406,72
-1.6559494076536099,-2.3051250650783004,72
-1.7570463244465486,-2.3246881419991676,72
-1.65078707053886,-2.378190616672983,72
-1.6052732720781355,-2.3149170239053616,72
-1.8210476345583047,-2.3494127889664096,72
-1.6559494076536125,-2.305125065078297,72
-1.7570463244462684,-2.3246881419993906,72
-1.6507870705388619,-2.3781906166729816,72
1.481966016201398,2.0391321057021585,34
1.5593090221843495,1.890753088692016,34
1.460755335296866,2.0078892334502507,34
1.417974873361519,1.7272299399007958,34
1.3986041566895273,1.764767861998901,34
1.5321481915147337,1.3881651756752413,34
1.565200634649274,2.2380224341304196,34
1.544493934193138,2.1314721794214395,34
1.454214554268568,1.7121308413017264,34
1.4451013920626763,1.1532124709083436,34
1.4819660163684574,2.0391321054202662,34
1.5593085522135663,1.890753793261039,34
1.460755334429877,2.007889234995405,34
1.417974348853613,1.7272312480138405,34
1.398604161089231,1.7647678515109817,34
1.5321498034217316,1.38814145336972,34
1.5652006273373071,2.238022448846842,34
1.5444939329253864,2.1314721818668243,34
1.4542114721541946,1.7121359305250503,34
1.4451013999742064,1.153212382729836,34
-1.5927300146828764,-2.8677871061294375,71
-1.5397847111215008,-2.8668477092735136,71
-1.5445755651094395,-2.87968567683766,71
-1.5587015482340199,-2.858021940143177,71
-1.5927300146828738,-2.867787106129439,71
-1.5397847111214986,-2.8668477092735154,71
-1.544575565109439,-2.879685676837661,71
-1.5587015482340183,-2.8580219401431832,71
2.160117042120966,2.5563568885385566,20
2.0717641067372368,2.560723647248064,20
2.1016997573539307,2.50285168236906,20
2.066051602024043,2.536823530258609,20
2.0814658297863873,2.460234248576535,20
2.194589796221277,2.541098985827358,20
2.1642055910252456,2.600050883446485,20
2.1422192476171062,2.500405457349747,20
2.1087286383827917,2.587160881354551,20
2.156685994719093,2.4416735420085836,20
-1.4466709388496144,-2.840799323477101,71
-1.6357900910276382,-2.8717592450842453,71
-1.5430414450016179,-2.8263364304980403,71
-1.5714916190329646,-2.8508926433208,71
-1.5692009644908933,-2.8716751315387805,71
-1.446670938849616,-2.8407993234771025,71
-1.6357900910277274,-2.871759245084198,71
-1.5430414450016192,-2.8263364304980407,71
-1.5714916190329482,-2.8508926433208033,71
-1.5692009644908942,-2.8716751315387796,71
-2.507127816674482,-1.8084170804773902,74
-2.543910835199402,-1.9260103245179014,74
-2.5767639133476874,-1.8865465270306514,74
-2.4871312726072197,-1.8904367133659348,74
-2.507127816673503,-1.8084170804785344,74
-2.5439108352030284,-1.926010324513872,74
-2.57676391334538,-1.8865465270332886,74
-2.4871312726071246,-1.8904367133660425,74
0.4676336615090933,2.9176346188465123,26
0.38101755958940686,2.9069489366157253,26
0.4103148907670004,2.874626182049472,26
0.35068633495159346,2.850689127546009,26
0.26296256949987423,2.717260979167804,26
0.46948535632483124,2.9333618524332006,26
0.4621145905425493,2.863562339659729,26
0.43854698828814737,2.8404879238586447,26
0.37105344389292455,2.805465150468473,26
0.3162237924412142,2.7557166417594674,26
-2.3449675002280506,-1.933737985625464,74
-2.594573153904344,-1.870213512162143,74
-2.5297756392317905,-1.9073555862153977,74
-2.5818474614988065,-1.8579476669469395,74
-2.539029455932056,-1.9625919503519327,74
-2.3449675002275963,-1.9337379856259624,74
-2.5945731538893946,-1.8702135121800572,74
-2.5297756392321396,-1.9073555862150189,74
-2.5818474614977247,-1.857947666948222,74
-2.5390294559322806,-1.9625919503516929,74
-2.3563892598204244,-1.8629883395961715,74
-2.7402077352496197,-1.9461583099497177,74
-2.6470069125521185,-1.9446892482638238,74
-2.7001641167881467,-1.9275964375734636,74
-2.578226002831585,-1.9792703420195163,74
-2.356389259820445,-1.8629883395961482,74
-2.7402077352481515,-1.9461583099514248,74
-2.6470069125270155,-1.9446892482913067,74
-2.700164116307924,-1.9275964381294721,74
-2.578226002836457,-1.979270342014602,74
0.2436779808190734,2.575996060564977,26
0.18917211231819667,2.303160577075617,26
0.11510939616162194,2.4446870955163456,26
-0.02124334013816003,2.232705401489302,26
0.07939562375736296,2.2982775426527065,26
0.09791991236492062,2.2256843315528223,26
0.44719476351154636,2.8589845431817014,26
0.1813363240874615,2.467854448735253,26
0.05038073928133414,2.204841023310281,26
-0.1097003680552989,1.8114887678281788,26
0.243679899261698,2.5759966794629925,26
0.189172116574881,2.303160578148804,26
0.11510942347953085,2.444687103333658,26
-0.021243340525005438,2.2327054014096364,26
0.0793956235987155,2.2982775426172664,26
0.09791990157042389,2.2256843299707603,26
0.44719405987557015,2.858984596447824,26
0.1813362468056852,2.4678544279541623,26
0.05038073945471837,2.204841023330417,26
-0.1097003680534004,1.8114887678284963,26
-2.4218656008434585,-2.445274566399394,73
-2.388006817139801,-2.489344697454511,73
-2.4003522370959955,-2.496667011559194,73
-2.392694481500133,-2.468579894715996,73
-2.4218656008424326,-2.4452745664004123,73
-2.3880068171388396,-2.4893446974554716,73
-2.4003522370975463,-2.4966670115576513,73
-2.392694481501425,-2.468579894714692,73
1.2930386167560644,3.191325236401719,23
1.2396102817977603,3.276913375575363,23
1.2454262393408504,3.2544405074810663,23
1.26046604444308,3.194554812605909,23
1.2267290274528637,3.176545340830518,23
1.3025346339766752,3.176405253025581,23
1.2796786122762978,3.2507903780611156,23
1.2625221599303695,3.2553671274167093,23
1.2470003461246495,3.1519886163648896,23
1.2305402137110875,3.259031322426801,23
-2.3173988701549053,-2.472598302607335,73
-2.435672572503419,-2.498444034166238,73
-2.358697346648051,-2.388435126240174,73
-2.4036682841052563,-2.426247112835506,73
-2.3996822420209485,-2.4707288132324154,73
-2.317398870154746,-2.4725983026075022,73
-2.435672572505109,-2.498444034164577,73
-2.358697346648368,-2.3884351262398607,73
-2.4036682841064096,-2.4262471128343432,73
-2.399682242016635,-2.4707288132367418,73
1.2873505992389864,-2.668353590979045,48
1.2494384263231357,-2.64909795942094,48
3.5476206457181787,-1.260742205298812,39
3.5476206457199067,-1.2607422052932848,39
3.5246876920798043,-1.303456329228839,39
3.5246876920711077,-1.3034563292557557,39
1.1850570041238686,-2.5905394553558656,48
1.251659865320955,-2.6098514526249352,48
1.185057004123907,-2.5905394553558416,48
1.251659865322499,-2.609851452624083,48
-2.0754766458203076,-2.623551401976052,70
-2.0181971488524324,-2.642026122780845,70
-2.067133746553224,-2.6518121355481585,70
-1.9859417912626918,-2.60379135829548,70
-2.075476645820294,-2.623551401976063,70
-2.0181971488524297,-2.6420261227808495,70
-2.0671337465531923,-2.6518121355481807,70
-1.9859417912626856,-2.6037913582954855,70
0.5574407969968943,1.1284662592760621,36
0.3794414046244824,1.1154773267067812,36
0.39449444218884655,1.1782559755193893,36
0.40412380992745667,1.2639204728526434,36
0.36816040980602444,0.9608040575558298,36
0.636776314690568,1.416546344730903,36
0.6310660719003227,1.254034851453384,36
0.5237579374518815,1.057586598637803,36
0.5354123080070116,1.5718122897112778,36
0.45088841352848474,0.9588020091553208,36
-1.701608161914455,-2.5861579192665,70
-2.064908449723014,-2.5967983370650662,70
-1.9880673617145015,-2.6207269188611786,70
-2.0489598542482854,-2.5988853832030467,70
-1.9270884783173725,-2.583246853774691,70
-1.7016081619144554,-2.5861579192665,70
-2.064908449722774,-2.5967983370652568,70
-1.9880673617145093,-2.620726918861167,70
-2.0489598542482748,-2.598885383203058,70
-1.9270884783173816,-2.583246853774683,70
-1.8356120852398945,-2.7236722623570437,70
-2.0684292450870143,-2.661987012896449,70
-1.9416951795517818,-2.650538112323493,70
-2.0027402317063117,-2.6144394337418473,70
-1.90217383017262,-2.6379310194612664,70
-1.8356120852399813,-2.7236722623569984,70
-2.068429245087019,-2.6619870128964456,70
-1.941695179551781,-2.650538112323493,70
-2.002740231706243,-2.6144394337418944,70
-1.902173830172619,-2.6379310194612673,70
0.5655840209328694,0.9030712892943253,36
0.6331796564949841,0.7227974609690387,36
0.4676169968555026,0.9167459093815119,36
0.6035192556469918,0.7407787014632078,36
0.5363257526668641,0.8534912136579099,36
0.5775278289466643,0.6472478817266609,36
0.7066760458022175,0.9954161973433726,36
0.5876676067577422,1.0512794857938628,36
0.50647323235419,0.7844367972847535,36
0.5946420848585294,0.6635106220036667,36
0.5655840192896815,0.9030712901898834,36
0.633179656286845,0.722797461092875,36
0.4676169940657447,0.9167459112766698,36
0.6035192570823,0.7407787006295881,36
0.5363257525737882,0.8534912137109486,36
0.5775278289511366,0.6472478817238823,36
0.706676046636528,0.9954161966933871,36
0.5876674503305341,1.0512795710047593,36
0.5064732323292559,0.7844367972998546,36
0.5946420834319559,0.6635106228599701,36
-1.9345037036719401,-2.983285054211113,69
-1.9025674355197146,-2.993264646876035,69
-1.90212384997854,-2.9620954016866827,69
-1.8808079544371088,-2.9839493829583787,69
-1.9345037036553387,-2.9832850542206573,69
-1.9025674358105833,-2.993264646714139,69
-1.902123849984447,-2.9620954016832943,69
-1.880807954438511,-2.9839493829576034,69
1.7791995976810433,1.7242567851415629,19
1.6181682623032965,1.678947289476909,19
1.6859814564613702,1.520094140552746,19
1.595322204442381,1.8201472544467736,19
1.621754270303121,1.1747970709003945,19
1.8069847175828566,1.9076078787073356,19
1.7162941379868952,1.862637067427681,19
1.7038504087390376,1.4145788249167117,19
1.6583775636202553,1.9633785113468214,19
1.63318378252966,1.0854215705837162,19
-1.6302719905267127,-2.9544088749038684,69
-1.9072846781494635,-2.957655114806874,69
-1.8205010263754953,-2.983791378552495,69
-1.8694087572222522,-2.9514197253283068,69
-1.7583604365615684,-2.957519628410169,69
-1.63027199052671,-2.9544088749038706,69
-1.9072846781390962,-2.9576551148128556,69
-1.8205010263696126,-2.9837913785555803,69
-1.8694087572213882,-2.951419725328792,69
-1.7583604365612973,-2.95751962841031,69
-2.8462291331956506,-1.5920027083172144,76
-2.8028451993226224,-1.6891466268925897,76
-2.776286513246354,-1.6335828479501697,76
-2.8215466133569587,-1.6569259076924923,76
-2.8462291331956213,-1.592002708317257,76
-2.802845199322598,-1.6891466268926225,76
-2.7762865132390804,-1.6335828479610848,76
-2.821546613357753,-1.656925907691225,76
-0.9009615855343847,2.4112653522863137,28
-0.9766347172654836,2.2639320335505797,28
-0.9065633691792876,2.2497030755367757,28
-0.9196634941902901,2.286806003799102,28
-0.8755196773572037,2.06202313704696,28
-0.9587299288267157,2.5273308036227093,28
-0.9844684613108114,2.397291516712241,28
-1.0023339329802916,2.302346513240869,28
-1.056876061909078,2.431148848319286,28
-0.9624167525550597,2.1351162781482134,28
-2.512411973984405,-1.650011504835278,76
-2.818422738164359,-1.5898298601903031,76
-2.852933816828571,-1.6174294897400645,76
-2.79489150901718,-1.5719402020828013,76
-2.805302470231834,-1.6563951896482936,76
-2.5124119739807775,-1.6500115048394943,76
-2.8184227381648075,-1.5898298601895957,76
-2.8529338168280702,-1.6174294897408823,76
-2.794891509017197,-1.5719402020827766,76
-2.805302470229486,-1.6563951896519544,76
-2.6131520662098633,-1.5911660148313287,76
-2.9180052093671995,-1.6207431978294662,76
-2.889934894661873,-1.6610521095473392,76
-2.856226995847652,-1.5786001478084462,76
-2.82398726329149,-1.671426443612456,76
-2.61315206621903,-1.5911660148203117,76
-2.918005209365758,-1.6207431978320117,76
-2.889934894621515,-1.6610521096157735,76
-2.856226995847713,-1.5786001478083496,76
-2.8239872632892156,-1.6714264436160706,76
-1.0461509808899636,2.1754711325084144,28
-0.9736122446090093,2.023136919199815,28
-1.0900021503838317,2.121260316429324,28
-1.2119906658794792,2.062068123520011,28
-0.9759093762588046,2.019599859016743,28
-1.046553121840511,1.9481117509521313,28
-1.0591860897054364,2.2428062250807894,28
-1.0043853367512445,2.127896867595213,28
-1.0261086043968337,2.000925491236276,28
-1.0307331589617714,1.84532486662813,28
-1.0461509808898952,2.1754711325084384,28
-0.9736122446090089,2.023136919199816,28
-1.09000215038384,2.1212603164293227,28
-1.2119906658794808,2.062068123520013,28
-0.9759093762588055,2.019599859016744,28
-1.046553121840511,1.9481117509521317,28
-1.0591860897054302,2.2428062250807907,28
-1.004385336751241,2.1278968675952115,28
-1.0261086043968328,2.000925491236277,28
-1.0307331589617736,1.8453248666281297,28
-2.6487903925865215,-2.1822228376439874,75
-2.628028708142888,-2.185804404217382,75
-2.5785231870727774,-2.1564520651416133,75
-2.6898657327179563,-2.2244644462273113,75
-2.6487903925644987,-2.182222837666963,75
-2.6280287082010507,-2.185804404158681,75
-2.578523187073655,-2.15645206514074,75
-2.6898657327196043,-2.2244644462255456,75
0.521306398674846,2.811976077796382,23
0.35481703986889485,2.807076471144116,23
0.44715703872698337,2.780056866219807,23
0.4138768039844191,2.750043167915124,23
0.3654521760959655,2.7376092689014473,23
0.5169986745726893,2.8866881574344516,23
0.49345599633798104,2.964658520524947,23
0.4521446115030086,2.8203829489845416,23
0.43659190968844475,2.9690670404393003,23
0.39024227951554014,2.83048971519603,23
-2.4195892780636874,-2.1574885279487708,75
-2.5966646782321554,-2.1586338603160913,75
-2.555522728304103,-2.1427124476561126,75
-2.5663451527209165,-2.1339903304070873,75
-2.615067023471207,-2.177401151109003,75
-2.419589278063617,-2.1574885279488427,75
-2.596664678232943,-2.1586338603152964,75
-2.555522728302527,-2.142712447657686,75
-2.5663451527201424,-2.1339903304078582,75
-2.6150670234715103,-2.1774011511086937,75
-1.9169855148472223,-2.3404501614908613,72
-1.8437802428885304,-2.3482014006140526,72
-1.8842900661625954,-2.368946425608901,72
-1.8186225419348814,-2.3433292199793727,72
-1.9169855148472281,-2.340450161490856,72
-1.8437802428885262,-2.348201400614056,72
-1.8842900661625923,-2.368946425608903,72
-1.8186225419348825,-2.3433292199793714,72
1.171778012721513,2.365403943211095,34
1.0866807762878306,2.154458659028993,34
1.1505138757415887,2.2509940061855453,34
1.1714453152174422,2.2730013307046373,34
0.9820062614902396,1.886256623874659,34
1.2003271263124473,2.518785113553016,34
1.2403869890138062,2.4039040423884086,34
1.1646589084524954,2.2898451743788355,34
1.2290794647148178,2.5076773450208663,34
1.037947566267627,1.9345980708453743,34
-1.6642059941320677,-2.3599619296450203,72
-1.9462201805779107,-2.3688894372766143,72
-1.8100538454485138,-2.2977930843212455,72
-1.8940412999130893,-2.3332419585277258,72
-1.8173262788849793,-2.377931355693015,72
-1.6642059941320577,-2.3599619296450274,72
-1.9462201805779313,-2.3688894372766014,72
-1.8100538454485127,-2.297793084321248,72
-1.8940412999130631,-2.3332419585277555,72
-1.817326278884981,-2.377931355693013,72
-1.6446643763402933,-2.328476385450191,72
-1.8836026844567744,-2.3858068206234386,72
-1.7112263356258866,-2.2827114598217983,72
-1.84078546284035,-2.3412028254456345,72
-1.7186203599825154,-2.3441655264319676,72
-1.6446643763402944,-2.328476385450189,72
-1.8836026844568214,-2.3858068206234044,72
-1.711226335625898,-2.282711459821791,72
-1.840785462840859,-2.3412028254452397,72
-1.718620359982517,-2.3441655264319667,72
1.0219638224731789,1.8356038618397923,34
1.114914116174047,1.7258528063106393,34
0.9280305927252197,1.7728036662609827,34
0.9063787195095796,1.2917134986003338,34
0.8531184772627697,1.5545358049073372,34
0.9360269810626496,1.121498992370313,34
1.0960457863872606,1.9205725874089126,34
1.1336614864299082,1.9779828198507414,34
0.8171693406298217,1.4970589058157135,34
0.8834794100998604,1.0666641399335735,34
1.0219638224729226,1.8356038618417478,34
1.114914118915323,1.7258528024077753,34
0.9280305927318392,1.772803666270872,34
0.9063787207729631,1.2917134961492256,34
0.8531184772760296,1.554535804950164,34
0.9360269810555875,1.1214989923798877,34
1.0960457863842827,1.92057258740952,34
1.1336614864302974,1.9779828198505438,34
0.8171693408441572,1.4970589061982646,34
0.8834794100995275,1.0666641399338566,34
-1.7874181844978498,-2.8491772468895014,71
-1.738505420771393,-2.810355047915242,71
-1.7218669053218763,-2.834670218266276,71
-1.7396993954903666,-2.8258543981865167,71
-1.7874181844632502,-2.8491772469083028,71
-1.7385054207719117,-2.810355047914946,71
-1.7218669053262678,-2.834670218263764,71
-1.7396993954909488,-2.8258543981861934,71
1.8406854100034897,2.460107708292406,20
1.7198287197233646,2.410492342461735,20
1.7447021499049444,2.3407949758252324,20
1.7457278904769915,2.3757002763138217,20
1.733990091743486,2.255612123808876,20
1.8403079683507335,2.501727418303632,20
1.8106208484230102,2.5300238413573517,20
1.7682157977625144,2.374231841183582,20
1.7620344512637982,2.507217876244452,20
1.7618247786386456,2.327369029477416,20
-1.5695603136964207,-2.8295218603089487,71
-1.7748623588499173,-2.8752705207518314,71
-1.668259730048271,-2.796874735724904,71
-1.724894702779613,-2.848718534189578,71
-1.6930827580146266,-2.8286096140132764,71
-1.5695603136972216,-2.829521860308535,71
-1.7748623589209118,-2.875270520713396,71
-1.6682597300482607,-2.796874735724913,71
-1.7248947027578696,-2.848718534201661,71
-1.6930827580140717,-2.828609614013593,71
-2.5631299480663303,-1.745561909845056,74
-2.515468306714873,-1.8198187117664975,74
-2.5631905756240125,-1.81036828714455,74
-2.4870364159318195,-1.7771567002562203,74
-2.56312994806527,-1.7455619098463744,74
-2.515468306714485,-1.8198187117669542,74
-2.563190575624288,-1.8103682871442146,74
-2.48703641593679,-1.7771567002503055,74
-0.19959055446040866,2.4438333354719406,26
-0.27750297998200085,2.404789144676502,26
-0.2391398272506349,2.351014412420626,26
-0.22272331356002706,2.3491409626469344,26
-0.3082933079674102,2.223466981297554,26
-0.18128806639246192,2.633013585571678,26
-0.21874092389831748,2.478121987151156,26
-0.2367148895440697,2.3945587380890196,26
-0.22892026939097448,2.4657828992149016,26
-0.31562829719820285,2.2709151831133347,26
-2.400869455087132,-1.8349303492997062,74
-2.596926027411535,-1.8084061921260297,74
-2.5829310220957034,-1.8390183485290856,74
-2.6136512610249074,-1.807524944448425,74
-2.569942318151188,-1.905688156407273,74
-2.4008694550836855,-1.83493034930349,74
-2.596926027380683,-1.808406192164427,74
-2.582931022095693,-1.8390183485290967,74
-2.6136512610138376,-1.8075249444624573,74
-2.569942318150184,-1.9056881564083865,74
-2.3553451381821073,-1.7650184472516641,74
-2.7301305748567786,-1.8737779448797265,74
-2.6350729735330876,-1.8667952419971308,74
-2.696622822041559,-1.8368048506843933,74
-2.560560675618956,-1.8997729952063647,74
-2.355345138182297,-1.7650184472514565,74
-2.7301305748807323,-1.873777944851145,74
-2.635072973497444,-1.8667952420392584,74
-2.6966228218894988,-1.8368048508769548,74
-2.560560675627261,-1.8997729951968274,74
-0.25058901697990266,2.1752618073359518,26
-0.22383565145730258,1.959090946691831,26
-0.31341604215446195,2.0987400739075714,26
-0.3680632425920453,1.9123729545473986,26
-0.2920075829359472,2.0242463992350497,26
-0.2768006348037825,1.8389888522684101,26
-0.2613973817810133,2.404636018394361,26
-0.2806654221987716,2.169092084720889,26
-0.31515403899713734,1.9318738768524686,26
-0.356764391136499,1.6142438565744404,26
-0.2505890169799635,2.1752618073359353,26
-0.2238356514571431,1.9590909466918702,26
-0.3134160421542585,2.0987400739076407,26
-0.3680632425267039,1.9123729545666188,26
-0.2920075829354379,2.024246399235213,26
-0.2768006348038191,1.8389888522684,26
-0.2613973818271892,2.404636018381562,26
-0.28066542219772367,2.169092084721193,26
-0.31515403899718275,1.9318738768524544,26
-0.3567643911364979,1.6142438565744408,26
-2.513753738590132,-2.3631724680617676,73
-2.4661890754877254,-2.3736219684031177,73
-2.4631068228970405,-2.3693079018920176,73
-2.462365658102508,-2.3986933568256172,73
-2.5137537385922704,-2.3631724680595467,73
-2.4661890754874403,-2.3736219684034077,73
-2.4631068228967283,-2.369307901892344,73
-2.4623656581021818,-2.398693356825948,73
0.9612288258213836,3.0148736350509395,23
0.8917446553057342,3.0582608878618034,23
0.9044038287663327,3.0027986902532295,23
0.9163754863519115,2.9279029105902428,23
0.8691007322528838,2.893524330417999,23
0.9484827920318811,3.039062758374216,23
0.9269941185245032,3.081143826674506,23
0.923069106369245,3.028928827921992,23
0.8959356004564208,3.029027427948649,23
0.8789035550643167,3.0226585357210034,23
-2.3743752298389706,-2.3561071884308933,73
-2.5078777790610456,-2.4082802721550203,73
-2.436777423490134,-2.3188493121597946,73
-2.465360247797075,-2.3484537954672464,73
-2.4665829331010833,-2.3767135615307278,73
-2.374375229834096,-2.3561071884359857,73
-2.5078777790613493,-2.408280272154709,73
-2.436777423490045,-2.318849312159894,73
-2.4653602477964953,-2.3484537954678446,73
-2.466582933102282,-2.376713561529505,73
1.1288952531868566,-2.705206806725195,48
1.1288537705222799,-2.655778342173845,48
3.644656722326698,-1.319568830196802,39
3.644656722374849,-1.3195688300488206,39
3.5202259317152116,-1.3723869588557005,39
3.520225931740752,-1.3723869587825164,39
1.1017201484952077,-2.5471258592533124,48
1.1547050187861798,-2.581745835981316,48
1.101720148495206,-2.5471258592533133,48
1.1547050187861034,-2.581745835981363,48
-0.4887621663905175,1.5212707306585218,32
-0.5557900414840823,1.4891998346832247,32
-0.48424540778026093,1.526412010364483,32
-0.5221548309650385,1.5359344472421543,32
-0.4772652889147089,1.4086762220098885,32
-0.49492319864632195,1.5345791220796274,32
-0.5489468170670578,1.504479290869288,32
-0.5003335027203886,1.421428644330881,32
-0.6449635952933893,1.6283590782170778,32
-0.512780911751031,1.3717746512126312,32
-3.1122816586624613,-0.9997843060043912,80
-3.1122816586596658,-0.9997843060116902,80
-3.191072549561816,-0.8908092230471506,80
-3.191072548761016,-0.890809225845068,80
-0.5857842022632539,1.3467224955328023,32
-0.4996747178804129,1.1112967620483345,32
-0.5857842022632743,1.346722495532812,32
-0.499674717880413,1.111296762048335,32
0.7993783948311176,1.9469544363644566,15
0.6866271959747553,1.8504623534171425,15
0.795686505432744,1.8806803663188487,15
0.7700018817585538,2.0435269245156946,15
0.7088570989079582,1.811629852895108,15
0.7569313446658282,2.0016659299589863,15
0.6416744840096004,1.77903298895189,15
0.7040713360419253,1.6898869634204294,15
0.6355438583164497,1.9405085790077088,15
0.5842837678423738,1.5545225543963286,15
-3.0867228890550527,-1.3630238076228847,80
-3.0867228889061873,-1.3630238079701789,80
-1.4169500554582135,2.5543196894634694,25
-1.3611552924519847,2.49786586098889,25
-1.3622689939045656,2.5672598640759507,25
-1.3169727039593926,2.5611382182761164,25
-1.2601350676924838,2.376361879445962,25
-1.4140745559680985,2.618225453258542,25
-1.3365761433215568,2.5537756892578716,25
-1.3488771029647673,2.5545988609784764,25
-1.3658709715592385,2.6487739412986886,25
-1.2939884454475326,2.4387791748132845,25
-3.501399128432134,-0.1541570126434724,84
-3.5013991284321357,-0.154157012643419,84
-3.5277086067710623,-0.07676954123143695,84
-3.5277086067696857,-0.07676954117211271,84
-1.4918475014346047,2.417964465115716,25
-1.3298589313074907,2.1700512269633654,25
-1.4918475014346038,2.4179644651157157,25
-1.3298589313074907,2.1700512269633667,25
-0.28600638010081825,2.70157388912468,21
-0.36554369023359196,2.8003338769360226,21
-0.2804071893765303,2.8318442066207035,21
-0.25643989961056435,2.892497155909495,21
-0.2339559271131795,2.7568906323084925,21
-0.36392192582251803,2.7723699815891103,21
-0.34160949751824143,2.8047031336138373,21
-0.34004261657635687,2.810688679913479,21
-0.34508568119122884,2.8709315583630066,21
-0.35023183448257844,2.749686877765443,21
-3.4612735902432674,-0.7685914705529492,83
-3.4612735902567646,-0.7685914704876027,83
-0.02182371159591999,2.0886534231863236,30
-0.09434721441782216,2.06012512651867,30
-0.017338841289087525,2.1368961451117174,30
0.03930301523776177,2.0629430910851894,30
-0.05673872618791916,1.9845358825923622,30
-0.051038041715938544,2.084160522535841,30
-0.10901440268694691,2.0087067221912425,30
-0.11907953525399287,1.935534112055725,30
-0.09101785661793374,2.024368529328174,30
-0.15845930401731365,1.9067078874803014,30
-3.1423398967179645,-1.010346277832339,78
-3.14233989671689,-1.0103462778352414,78
-3.0289052042061715,-0.8555109191717937,78
-3.028905204195486,-0.8555109192028412,78
-0.23340012276087996,1.7206993537572226,30
-0.141638301363491,1.4933237943940476,30
-0.2334001227656477,1.7206993537560877,30
-0.14163830136348388,1.4933237943940485,30
1.03338486626212,2.3112294246362928,20
0.900481334706852,2.3287368385322456,20
0.9688022166686004,2.291901230605814,20
0.9665627005108222,2.293345757223211,20
0.9615415180071761,2.260307245574099,20
0.9324859357200235,2.256109398410596,20
0.9070756689194093,2.2779668694424235,20
0.9133653947523674,2.157121809008191,20
0.8616327147547769,2.2887735871761046,20
0.9023414361877603,2.1918863658576266,20
-3.114662929841523,-1.4866033297113488,77
-3.1146627477992674,-1.4866038039378702,77
-0.803747347282256,2.7070966232384217,24
-0.7525324750341125,2.600732271027889,24
-0.7802017779016235,2.684425140810077,24
-0.6599399696123751,2.5873195194989385,24
-0.6595295957277552,2.4879975602504705,24
-0.8541206103427594,2.7992931819342077,24
-0.7525819504964745,2.6156386154617417,24
-0.7953318085978262,2.640901948735577,24
-0.7759213655677534,2.625077837180226,24
-0.757325901478079,2.541818458793686,24
-3.5813134391389987,-0.3289614642995873,88
-3.581313439138641,-0.3289614643057075,88
-3.4553997223102453,-0.1735866228448803,88
-3.4553997223055903,-0.17358662322557145,88
-0.8497784429900072,2.456919102371863,24
-0.7271575899019168,2.192456601213533,24
-0.8497784429927259,2.4569191023708594,24
-0.7271575899019203,2.1924566012135314,24
0.3092517904585097,2.979223688976966,22
0.25078784167672846,3.0534287142163605,22
0.29910530298588367,3.0454717093347594,22
0.32464676720837643,2.9743823633950757,22
0.3606970111196528,2.9623601100367076,22
0.2127149018395217,2.9948183601782246,22
0.23640305809644663,2.9928309873023995,22
0.2338431990133621,3.000335981423966,22
0.2149609502440211,2.9813285296935903,22
0.25852953164353126,3.00226085885568,22
-3.441212318296716,-0.9744112725902871,87
-3.4412123181319916,-0.9744112731593327,87
1.0486840440427934,-2.230338235976127,50
1.1167256221360906,-2.192391758390039,50
1.1107560466091795,-2.1516033042740736,50
1.1509568406291981,-2.196136332750838,50
1.0283411502242912,-2.524819081544474,50
0.986847476139197,-2.2699827669841985,50
1.0385380596712626,-2.2994611320143115,50
1.0326051701047863,-2.3118678776450787,50
1.0443737306288268,-2.297905897010696,50
0.9657395777459344,-2.5983103673807224,50
3.5917267278716047,-1.2100400368604989,38
3.591726728070376,-1.2100400361575618,38
-2.4645359844632977,2.7118476282135564,38
3.5728824694215717,-1.186441967686652,38
1.031569502082827,-2.2502725778917263,50
1.1294817897010083,-2.3745534149073677,50
1.0315695020828284,-2.2502725778917254,50
1.1294817897009968,-2.3745534149073753,50
-0.8376091010075407,1.6785222487780367,32
-0.8871234082270182,1.6221689637129644,32
-0.8351274098128191,1.666433367313035,32
-0.8216755314355144,1.631958177350116,32
-0.7979206983501679,1.5400939194359995,32
-0.8670839808611972,1.739266765655697,32
-0.898451984438883,1.6713228011326684,32
-0.8758669141214388,1.6375294023431066,32
-0.904712602863008,1.7044676639368772,32
-0.8203787087442412,1.5257004398705492,32
-3.187049485336766,-0.730772043970698,80
-3.187049485540704,-0.7307720431039924,80
-3.2273703745570375,-0.655602849418695,80
-3.2273703756464185,-0.655602844122058,80
-0.8575485379346296,1.464606270296025,32
-0.7328531157662811,1.2722886740190946,32
-0.8575485379346296,1.4646062702960252,32
-0.7328531157662809,1.2722886740190937,32
0.5599991846742289,2.1377909508323136,15
0.3606261400734532,2.1069519508490075,15
0.50530634917992,2.189426094464726,15
0.4795387341536544,2.2998210676608286,15
0.39758553865367585,2.0757219254160963,15
0.48555012162651795,2.17330912794404,15
0.3492131029840793,2.06966999366961,15
0.39895590738358955,2.0234568734354723,15
0.3413907701043568,2.188115590418238,15
0.2929264248587783,1.831507527854128,15
-3.1293294640794063,-1.1778830984607946,80
-3.129329464081171,-1.1778830984565287,80
-1.612262509454484,2.5910367552335467,25
-1.55295870065328,2.492599025110249,25
-1.5624206080739074,2.548028708222562,25
-1.52482697066662,2.5247230184919207,25
-1.4584295658427613,2.3510180264553875,25
-1.6334600347322632,2.740176645878339,25
-1.5736336508808046,2.554401072842589,25
-1.6050526935069438,2.609645551325385,25
-1.6042696589234353,2.6339711574493365,25
-1.5108863515925797,2.428052770766266,25
-3.5703969037949714,0.15596984590897103,84
-3.5703969038215595,0.15596984556067559,84
-3.6004425745948154,0.2543762947797161,84
-3.600442574587444,0.2543762948432518,84
-1.6551715589072442,2.400571874698506,25
-1.5201799862192606,2.2239073009926744,25
-1.6551715589072458,2.4005718746985067,25
-1.520179986219261,2.2239073009926753,25
-0.6844560889735185,2.896654781108721,21
-0.8116728005689623,2.914622159428291,21
-0.7051273141939067,2.9555106289763233,21
-0.6895608753045473,2.9375814798986544,21
-0.6958062251634568,2.820660123219565,21
-0.7777415268778346,3.0026579038327026,21
-0.8220697574265177,2.8910478320422044,21
-0.8064342095649745,2.9618217868027834,21
-0.8015136687270783,2.9744740585595393,21
-0.8223687662779318,2.8588438019755285,21
-3.5611325212789784,-0.4003305149437268,83
-3.56113252128169,-0.40033051490648813,83
-0.3385126568441168,2.218749493241553,30
-0.47860018583163827,2.0778156232512046,30
-0.38530713888034435,2.1527833850371403,30
-0.3347511276406629,2.092285719546388,30
-0.43135804578969134,2.0006184213246,30
-0.3742894766894801,2.212211704632431,30
-0.489829935464589,2.0737897951438673,30
-0.489124046396589,2.077009626821375,30
-0.46140663911055435,2.0895619003892,30
-0.5725048513091796,1.9261392430791755,30
-3.368669388033937,-0.7112662714148674,78
-3.3686693938836654,-0.7112662419318903,78
-3.2545483104975625,-0.5915977932163992,78
-3.254548310662404,-0.5915977922601413,78
-0.5573621265650649,1.7233787235511988,30
-0.4755716892280107,1.5899798024347847,30
-0.5573621265650656,1.7233787235511997,30
-0.4755716892280132,1.5899798024347878,30
0.7805875388816023,2.540048972959054,20
0.6220085571563811,2.4775249190073034,20
0.7171722357574568,2.528562044196182,20
0.730967236181211,2.5084268534644303,20
0.6731241199979878,2.440034274652534,20
0.6840563435474306,2.468493226645008,20
0.6094717579712291,2.4477345341054875,20
0.6391065092986505,2.4146174663298186,20
0.581741570135781,2.4536255226673847,20
0.572043613311578,2.363100228589196,20
-3.2451024818247185,-1.2679144486319314,77
-3.245102484056325,-1.2679144428021778,77
-1.0725623839529992,2.763078698992759,24
-1.0474497871283135,2.6303666610630096,24
-1.0511408031079532,2.7721253820713483,24
-0.9753112215624018,2.654854681941255,24
-1.0105720980841173,2.5173497415795083,24
-1.0887143483261017,2.9014426215543923,24
-1.0746955336194768,2.641877769638888,24
-1.0943736149384486,2.7158957860128536,24
-1.0936143997310896,2.6609080300500434,24
-1.0858706184701787,2.5519851972316565,24
-3.753503578695886,-0.030534959638022035,88
-3.753503578717014,-0.03053496124514765,88
-3.6205788330765794,0.10760023278996979,88
-3.6205788331396955,0.1076002316680038,88
-1.1359121168897934,2.4400838845386863,24
-1.0248807020243322,2.223932285743979,24
-1.1359121168894306,2.440083884538894,24
-1.0248807020243391,2.223932285743976,24
-0.0165659655722896,3.1699983318128373,22
-0.15358097809552443,3.142286038858445,22
-0.03349813134138057,3.199651428886321,22
-0.01469153869988872,3.103939083591452,22
-0.031180659789274565,3.053959763769679,22
-0.149582626970202,3.2002851254556863,22
-0.17713940230365505,3.1225108341126773,22
-0.17586867420576618,3.159529642151517,22
-0.17778939959533957,3.0959422796496945,22
-0.16401212442014854,3.104011781787433,22
-3.610781354766353,-0.607248609455643,87
-3.6107813543606735,-0.6072486122830238,87
0.9460326067553753,-2.396781649508263,50
0.9869387863835088,-2.2663619596910887,50
1.0049785837071554,-2.304990005370776,50
1.0226292929787066,-2.277380781187783,50
0.917210534436821,-2.5973148781486017,50
0.8837698425145011,-2.4307926261527903,50
0.9185575531130455,-2.3988212249668504,50
0.9108109650765512,-2.4085398768512225,50
0.9372391353693666,-2.3708682004796313,50
0.8732641186618705,-2.628198598172097,50
3.51509524739403,-1.1161842359955758,38
3.515095247396632,-1.1161842359840184,38
3.4094028979639126,-1.0763746622015684,38
3.409402897952136,-1.07637466225296,38
0.9146237986548165,-2.4893956302852223,50
0.9819763960211692,-2.5098285944385585,50
0.9146237986548156,-2.4893956302852214,50
0.9819763960211673,-2.50982859443856,50
-1.6667394442901384,2.1708901018098565,33
-1.7970796942708853,2.253295852972562,33
-1.7578482088514422,2.2485495760739744,33
-1.6675741858911606,2.2840251172136394,33
-1.754830370818693,2.2773425412908366,33
-1.6500127759725007,2.138592068994037,33
-1.7154370144079127,2.193275061927353,33
-1.7091404834816215,2.152437670640992,33
-1.721253880384159,2.2497536439438375,33
-1.7379576016811695,2.170453696763237,33
-2.986442697416645,1.3588986319780205,86
-2.986442697415441,1.3588986319803913,86
-0.36495755333007984,2.9318739989623412,15
-0.5854428974545713,2.903457786893969,15
-0.40906023604570096,2.9614137149704503,15
-0.26882424883524403,2.9923370294060083,15
-0.4239493792097743,2.917710037168854,15
-0.4821054461261138,2.767520537353941,15
-0.4258877774342414,2.9153224875591683,15
-0.4310345146402793,2.8276014325387324,15
-0.4003476124724463,2.935580381543191,15
-0.6274357808898211,2.6991041826311113,15
-3.0349745913792314,0.5310052935671244,80
-3.0428017214929666,0.5012525358366906,80
-1.9747414660516973,2.7757959325576023,25
-2.0074963585005605,2.7242709208266414,25
-2.0158827660498493,2.753702940341794,25
-1.9579855876614183,2.8313399011132008,25
-2.0095403620518644,2.7290464013060065,25
-1.9965271486418281,2.778360936741426,25
-1.988740821527761,2.7684563430010742,25
-2.004397769106263,2.697837857032891,25
-1.9793655725191208,2.8332720517208028,25
-2.0328645823670923,2.6788907662203885,25
-3.153657767248343,1.8709399325143434,86
-3.1536577672466364,1.8709399325171028,86
-1.442517935209056,3.166568877592524,18
-1.5929226455697372,3.1087721652920046,18
-1.529414217483818,3.2091490082128646,18
-1.4311924768048812,3.173417166107912,18
-1.578965256141427,3.0591675294450926,18
-1.5809342347705222,3.111354137223644,18
-1.5791326177736982,3.1372209776493447,18
-1.6313442607241415,3.059780649290021,18
-1.5306540780121296,3.121714684094955,18
-1.6966783553232483,2.9928488455609346,18
-2.9608471136220813,1.2247821191605623,86
-2.9608471136220817,1.2247821191605623,86
-1.0360015305350607,2.537834129396038,31
-1.1940507399447093,2.4828014780179797,31
-1.0923676221551837,2.567648043013317,31
-1.027829275661646,2.6345241066643266,31
-1.2177463238667603,2.5208430897756107,31
-1.1530811040701654,2.3173969246333965,31
-1.2170282994591517,2.4759887761669988,31
-1.2040042325721874,2.3310643177190706,31
-1.2073465153853429,2.497416896631344,31
-1.364661958079985,2.259646567202955,31
-2.9685425684986577,1.3670704235061015,86
-2.968542568491196,1.3670704235209592,86
0.054169146995619505,2.78348330171476,17
-0.02940760669427303,2.808567685735512,17
0.03650482477644644,2.8170680329323354,17
0.06409066482828892,2.852367209477146,17
-0.06705594605022713,2.7748906973993686,17
-0.06327968623505201,2.603573149965319,17
-0.04878935971445428,2.824392507960388,17
-0.05000863928094439,2.6581345614166434,17
-0.06287099315388521,2.776962910499756,17
-0.299835667099878,2.572390651541671,17
-3.2019313926423054,0.5447993763842628,77
-1.163089163378686,-2.865144433986742,77
-1.5130887707760976,2.8173249095589403,24
-1.508477982748298,2.772822963179278,24
-1.5052705233948696,2.813746033305526,24
-1.4628465462846674,2.8751182222233616,24
-1.6144791954060689,2.7595274393248164,24
-1.611701786140811,2.802456410814224,24
-1.5739875932416583,2.807137814031655,24
-1.61152705733538,2.743307995837938,24
-1.5694615308998918,2.8390264365743727,24
-1.711437854394737,2.6526680197092447,24
-3.227916547574677,1.7821840003529847,86
-3.227916547574838,1.7821840003527079,86
-0.8171776840419618,3.1637642814285667,17
-0.8799164122940683,3.0944369366769786,17
-0.806982076395631,3.1808893094514628,17
-0.7884652276192472,3.114301723609175,17
-0.9682243758011317,3.0233602325692743,17
-0.9429667563701273,3.1105523458554414,17
-0.9390599240818793,3.1398073754870595,17
-0.9570745140452128,3.1299381485780233,17
-0.9351183210335012,3.105232317083496,17
-1.1221511914578368,3.018272104772731,17
-3.1109956851955913,1.182496253344499,86
-3.1109956851960003,1.1824962533435082,86
-2.5817270650337276,1.3611529363212984,47
1.1832871248616115,-2.858732400188358,47
1.161420534044144,-2.8751728815610043,47
-2.7000405184516616,1.5225178386814797,47
0.997959032293473,-3.043212487198524,47
-2.7040146041290436,1.1945680489265025,47
0.8252066906356575,-3.054551579929594,47
0.9667213943773553,-2.9639564583439086,47
0.9365869677269797,-2.9891625794018375,47
0.8731562935437357,-3.0349632293694975,47
4.024756632301348,-1.1644821108977768,38
4.024757649288229,-1.1644781769863923,38
3.99491797251034,-1.272398819013591,38
3.9949193218738803,-1.2723941555708769,38
1.1312948943542318,-2.986818173013462,47
1.152435679120049,-3.076944487759028,47
1.1312953187557957,-2.9868180146610954,47
1.1524364576213524,-3.0769442230350115,47
-1.6574744330877742,2.295387358824497,33
-1.7807904924422244,2.347526018386928,33
-1.744820140135574,2.376545521888454,33
-1.6534551868256995,2.43126376036297,33
-1.7196711761435701,2.345908449623077,33
-1.612802512897007,2.2200292348274497,33
-1.718594501274625,2.3136983938462086,33
-1.6830878618135026,2.258269149220065,33
-1.7469825713200227,2.382100488832443,33
-1.7055983858829904,2.2670995622377212,33
-2.9549309082942896,1.2567942040696418,86
1.6114694635213014,-0.7695372853804926,86
-0.2784056531085427,2.965921776993226,15
-0.42709746952330474,2.938683858535342,15
-0.3106209457971255,3.0156159597527123,15
-0.21027466787028104,3.0189775716857796,15
-0.3285209456287731,2.921331933459936,15
-0.436276192582851,2.791174987885054,15
-0.3728466389497968,2.930589929932851,15
-0.3494021308115856,2.8758844609991776,15
-0.385358107343728,2.9681092113304204,15
-0.5633412716383738,2.7225427996534712,15
-2.97753452953732,0.431216167197271,80
-2.9775365558140168,0.43120962106598953,80
-1.9236620915391212,2.8243081741250307,25
-1.9265949939167424,2.757320029363805,25
-1.9433885482125397,2.815749062063108,25
-1.9158328850651585,2.8987107717819214,25
-1.96585183354209,2.79394318389894,25
-1.9610558833931766,2.8335874592378145,25
-1.9346600034200432,2.7985407132171423,25
-1.9404287087781285,2.74263567563885,25
-1.9501140505749588,2.8834065334662937,25
-1.9898306546464495,2.7006580758769534,25
-3.1797868706977117,1.8063746181241511,86
-3.1797868706976846,1.8063746181241935,86
-1.3312459063869573,3.1603031223634277,18
-1.4233192511253316,3.1161941308024814,18
-1.3820566736979878,3.2113544224522106,18
-1.3249497059951107,3.1512976723725634,18
-1.4415963296715697,3.0498541621554347,18
-1.4686371245461287,3.097225799442753,18
-1.4750055027692464,3.1060040718948962,18
-1.5130587076324502,3.112033210643184,18
-1.4667521043911218,3.0936285677245015,18
-1.5997090495865465,2.9815569722279522,18
-3.0025661578799046,1.1307580051125854,86
-3.002566157879903,1.1307580051125914,86
-0.9641932847511407,2.6149316710792707,31
-1.0636218998048166,2.592029590684532,31
-1.009320139326842,2.63532547760715,31
-0.9250816129944271,2.713545456039589,31
-1.1108112085389032,2.586388731586296,31
-1.0734913315591923,2.3888190578425252,31
-1.120970899768219,2.557570249964558,31
-1.120803832551758,2.4324873699406613,31
-1.111047387756684,2.5920589357533257,31
-1.2779574627767136,2.3268031620985457,31
-2.9461279472307025,1.2815838838644302,86
-2.9461279277806667,1.2815839266477895,86
0.05787034234175673,2.8120671223373077,17
-0.014390878922057678,2.848620383619141,17
0.028343432245622954,2.8266050096890964,17
0.0654227769191809,2.855545155325206,17
-0.053313304744243374,2.776699352091166,17
-0.04825775544648485,2.630877046766673,17
-0.04523532118727951,2.794258991708994,17
-0.04622403874923221,2.656464717174184,17
-0.05181640748432269,2.7685684112155324,17
-0.2543416058633626,2.589633401084928,17
-3.13932810047868,0.42911398182113397,77
-3.1393281881066595,0.4291135292923584,77
-1.4292497143818883,2.890896528004412,24
-1.468638108168041,2.8072928897089975,24
-1.4222751473865056,2.8980403672469435,24
-1.383584057484696,2.908671808375066,24
-1.5394865773588415,2.8040985910055993,24
-1.5556398091755865,2.8444487224943655,24
-1.5001050139447463,2.842649531474427,24
-1.5426720939643312,2.7814061305684277,24
-1.5011545132113973,2.870653594374094,24
-1.658206190607837,2.69680391356694,24
-3.2516312218359875,1.6807078752999451,86
2.9632816486212774,-0.39638238147775073,86
-0.7412128278920662,3.155582752915347,17
-0.8099482685125982,3.094422269639886,17
-0.7509052038743148,3.159526151620959,17
-0.7285921886097616,3.110059442817527,17
-0.8842113872127886,3.0041099297705394,17
-0.8831817298873421,3.1040184194487885,17
-0.8832385931532206,3.111112985221698,17
-0.8957726683583005,3.1286586687964575,17
-0.8843937077525784,3.083365478315485,17
-1.0461628340193905,3.0031334941484435,17
-3.1433538696461576,1.061528012982179,86
-3.143353868994835,1.0615280145556316,86
1.0530295349670005,-2.717136981772182,47
1.2710625839074574,-2.6520143920831845,47
1.1536166133264212,-2.7356607541566094,47
1.2515540464029493,-2.7667691528433185,47
-2.6566194386685247,1.1738680111943811,47
0.9826603450500351,-2.7339019280555066,47
0.9050775864678711,-2.851844464505955,47
1.0100453846236117,-2.792387235954501,47
-2.528423593349939,1.0210350722718446,47
0.9354262627829105,-2.889628518480706,47
4.01805192454017,-1.1977376664503308,38
-2.9050190791280834,2.997567018795407,38
3.9868441123725384,-1.265874520116993,38
3.9868296576296065,-1.265924924671589,38
1.1731708803040943,-2.7907254792153164,47
-2.761068416258483,1.192669259096843,47
1.1731410862841891,-2.7907390272777772,47
1.2029102082097853,-2.900249984616645,47
-3.2657738885104943,0.36802271498808276,80
-3.2999945006229954,0.32528928394023077,80
-3.3251719988943624,0.4212117988363885,80
-3.332655614756574,0.3740014703702459,80
-3.2657738879141323,0.36802271867231595,80
-3.299994480462883,0.325289437987679,80
-3.3251719999914156,0.421211792375633,80
-3.3326556126451385,0.37400148396827887,80
-1.4309171065966986,2.079534460096992,33
-1.4454944803803116,2.05027679254598,33
-1.4897106564308384,2.116586778923639,33
-1.3861482807963827,2.153876919185664,33
-1.4285537116440432,2.050313965006349,33
-1.3449086846735587,2.0562361483153015,33
-1.3617910938447524,2.025267688468263,33
-1.4048532338312902,2.0183882004487725,33
-1.4046183073437803,2.1070899063341915,33
-1.4147303639642335,1.9738396177568245,33
-2.9000836325177595,0.5025657849296872,80
-3.21869161414015,0.3274888731160093,80
-3.2097910075938976,0.38338201774033626,80
-3.276036547807516,0.49514952503216864,80
-3.1931695510438645,0.4756874107297842,80
-2.9000836262068685,0.5025658156172521,80
-3.218691614157548,0.3274888730170918,80
-3.2097910146653468,0.38338196983998885,80
-3.276036547813258,0.49514952500339354,80
-3.1931695509891327,0.47568741101498396,80
-3.104049474809831,-0.5258928049432884,80
-3.04641226167238,-0.4906153978265073,80
-3.1154706245134864,-0.45979690337979895,80
-3.0541151940031575,-0.48453943113722076,80
-3.1040494748183973,-0.5258928048859733,80
-3.046412257657532,-0.49061543850273515,80
-3.1154706255789955,-0.4597968941416773,80
-3.0541151945693685,-0.4845394253283667,80
0.18905529695073994,2.5743458354562585,15
0.050195702510392286,2.5636856825396395,15
0.12362315244685111,2.618500111925613,15
0.18273279048471763,2.6301450333187586,15
0.04098895811582928,2.466910558452593,15
0.16657273403214146,2.502551957324614,15
0.15394411456210194,2.6422962314369904,15
0.20365238896557128,2.542725911658608,15
0.1789766246819034,2.692132020043169,15
-0.05343679011793285,2.3420610017742423,15
-2.7860070886792663,-0.3913051741485319,80
-3.1276506390849534,-0.541410173285432,80
-3.1076341833734253,-0.49706147109514975,80
-3.145917869090603,-0.41324390113101783,80
-2.9636913293758878,-0.42091119110048375,80
-2.786007100134938,-0.39130513826811714,80
-3.127650638380837,-0.5414101776094643,80
-3.1076341833623493,-0.49706147117430777,80
-3.1459178690951948,-0.4132439010884294,80
-2.96369132947765,-0.42091130355741324,80
-3.3844147566730207,1.1646634845942165,84
-3.4167216025890377,1.1354659834788443,84
-3.4229604500136026,1.183331205367567,84
-3.4588920038564868,1.1768241539809798,84
-3.384414756673015,1.1646634845942365,84
-3.416721602588972,1.1354659834790073,84
-3.422960450016742,1.1833312053600293,84
-3.4588920038562234,1.1768241539816364,84
-1.6569826117199435,2.542009033890581,25
-1.6553656804253152,2.559446467663142,25
-1.700146324935866,2.6039009053967557,25
-1.6432356507492858,2.7199878219925866,25
-1.6325994283639451,2.5230000974672144,25
-1.640746300437243,2.6369619765747223,25
-1.5935281994721489,2.657474276096734,25
-1.6366630991872886,2.559274201230426,25
-1.6151802530672152,2.7258903648938357,25
-1.6081875811052733,2.440105021601345,25
-3.1458799928680046,1.1612972100153318,84
-3.380331241693266,1.0990750172046064,84
-3.3525545095853366,1.1558072230817111,84
-3.3508864649852987,1.2163037335849847,84
-3.3062333793612653,1.2020689908182671,84
-3.145879992868004,1.1612972100153323,84
-3.380331241693161,1.0990750172048669,84
-3.352554509585341,1.155807223081707,84
-3.350886464985116,1.2163037335853812,84
-3.3062333793612804,1.202068990818231,84
-3.0521077392303613,0.5210574278396428,83
-3.055190753591504,0.5378321670307868,83
-3.103574213186694,0.5925304247858689,83
-3.048443004879881,0.523554292526206,83
-3.05210773923057,0.5210574278386794,83
-3.0551907535915306,0.5378321670306815,83
-3.1035742131871764,0.5925304247841763,83
-3.048443004873167,0.5235542925565412,83
-0.7598295359272603,2.799471135723974,18
-0.8202087523811081,2.877068946672708,18
-0.8140650839402632,2.9483443118046235,18
-0.7613647175243076,2.9621087875758243,18
-0.7750269376598752,2.785738810032386,18
-0.8607956630052207,2.8050007960149337,18
-0.7876973906389972,2.9228760661287487,18
-0.859287187366744,2.8985224022697187,18
-0.8025674944116983,2.9148183279523563,18
-0.9225424507102832,2.731908163785457,18
-2.901293032020949,0.5695089319155622,83
-3.0893386961824825,0.5367779150303158,83
-3.066619783472602,0.5943200759918092,83
-3.0822377469753106,0.6636491793050167,83
-2.9425339450362538,0.6022156274752247,83
-2.901293032020944,0.5695089319155717,83
-3.089338696182917,0.5367779150285477,83
-3.066619783472606,0.5943200759918036,83
-3.0822377469753186,0.6636491793049994,83
-2.942533945036255,0.602215627475225,83
-3.067764591764412,0.44165326065276095,78
-3.075004983294276,0.41404704829221034,78
-3.1506524062878256,0.4514625277975997,78
-3.121796208412541,0.4769224022005928,78
-3.067764591793512,0.4416532605127602,78
-3.07500498323193,0.41404704858818553,78
-3.150652406277183,0.45146252785583346,78
-3.1217962086501982,0.4769224011356259,78
-0.6983807850843594,2.442913241975975,31
-0.7818149148324692,2.3674601073745127,31
-0.7254585887093904,2.485767944063558,31
-0.5770040609380356,2.5137049572602663,31
-0.8495201833729961,2.3269866031306177,31
-0.6894606529991438,2.2982939948170964,31
-0.6855191117474217,2.402285159681347,31
-0.822561601057638,2.307155196766232,31
-0.6983335342418181,2.4537768803749356,31
-0.9906584091228452,2.131775448378401,31
-2.9231494189200258,0.63047827247108,78
-3.1011893717347436,0.4485293979051763,78
-3.024438803827891,0.4697166582526828,78
-3.1085582175705264,0.5292820184619651,78
-3.0461636715779234,0.5861590093245937,78
-2.923149418949261,0.630478272315706,78
-3.101189371920701,0.44852939696141875,78
-3.0244388038356167,0.46971665821919956,78
-3.10855821829266,0.529282015890966,78
-3.0461636512870958,0.5861590843292361,78
-3.123435716665322,-0.35797438242610186,77
-3.0175712374971173,-0.30028271039844473,77
-3.11787362554763,-0.33471025583709496,77
-3.103487253536912,-0.2998037723085774,77
-3.1234357166737414,-0.3579743823150155,77
-3.0175712374971764,-0.30028271039064547,77
-3.1178736255476065,-0.33471025583747677,77
-3.1034872535208606,-0.2998037725352415,77
0.4506897865851407,2.5316297652739324,17
0.397200818616498,2.5700787586316434,17
0.42497097867044886,2.561109849883385,17
0.468684074587408,2.613568157962817,17
0.3459458883325907,2.4723036074076665,17
0.38350265055517074,2.3869542586803965,17
0.44385669938567246,2.6312350387010763,17
0.37440217093460865,2.4328636709995015,17
0.42125523629184874,2.6065598437241784,17
0.22274388664488734,2.3391256485417116,17
-3.0763339476336005,-0.3446438753912268,77
-3.1812344781107007,-0.36791568191588225,77
-3.0743763105831197,-0.323388651952941,77
-3.1326184283476235,-0.31846471277665384,77
-3.0542857359980937,-0.2827911593530285,77
-3.0763339478729437,-0.344643868492387,77
-3.1812344781049173,-0.367915681970026,77
-3.0743763105663717,-0.3233886523456396,77
-3.1326184283325844,-0.31846471327987314,77
-3.0542857359961055,-0.2827911599784028,77
-3.206783779853173,1.064332754066967,88
-3.233109160853799,1.0001714768778074,88
-3.2546615475754956,1.060550338971238,88
-3.322107806518814,1.052184469378182,88
-3.20678377985317,1.064332754066971,88
-3.2331091608538207,1.0001714768777592,88
-3.2546615475754894,1.0605503389712505,88
-3.32210780651883,1.0521844693781415,88
-1.2742911354599114,2.5741304873529325,24
-1.2426215955761524,2.5323554318343087,24
-1.2696204903689676,2.58031485881053,24
-1.1918564504094649,2.62173795886366,24
-1.305153457989795,2.5190320408695825,24
-1.2425835615991105,2.5853358879176143,24
-1.2177363995940549,2.633429457812772,24
-1.2633814723154186,2.543254721826147,24
-1.2261479136052427,2.663945232310486,24
-1.3427710673604367,2.4124951458397472,24
-3.2489355622136373,1.0681503035790954,88
-3.21247444183539,1.027577179239916,88
-3.194208279285859,1.036336640747393,88
-3.194643168626403,1.090234259764343,88
-3.2286724677314393,1.1209521541827863,88
-3.248935562213611,1.068150303579159,88
-3.2124744418353477,1.0275771792400132,88
-3.1942082792858613,1.0363366407473917,88
-3.1946431686264023,1.0902342597643404,88
-3.2286724677314362,1.1209521541827927,88
-3.0389629966501124,0.4454102784244522,87
-2.9989114158109818,0.5238281319111672,87
-3.080778093984374,0.46353951358830714,87
-3.010327329197857,0.5040023797481002,87
-3.038962996650001,0.4454102784248942,87
-2.99891141581093,0.5238281319113846,87
-3.0807780939809732,0.4635395136023086,87
-3.0103273292039896,0.504002379723779,87
-0.28139690320408983,2.8105903197934468,17
-0.3284425629842217,2.8278183382708653,17
-0.3169513970018488,2.867815973789448,17
-0.28839149036342454,2.8478049100208467,17
-0.3601841867979277,2.686417813260795,17
-0.39539386371906227,2.80025137772201,17
-0.3569414651687239,2.889664641263525,17
-0.41803330373082753,2.886348379043608,17
-0.3805936911957584,2.863654900763217,17
-0.5072061992080968,2.7052124039652607,17
-3.1544990029666136,0.46964231231356446,87
-3.088793977271285,0.40842180261610106,87
-3.0153716463324916,0.5193405774057117,87
-3.051061106921706,0.4710846062720517,87
-2.917405786957967,0.5420360869972529,87
-3.154499002923706,0.46964231254594146,87
-3.088793977270995,0.40842180261744715,87
-3.0153716463364533,0.519340577389216,87
-3.0510611069216376,0.47108460627232784,87
-2.917405786957752,0.5420360869982188,87
3.508158316297508,-1.1279477810622807,38
3.604730791289632,-1.1289949459340747,38
3.5594839710369897,-1.144579135357997,38
3.648604656450388,-1.118829457877814,38
3.5081583161731977,-1.1279477815967738,38
3.604730791303095,-1.1289949458853767,38
3.5594839710651414,-1.144579135255742,38
-2.6819309347761293,2.652074173332736,38
1.3717476935887216,-1.9476056158599322,47
1.5341246052586723,-1.792822070406334,47
1.4505464057270634,-1.8876570017671124,47
1.6089258224606087,-1.828353140179831,47
1.0951272502089877,-2.4809067110610648,47
1.362477661983697,-1.9578146512486536,47
1.0977148027188641,-2.2722475727885896,47
1.1938637662145968,-2.1362052731797023,47
1.2036907765529739,-2.1576283408890844,47
1.0478704584913263,-2.4284885836735772,47
3.7394178801994533,-1.0079343498600295,38
3.6841476214964386,-1.1403260098309418,38
3.563974246311885,-1.1611093825364094,38
3.6283562950784973,-1.145892564186678,38
3.623080303592411,-1.2389145290893373,38
3.739429083601986,-1.0078816531255437,38
3.68414760858696,-1.1403260569677032,38
3.5639742472849694,-1.161109378873679,38
3.6283562948566703,-1.1458925649870044,38
-2.7790354186948876,2.5652459476418517,38
3.6960496748871896,-1.0351272744732547,38
3.432653436895017,-1.00995022687853,38
3.523631904026844,-1.0086042655793246,38
3.5685562268441777,-0.9837927203005891,38
3.5610507684973736,-1.0515640219940126,38
-2.6564858040821036,2.7153836963841074,38
3.4326534369426973,-1.0099502267004556,38
3.5236322785824687,-1.0086025318506209,38
3.568556216285388,-0.9837927665534159,38
3.5610509694138592,-1.0515630897415809,38
1.3558331850079501,-2.1704249050999613,47
1.4549223414034993,-2.2785043987236886,47
1.3080993824642606,-1.9892617954851262,47
1.4563316752284075,-2.138143999059706,47
1.2676128655717769,-2.168839618193792,47
1.4102449183053545,-2.2686591334697592,47
1.171336480336919,-2.269879041817347,47
1.6516826535216733,-2.197424078998824,47
1.3539681448314838,-1.9912872397457737,47
1.3666061010919377,-2.308357873858744,47
1.3558624788892881,-2.1704011801021545,47
1.4534501893007368,-2.2795791625208066,47
1.3080899748670336,-1.989270246109525,47
1.4565921736934617,-2.1379272666012232,47
1.267612158388808,-2.168840246312016,47
1.4065106925867565,-2.271400733984446,47
1.1713352720412005,-2.2698802111900056,47
1.6516809366319325,-2.197425774616518,47
1.3539784851920815,-1.9912779530373461,47
1.3661881947021215,-2.308662558498341,47
-2.6872527908757085,-0.891230475936765,81
-2.7624645187929966,-0.8814928050109561,81
-2.677219393500569,-0.8476922103507848,81
-2.736997813697072,-0.8513645877377396,81
-2.687252790875691,-0.891230475936798,81
-2.7624645187929726,-0.8814928050109985,81
-2.6772193935005704,-0.8476922103507899,81
-2.7369978136970747,-0.8513645877377272,81
0.30356967373256233,0.928499245651372,37
0.2329026121964057,0.9364779074486762,37
0.2907734849878568,0.9150099469854428,37
0.26448079887184434,0.9740420143100049,37
0.2718983081157939,0.860974820907644,37
0.3793788012466974,0.9397671166707033,37
0.3338417900195737,0.9697131164809296,37
0.3297341196220471,0.8972160770390295,37
0.28837029264371705,1.027288951170414,37
0.2426661212112355,0.8923629420299554,37
-2.520265478147557,-0.8716536313790817,81
-2.556461852665187,-0.8611820890579762,81
-2.672336713995068,-0.8473978028789465,81
-2.645706973961747,-0.7961161369882629,81
-2.585230479915034,-0.8098882102437679,81
-2.52026547814909,-0.8716536313752885,81
-2.5564618526651928,-0.8611820890579521,81
-2.672336713995076,-0.8473978028789377,81
-2.6457069739617567,-0.7961161369882126,81
-2.5852304799150727,-0.8098882102435974,81
-2.6180751152183994,-1.2567099430676987,82
-2.5581685736249815,-1.283553210449375,82
-2.4684344921233374,-1.2608538618398173,82
-2.5148967583813397,-1.3074878805350898,82
-2.618075115167301,-1.2567099431205446,82
-2.558168572353178,-1.2835532118364599,82
-2.468434492025976,-1.260853861943251,82
-2.514896758637221,-1.307487880246894,82
1.3311665466486309,0.8058589899163762,19
1.1863490509452208,0.7911730343811139,19
1.255755884509764,0.7218244811537017,19
1.2429469566675928,0.8791153170969032,19
1.1790474079848496,0.7550659588394922,19
1.3626995173650005,0.8474478461429703,19
1.289707398552853,0.8734370189536803,19
1.3204999374803421,0.7492932343577834,19
1.2778779368601856,0.9312939611697225,19
1.147925218451027,0.7577939900426494,19
-2.176509151234963,-1.3138657275076495,82
-2.438620216987496,-1.3000068018674114,82
-2.391426251950733,-1.2920920122450696,82
-2.444914291591173,-1.193558994506528,82
-2.2122252763559294,-1.3265005236962915,82
-2.176509151195803,-1.3138657275573182,82
-2.4386202169963602,-1.3000068018581101,82
-2.3914262520792278,-1.2920920121095887,82
-2.4449142915195896,-1.1935589945840084,82
-2.212225276351352,-1.326500523702129,82
-2.77953110570821,0.20276691996098958,85
-2.89651714190882,0.10490499026103756,85
-2.7960079540998435,0.15712569864644185,85
-2.8873816211079903,0.1573332968339828,85
-2.77953110570821,0.20276691996098942,85
-2.89651714190882,0.10490499026103758,85
-2.79600795409984,0.15712569864644202,85
-2.8873816211079903,0.15733329683398287,85
-0.6717684488855393,1.8879605926744287,29
-0.7303083289939601,1.8918066988411169,29
-0.7103873612779051,1.8716813605300564,29
-0.723306721045038,1.9686497120200583,29
-0.7157408062563766,1.8261074254600818,29
-0.676293615794717,2.027494886563443,29
-0.6960167255101372,2.0519148921898083,29
-0.7010318164290127,1.956544544635069,29
-0.7549850035633809,2.1122938831293014,29
-0.7443328900577412,1.9267028537144482,29
-2.629890016491411,0.18218761185812496,85
-2.7436200515186724,0.14629249960182755,85
-2.794000629777664,0.12523626740025212,85
-2.7332914476612906,0.17935842055268686,85
-2.7880547755141647,0.1339458752398522,85
-2.629890016491412,0.1821876118581249,85
-2.74362005151867,0.14629249960182802,85
-2.7940006297776634,0.12523626740025232,85
-2.7332914476612897,0.17935842055268716,85
-2.788054775514166,0.13394587523985155,85
-2.816515518595709,-0.4592821901730283,83
-2.8484887172678137,-0.5142809543357898,83
-2.800737590380832,-0.4360192726695379,83
-2.844334481529247,-0.5183294672778732,83
-2.816515518595708,-0.45928219017302535,83
-2.84848871726784,-0.5142809543352818,83
-2.8007375903808316,-0.43601927266953766,83
-2.8443344815292564,-0.5183294672776907,83
0.281454779284318,2.351968306089919,21
0.16472058368255535,2.405596943938393,21
0.23269963652226358,2.359433890299934,21
0.21418787356706687,2.4317819412156885,21
0.15563197093367392,2.257264550297428,21
0.35484056083159143,2.5256842948782547,21
0.3620632224171076,2.560367898014244,21
0.36429215742523124,2.5298506779909062,21
0.312908849618767,2.5814984399860355,21
0.18806041602164153,2.4098109187714822,21
-2.615367105133238,-0.4345932134896496,83
-2.8199291159133977,-0.46372865819108383,83
-2.7259905792766377,-0.47644942093914366,83
-2.7553780830856294,-0.3757624212886458,83
-2.733802917176947,-0.46231977094468923,83
-2.6153671051332372,-0.4345932134896495,83
-2.819929115913398,-0.4637286581910822,83
-2.725990579276636,-0.47644942093914505,83
-2.7553780830856285,-0.37576242128864545,83
-2.7338029171769462,-0.46231977094468896,83
-2.369658419875188,-0.7302704761306373,79
-2.3940784352582853,-0.738670081115828,79
-2.325533712237423,-0.7040188952249665,79
-2.361853136551206,-0.7149099279594603,79
-2.3696584198751847,-0.7302704761306402,79
-2.3940784352582862,-0.7386700811158317,79
-2.3255337122374202,-0.7040188952249646,79
-2.3618531365511983,-0.7149099279594645,79
0.47461853739000764,1.3427612514057672,35
0.40340057547545066,1.2079119890751997,35
0.47959033762575515,1.2800756297404043,35
0.5414398350399482,1.3458775230105187,35
0.4196125264574515,1.1551755216596904,35
0.5408299928748598,1.384982876634987,35
0.5217861134324342,1.3030533539329254,35
0.49410858513057815,1.2687154854208131,35
0.5385246154783474,1.364543271501292,35
0.41167728577264806,1.1407149551390012,35
-2.294372991546596,-0.7355130535916449,79
-2.32125016614885,-0.7547620069254095,79
-2.3546340899272944,-0.723208294308762,79
-2.3610405834619814,-0.6900533531904933,79
-2.3310070763856503,-0.7340355989239784,79
-2.294372991545761,-0.7355130535939313,79
-2.3212501661488507,-0.7547620069254113,79
-2.35463408992729,-0.7232082943087808,79
-2.3610405834619788,-0.6900533531905053,79
-2.3310070763855704,-0.7340355989241917,79
-2.420831967951155,-1.1729886097707614,77
-2.301578979478243,-1.2021489816437263,77
-2.272126694326975,-1.1776820393230545,77
-2.323762663140613,-1.2113295419898,77
-2.420831967951288,-1.1729886097706093,77
-2.301578979478216,-1.2021489816437638,77
-2.2721266943269884,-1.1776820393230385,77
-2.323762663140611,-1.211329541989799,77
1.3147910623392343,1.5226291483559842,20
1.1951455197751626,1.4506039383541096,20
1.2583717226173077,1.4462658071010552,20
1.2683779783245288,1.5968527820639757,20
1.1861513290917545,1.2795444868374686,20
1.3352787075789967,1.5359339555202878,20
1.349134034581704,1.641464951167563,20
1.3621654243115624,1.4957332685306235,20
1.348117819911873,1.711656956183699,20
1.2280278790792265,1.3391679913754002,20
-2.1835501678124953,-1.2976976791182573,77
-2.3945648244669138,-1.2112354128455596,77
-2.275008370820387,-1.1857201011471419,77
-2.3424472191056287,-1.1497823307346247,77
-2.218820233322838,-1.211336057631556,77
-2.1835501676049223,-1.29769767939776,77
-2.3945648244639797,-1.2112354128487552,77
-2.275008370820396,-1.1857201011471319,77
-2.3424472191056758,-1.1497823307345694,77
-2.2188202333229268,-1.2113360576314454,77
-2.7183918385232624,0.027902510667597132,89
-2.810596961444366,-0.03305310197465035,89
-2.7136434649897194,-0.016539145189482615,89
-2.822654732108002,0.0022023888525978647,89
-2.7183918385232597,0.027902510667597333,89
-2.810596961444366,-0.03305310197465035,89
-2.713643464989722,-0.016539145189485044,89
-2.822654732108002,0.002202388852598046,89
-0.32759341207780746,1.9460122865723934,27
-0.36141154382839846,1.8161302034160274,27
-0.32722165127403263,1.8565621522587843,27
-0.27771612440281135,1.9172830031940848,27
-0.3545609047288363,1.7540776566924163,27
-0.2550872457108278,2.042594211424939,27
-0.267636528749659,1.9534744646957378,27
-0.30334503285708153,1.9334650993507463,27
-0.27870220202890506,1.9974889339609598,27
-0.35496545231967774,1.8177288393047524,27
-2.7676509952485366,0.0009826441870027704,89
-2.6916960741169476,-0.04302402346405301,89
-2.8045531625566196,-0.06239493218625294,89
-2.6929242416833112,0.0062424746133584365,89
-2.7993561215043057,-0.057719628555037074,89
-2.7676509952485326,0.0009826441870457317,89
-2.6916960741169467,-0.043024023464053096,89
-2.804553162556622,-0.0623949321862528,89
-2.692924241683309,0.006242474613358541,89
-2.7993561215043052,-0.057719628555037115,89
-2.8382256748034322,-0.5147489042753248,87
-2.8199677691596303,-0.5510944925988542,87
-2.8374982730492455,-0.5489061254141911,87
-2.833878647106633,-0.5690813941347563,87
-2.8382256748101304,-0.5147489042289438,87
-2.819967769159617,-0.5510944925989766,87
-2.837498273030876,-0.548906125503572,87
-2.833878647106459,-0.5690813941358843,87
0.6294826368433577,2.417624387904197,22
0.48292728103069593,2.3890518168354147,22
0.5481714322516322,2.3986571994199335,22
0.5453042179625751,2.3760625327025604,22
0.4658094147771975,2.2458008957920366,22
0.6614405647231274,2.5009694805304408,22
0.636052529840186,2.532847804323712,22
0.642799721335155,2.5269485200972,22
0.6011470199121588,2.507627998375018,22
0.5347695071771142,2.4815208521791146,22
-2.795443357615202,-0.6547827304331625,87
-2.8688820346545367,-0.6405104283727173,87
-2.775030648925818,-0.5367591240407279,87
-2.8042860332812256,-0.4695684318897879,87
-2.7754736814818064,-0.5845459890668399,87
-2.7954433576136304,-0.6547827304422567,87
-2.8688820346543626,-0.6405104283736436,87
-2.77503064892582,-0.5367591240407195,87
-2.8042860332820014,-0.46956843188100916,87
-2.775473681482144,-0.5845459890643159,87
3.038401958530913,-1.3728123124150107,40
3.340585731518889,-1.4910202891833606,40
3.2391376519001605,-1.4323330850565363,40
3.287002395780941,-1.434569518207428,40
3.038401958530918,-1.3728123124150022,40
3.3405857315177645,-1.4910202891862898,40
3.2391376519023307,-1.432333085050371,40
3.287002395781578,-1.4345695182056302,40
1.2718858876712837,-2.4280560216559683,49
1.378344783251058,-2.2299434434867207,49
1.348428806976568,-2.330220953565808,49
1.4928518879106831,-2.2688736180797235,49
1.282198284847249,-2.5822523661569927,49
1.2495111510929517,-2.3780347707511664,49
1.2523053251702458,-2.3802953803638314,49
1.294654133203621,-2.372330799097929,49
1.35310691535044,-2.3496889775800947,49
1.2158416354261383,-2.5847481812090174,49
3.2104211462458294,-1.3453642692712624,40
3.0533856337023693,-1.3187312618639786,40
3.2366483477602666,-1.361969516807119,40
3.1720014783971973,-1.3313741931884981,40
3.221254911834816,-1.382903268407184,40
-2.1507689049055356,2.3677605640761366,40
3.0533856337023657,-1.3187312618639935,40
3.2366483477608914,-1.3619695168052772,40
3.172001478396993,-1.3313741931890821,40
3.2212549118760703,-1.3829032682823468,40
3.2537026123238437,-1.3836134056036393,40
3.120024699235596,-1.3714357261881334,40
-2.236554261285299,2.3922892323097953,40
3.3160444253315444,-1.3667211711443255,40
3.2661629408565083,-1.363275057494647,40
3.2537026123233757,-1.3836134056050096,40
3.1200246992354326,-1.3714357261886183,40
3.2534751669907,-1.418404980065212,40
3.3160444253289,-1.3667211711525047,40
3.266162940857106,-1.3632750574929102,40
1.2071629924703091,-2.49883700844331,49
1.3004832763982461,-2.602386229283142,49
1.2341660812376631,-2.315671823668033,49
1.381761165558754,-2.5028166562264063,49
1.2536265367847292,-2.442970920873214,49
1.34905607239083,-2.59417813136513,49
1.1873641800858104,-2.415154600997179,49
1.485227115046769,-2.36391815783819,49
1.2840928655056048,-2.390475816260549,49
1.3640171717283458,-2.5970888170030966,49
1.2071629924702785,-2.498837008443331,49
1.3004832763970249,-2.602386229283885,49
1.2341660812378104,-2.3156718236679126,49
1.3817611657236535,-2.502816656120675,49
1.253626536784711,-2.442970920873229,49
1.3490560719124727,-2.5941781316572308,49
1.1873641800858132,-2.415154600997178,49
1.485227114899442,-2.363918157946854,49
1.2840928655059203,-2.3904758162603277,49
1.3640171716367135,-2.59708881705883,49
-2.6011325407064745,-0.9287337978369896,81
-2.629574918187991,-0.9016090286054719,81
-2.5920390992987046,-0.8763593546138612,81
-2.5915801817249666,-0.855580295454429,81
-2.601132540706476,-0.9287337978369878,81
-2.6295749181879904,-0.9016090286054678,81
-2.5920390992987064,-0.8763593546138543,81
-2.591580181724967,-0.8555802954544313,81
0.43430703418596467,0.8351958796705622,37
0.34382020972962835,0.8617572839873779,37
0.4204003920295107,0.8184123947386047,37
0.39226941289226397,0.8668055736506136,37
0.3934286296476254,0.7743038259409795,37
0.49380486104188454,0.8444659662131103,37
0.4480602524692381,0.8870586588533066,37
0.4375855313808581,0.8292835929929685,37
0.40501314894164564,0.9361308257123407,37
0.34402341064003966,0.8228733205638762,37
-2.2482658768228143,-0.862817744750667,81
-2.487073849389589,-0.9157538644916312,81
-2.528265988448751,-0.8517488230150557,81
-2.5691395231863074,-0.829933223699089,81
-2.4235414377609374,-0.8089546825010413,81
-2.248265876822809,-0.862817744750678,81
-2.4870738493895903,-0.9157538644916328,81
-2.528265988448753,-0.8517488230150491,81
-2.5691395231863106,-0.8299332236990828,81
-2.4235414377608797,-0.8089546825011585,81
-2.5940190866898045,-1.2822465014891118,82
-2.4490723408254667,-1.3173952696187206,82
-2.457971072112611,-1.293588500979316,82
-2.432299878999593,-1.3253459014274276,82
-2.5940190862729993,-1.2822465019474092,82
-2.4490723407681623,-1.3173952696812572,82
-2.457971072084803,-1.2935885010105137,82
-2.4322998792609973,-1.325345901142947,82
1.37284813861864,0.7577863119926938,19
1.1894109855611794,0.7253455637280428,19
1.2856457908641101,0.6650614272080443,19
1.2498157278673103,0.7977532120670469,19
1.1988651516685829,0.6863706949221761,19
1.38328952463131,0.8006424697383182,19
1.2744746715933801,0.805503108171736,19
1.2978293526562432,0.6863205451050051,19
1.2643533486796112,0.8553647768631304,19
1.1485920403622905,0.7035143275876726,19
-2.0641508124697694,-1.3066989937869806,82
-2.4270617920870285,-1.339808877280716,82
-2.28036900758716,-1.3432227615354868,82
-2.4105872933626618,-1.2266765824772683,82
-2.1452772847631216,-1.3486721231189314,82
-2.06415081246956,-1.3066989937872633,82
-2.4270617922206803,-1.3398088771369419,82
-2.280369007590196,-1.3432227615321417,82
-2.410587293525909,-1.2266765822930437,82
-2.1452772847620434,-1.3486721231202738,82
-2.7560709884230077,0.12390267083483895,85
-2.848097418292589,0.04888090667616381,85
-2.7597650712536783,0.10021689535038213,85
-2.8444295079460185,0.10991050854188907,85
-2.75607098842301,0.12390267083483898,85
-2.848097418292582,0.04888090667627357,85
-2.7597650712536783,0.10021689535038206,85
-2.844429507946019,0.10991050854188764,85
-0.5873492886873571,1.8524329896326213,29
-0.6610007544150421,1.8342425384509096,29
-0.6334875527103853,1.811346353851604,29
-0.6507352769154051,1.891059031090857,29
-0.6406448747272997,1.7697119559914178,29
-0.5907431046224633,2.004364045039186,29
-0.6207477115071559,2.0061988973066,29
-0.619878690913109,1.9070720687680207,29
-0.658791755754354,2.0620367415790133,29
-0.6785839298564307,1.898166435092479,29
-2.588294490743564,0.14487835145029967,85
-2.721763083510882,0.09727207951478417,85
-2.734031733366317,0.090500912797574,85
-2.704109035963442,0.13078628585565755,85
-2.696884284619819,0.12288154610798133,85
-2.588294490743563,0.14487835145029965,85
-2.721763083510881,0.09727207951478445,85
-2.734031733366317,0.0905009127975748,85
-2.7041090359634437,0.13078628585565744,85
-2.696884284619818,0.12288154610798098,85
-2.805720163354077,-0.49769899084988917,83
-2.811641200529617,-0.5051286439802226,83
-2.797942567688166,-0.4827136716902485,83
-2.811337084835908,-0.5085840554213273,83
-2.805720163354081,-0.4976989908498868,83
-2.8116412005296203,-0.5051286439801908,83
-2.797942567688181,-0.48271367169024787,83
-2.811337084835967,-0.5085840554206106,83
0.3769927693857333,2.28256765932437,21
0.23190218291391923,2.283171908879997,21
0.29684474812225964,2.2078762326538954,21
0.2791876119246502,2.2706509871944927,21
0.24531737352633357,2.1560253843178434,21
0.3919095070655191,2.4112435728431008,21
0.3952985272751361,2.466808032141746,21
0.3984059937709071,2.411760623199018,21
0.36051264544324546,2.4948816200061366,21
0.27565754568603634,2.3629107134065843,21
-2.537668934478354,-0.4403202697469222,83
-2.8182319584237936,-0.5228309724570583,83
-2.714461168286771,-0.4803255054200278,83
-2.75960176627859,-0.39493667799743176,83
-2.705883989358922,-0.4646113902681385,83
-2.537668934478354,-0.44032026974692284,83
-2.818231958423851,-0.5228309724565868,83
-2.714461168286773,-0.480325505419995,83
-2.759601766278591,-0.39493667799743215,83
-2.70588398935892,-0.46461139026814047,83
-2.293464159568279,-0.7540030173261446,79
-2.2672144019062257,-0.7271509268686875,79
-2.2446035017880424,-0.7233410711363055,79
-2.2416206572247814,-0.7152756101165629,79
-2.293464159568276,-0.7540030173261447,79
-2.2672144019062244,-0.7271509268686883,79
-2.2446035017880424,-0.7233410711363036,79
-2.241620657224781,-0.7152756101165646,79
0.603123377920842,1.282090444145497,35
0.5223489365717171,1.1397248789468337,35
0.6109067085844665,1.2042055565189065,35
0.6626970504855393,1.2740231926226822,35
0.5564964504851433,1.0899576809485936,35
0.6706925375065729,1.3212032423233375,35
0.6766561877926817,1.2485752112306137,35
0.6403409587847007,1.2064195128221038,35
0.6933265045790905,1.3154658606184813,35
0.5549250960648122,1.0900622991595799,35
-2.1389379900058687,-0.7109155622319469,79
-2.25618169129497,-0.7758000318764131,79
-2.190274994739928,-0.7074808181277668,79
-2.250372998157754,-0.704158276112334,79
-2.17112742982006,-0.708314068847474,79
-2.1389379900058683,-0.7109155622319455,79
-2.25618169129497,-0.7758000318764142,79
-2.1902749947399274,-0.7074808181277666,79
-2.250372998157753,-0.704158276112334,79
-2.1711274298200585,-0.7083140688474738,79
-2.3823007962869376,-1.1849048131648334,77
-2.202902785050441,-1.1677966719492014,77
-2.239983076009951,-1.1963978528357107,77
-2.2359557844641893,-1.1771433946057777,77
-2.38230079628693,-1.1849048131648476,77
-2.2029027850504406,-1.167796671949203,77
-2.2399830760099504,-1.1963978528357115,77
-2.2359557844641897,-1.177143394605776,77
1.4194142951960829,1.458044405486732,20
1.2675729028042433,1.37197826829856,20
1.3303877961898416,1.3579666541212259,20
1.3412744948496915,1.4889117658707693,20
1.2542614173417337,1.2206164831468298,20
1.4168920811693888,1.4349278864558601,20
1.4333324833582535,1.5323097607863174,20
1.4351250380716833,1.4105384771280944,20
1.4230406463908416,1.6468899003753634,20
1.2981755162944832,1.2964522347285474,20
-2.1303397775131248,-1.2472178566935879,77
-2.3483940728405397,-1.2439332160803824,77
-2.180884849302446,-1.171758437608559,77
-2.282186156711227,-1.1701846074172764,77
-2.1068861346961087,-1.1879985126150114,77
-2.130339777516841,-1.247217856688598,77
-2.34839407284033,-1.2439332160806305,77
-2.1808848493024477,-1.1717584376085561,77
-2.2821861567112474,-1.1701846074172526,77
-2.1068861346961216,-1.1879985126149892,77
-2.7013114287623647,-0.0055934222250545,89
-2.7762996564044378,-0.06710160776277818,89
-2.6670202048999085,-0.04927807371861698,89
-2.7811781000855462,-0.013156849054116996,89
-2.701311428762365,-0.005593422225054628,89
-2.7762996564044387,-0.0671016077627782,89
-2.6670202048999085,-0.04927807371861698,89
-2.781178100085547,-0.013156849054117094,89
-0.23936273721408854,1.8957141480275728,27
-0.2795649241529251,1.7674287715789234,27
-0.2563623792253072,1.8112724349218552,27
-0.20610374639878742,1.8650608040436358,27
-0.269771756913565,1.706789432121849,27
-0.17391273164788157,1.988528537699446,27
-0.20132494038342313,1.9079223722662202,27
-0.22523639270358187,1.8726170242485978,27
-0.1987393961215596,1.9484848133059873,27
-0.2700424300423208,1.7569799519638025,27
-2.7185739476698414,-0.056917763984884684,89
-2.671670242100258,-0.07971155559498799,89
-2.7247386081115343,-0.0710420094674503,89
-2.6394963918906673,-0.005508156800532557,89
-2.676816689931028,-0.05572576600121928,89
-2.7185739476698445,-0.0569177639848622,89
-2.671670242100258,-0.07971155559498765,89
-2.7247386081115335,-0.07104200946744998,89
-2.639496391890666,-0.005508156800532213,89
-2.676816689931029,-0.05572576600121949,89
-2.8665351261780208,-0.5504231691965159,87
-2.8153123154344057,-0.5403553392308769,87
-2.8265591580491103,-0.5947083072043872,87
-2.8148562492678213,-0.5423770338514863,87
-2.866535126179031,-0.5504231691898956,87
-2.8153123154341997,-0.5403553392326544,87
-2.8265591580489704,-0.5947083072052117,87
-2.814856249267714,-0.5423770338524353,87
0.6915321996493438,2.3557245578393906,22
0.5491608360966101,2.326104928613551,22
0.5987405731145385,2.2951332077923383,22
0.6080704221441339,2.2840494171674957,22
0.5450410309084343,2.1928540946798916,22
0.7042707681955919,2.418520205061686,22
0.6625390484230872,2.4398257596635777,22
0.6813374477654218,2.445535744747653,22
0.6280994172202969,2.416282331237071,22
0.5945028308339223,2.415140801730515,22
-2.744254548568544,-0.6585394521933198,87
-2.87486851452185,-0.6759605825798618,87
-2.739459112218441,-0.5137498839963531,87
-2.765320005339717,-0.51279485164222,87
-2.7195305297828605,-0.5464977931427001,87
-2.7442545485701815,-0.6585394521829883,87
-2.874868514521805,-0.6759605825801085,87
-2.739459112218638,-0.5137498839942528,87
-2.7653200053399307,-0.5127948516394802,87
-2.719530529784222,-0.5464977931287945,87
2.897563695538708,-1.3769801244832478,40
3.24480363124932,-1.5270222822053772,40
3.1275518904619437,-1.4423943399087698,40
3.1811200984073826,-1.4506008768531615,40
2.897563695538709,-1.376980124483249,40
3.24480363124924,-1.5270222822055763,40
3.1275518904623816,-1.442394339907528,40
3.181120098407378,-1.4506008768531722,40
1.2912213044451641,-2.462377331940304,49
1.4006345533105986,-2.19589579929947,49
1.3775166937089471,-2.32741115661733,49
1.5199301083648769,-2.23091546155847,49
1.285705678278114,-2.53748650544713,49
1.2902392325026752,-2.4019906491950644,49
1.3080990421939485,-2.3174592286882847,49
1.3414601878637453,-2.360979366067255,49
1.4046654386768007,-2.269384909536639,49
1.250231042441995,-2.518116387263559,49
3.0781280443981083,-1.3713314286663763,40
2.9193824814111258,-1.3199247043536249,40
3.1276729088539112,-1.3873461874099318,40
3.062580769905183,-1.3434920700196418,40
3.09201914079477,-1.3713647980537056,40
3.0781280443981744,-1.3713314286661626,40
2.9193824814111253,-1.3199247043536249,40
3.1276729088539166,-1.387346187409911,40
3.062580769905197,-1.3434920700196173,40
3.092019140794834,-1.3713647980535086,40
3.163787331955395,-1.4034019150728219,40
3.0351938108868746,-1.3892762068005198,40
3.161075393121926,-1.4213523990980486,40
3.2483122341321993,-1.398602292966109,40
3.187570014857135,-1.3955025983185045,40
3.1637873319552514,-1.4034019150732286,40
3.035193810886879,-1.3892762068005122,40
3.1610753931222457,-1.421352399097198,40
-2.2727680614158143,2.3842658607579184,40
3.187570014857338,-1.3955025983178737,40
1.2389180893991625,-2.4743413424046845,49
1.3154659336647685,-2.530735552687459,49
1.2495010146493102,-2.275579197482427,49
1.4109786639935427,-2.3969713037300178,49
1.2986464067917374,-2.4048495046450764,49
1.3642301363234113,-2.483622200213775,49
1.2307801588416414,-2.3831180123968148,49
1.4494983318381562,-2.28415034392067,49
1.2890807992168698,-2.3662570253753383,49
1.361466561068913,-2.4631724306140597,49
1.2389180893991627,-2.474341342404685,49
1.315465933664939,-2.5307355526873505,49
1.249501014649311,-2.2755791974824224,49
1.4109786638528614,-2.3969713038261924,49
1.2986464067917174,-2.404849504645089,49
1.3642301363170422,-2.4836222002179,49
1.2307801588416492,-2.383118012396811,49
1.4494983318374246,-2.2841503439212345,49
1.2890807992168574,-2.3662570253753468,49
1.3614665610679766,-2.4631724306146703,49
-1.8806573183599042,-1.723533402028285,81
-1.8818969632558316,-1.7148384095912739,81
-1.9022909318253358,-1.69195134624039,81
-1.8480555133000802,-1.6599845912488347,81
-1.8806573183599047,-1.7235334020282846,81
-1.8818969632558304,-1.7148384095912748,81
-1.9022909318253365,-1.6919513462403928,81
-1.8480555133000818,-1.6599845912488356,81
0.9383574081582996,0.7262941946944197,37
0.8424119300609656,0.7347908129690284,37
0.909154084182223,0.7178666467999039,37
0.8814930208350992,0.7659018816571246,37
0.8851895349215712,0.6475299704794752,37
1.0127076203682102,0.7036447882633055,37
0.9792040269194405,0.7964760278244147,37
0.9357546815969635,0.711085859819887,37
0.9615233441157479,0.8243573472459697,37
0.8039403203762245,0.6607641859419291,37
-1.6564592887321885,-1.8099977492144546,81
-1.8492126336744958,-1.7123280642949823,81
-1.829908036219224,-1.7248544480407055,81
-1.9065058568070226,-1.6597337923314888,81
-1.7638719285656927,-1.6777163305377567,81
-1.6564592887321874,-1.8099977492144557,81
-1.8492126336744956,-1.7123280642949836,81
-1.8299080362192244,-1.7248544480407046,81
-1.9065058568070234,-1.6597337923314897,81
-1.7638719285656919,-1.6777163305377585,81
-1.7426214911644604,-2.293979598725177,82
-1.7044008491840879,-2.345474987247738,82
-1.731987019752201,-2.2995125929747493,82
-1.6922616485213804,-2.319045760053274,82
-1.742621491427008,-2.2939795984624927,82
-1.7044008491834297,-2.34547498724837,82
-1.7319870197981295,-2.299512592928513,82
-1.6922616485259272,-2.3190457600485783,82
1.8212326192879114,0.6250581318348124,19
1.6236353142313262,0.5893517974497502,19
1.7007438103078825,0.5418271486910069,19
1.7080201869576714,0.6600998066280858,19
1.6383111974225968,0.5224691296810322,19
1.7976602919909919,0.6121241161433959,19
1.711971103263099,0.6428599004400688,19
1.6897630158359667,0.5355677251154219,19
1.7182496328228367,0.6742863930765117,19
1.5728913390631816,0.5179781357371197,19
-1.4939615637384194,-2.2511325872845567,82
-1.7124236753885198,-2.307222811532571,82
-1.6517719822665973,-2.2801495872899595,82
-1.7367355166343572,-2.198240646612021,82
-1.6132839157779493,-2.2206527157758695,82
-1.4939615637383084,-2.251132587284669,82
-1.7124236753895465,-2.307222811531526,82
-1.651771982267319,-2.280149587289225,82
-1.7367355166354774,-2.1982406466110733,82
-1.6132839157775596,-2.2206527157762395,82
-2.3979107353725584,-0.6918395836963215,85
-2.5110013062544487,-0.7792760132716986,85
-2.39175518068898,-0.7091833084783108,85
-2.5010564563222304,-0.6965363181406131,85
-2.3979107353725535,-0.6918395836963164,85
-2.511001306254442,-0.779276013271718,85
-2.39175518068898,-0.7091833084783091,85
-2.5010564563221283,-0.6965363181415541,85
-0.38359741301921807,1.9195416559076122,29
-0.5215438590382875,1.8979438959156978,29
-0.43978788992551315,1.8789940902547093,29
-0.48286828031644613,2.016544354635471,29
-0.46169141853392887,1.8335987321655405,29
-0.3226659785730164,2.076785502718272,29
-0.3731641966503209,2.1590937049413337,29
-0.3738298167474119,1.9608697785926656,29
-0.4103877526830066,2.2637519466111575,29
-0.4625336123165345,1.9200332952391523,29
-2.1797878829449258,-0.77062948485696,85
-2.3618699923668456,-0.8745381427251248,85
-2.473186184694463,-0.8007226634044657,85
-2.3722389974221554,-0.6505115446722993,85
-2.4145092294771464,-0.7530453499460105,85
-2.1797878829449515,-0.7706294848568643,85
-2.361869992366839,-0.8745381427251442,85
-2.4731861846943857,-0.800722663404768,85
-2.372238997422157,-0.650511544672299,85
-2.4145092294771118,-0.7530453499461727,85
-2.323671533649186,-1.5152178093891717,75
-2.388840700378392,-1.5503975214893244,75
-2.3588765396477456,-1.5375726975742192,75
-2.363561022516025,-1.5652638530829124,75
-2.3236715336294593,-1.515217809412053,75
-2.388840700438859,-1.5503975214223493,75
-2.3588765396467295,-1.5375726975753616,75
-2.3635610224714556,-1.5652638531325198,75
0.8643562505680373,2.3765221605959024,21
0.7066911084644203,2.3376638680722754,21
0.7701643305089934,2.3020017832465034,21
0.7481816108247784,2.3691704627685093,21
0.7225857224527096,2.2810716555848196,21
0.876237560359595,2.443270726364634,21
0.8581711072556476,2.5532303320647087,21
0.862413667438944,2.445458450989305,21
0.8272318876039357,2.5890747884428054,21
0.773061227556779,2.427584519253639,21
-2.1185110177108313,-1.5371857618022873,75
-2.385169888174699,-1.5441251719770466,75
-2.3112458232178623,-1.5309207951203927,75
-2.3469048103286183,-1.4789851699363672,75
-2.2871102798136556,-1.5208503707601193,75
-2.1185110177094595,-1.5371857618040932,75
-2.3851698881765038,-1.5441251719750493,75
-2.3112458232424506,-1.5309207950919577,75
-2.3469048103286525,-1.4789851699363255,75
-2.287110279816141,-1.5208503707572019,75
-1.8004923980802539,-1.5127562944484354,79
-1.821304093941408,-1.5376268538540112,79
-1.7997551629787618,-1.5174018771218252,79
-1.7955009675380813,-1.5169377970387077,79
-1.800492398080255,-1.5127562944484367,79
-1.8213040939414085,-1.5376268538540099,79
-1.7997551629787585,-1.5174018771218243,79
-1.7955009675380804,-1.5169377970387081,79
1.1996444247434779,1.4188292327696366,35
1.0866038186095748,1.1835318642679196,35
1.1905163409428967,1.3192929653334449,35
1.2620303777474284,1.4706555726512005,35
1.1091582060050735,1.1163698122107935,35
1.2751066452311004,1.4626506572913336,35
1.293349637860004,1.414572975684373,35
1.2397283395302445,1.2790730869479805,35
1.2942564145759403,1.5627966258192174,35
1.0639371318679591,1.0598845750197126,35
-1.6487305181697278,-1.6546435768528611,79
-1.8326358215847844,-1.6244709746220956,79
-1.7633681743355833,-1.5645557608776346,79
-1.8242167571084567,-1.527473946743578,79
-1.743825452874964,-1.5817970896159448,79
-1.6487305181697272,-1.6546435768528616,79
-1.8326358215847853,-1.6244709746220969,79
-1.7633681743355822,-1.5645557608776346,79
-1.8242167571084549,-1.5274739467435783,79
-1.7438254528749642,-1.5817970896159455,79
-1.8045487650304175,-2.117514018426688,71
-1.7913974731673494,-2.1165800401572663,71
-1.7767322097123421,-2.1245701154755174,71
-1.7998525673517893,-2.1340696537547896,71
-1.8045487650304026,-2.117514018426701,71
-1.7913974731673665,-2.1165800401572574,71
-1.7767322097123657,-2.124570115475499,71
-1.7998525673517862,-2.13406965375479,71
1.8789447950528126,1.6018275374777886,20
1.7059742173801875,1.3870807093539597,20
1.779584845423118,1.4269187904474059,20
1.7963598521229633,1.6598343340405306,20
1.6672374813917337,1.2254948128152479,20
1.8582068182496925,1.496007491586133,20
1.8245561335234544,1.5938083925059077,20
1.838000515691264,1.4105200507094273,20
1.8450463316033627,1.7096864765498316,20
1.6631272901597158,1.2024234658792292,20
-1.521805723816227,-2.335636867305597,71
-1.8025508404930612,-2.1783605026018193,71
-1.7135273246484102,-2.1018647517518114,71
-1.7632881137862895,-2.1183400382503215,71
-1.7037823426484442,-2.127488737382775,71
-1.5218057238163227,-2.3356368673055092,71
-1.8025508404990065,-2.178360502597382,71
-1.7135273246484053,-2.1018647517518128,71
-1.763288113786387,-2.118340038250239,71
-1.7037823426484737,-2.127488737382756,71
-2.3514051777916607,-0.9637117265418846,89
-2.3943334344965423,-0.996291832604769,89
-2.3002040342835355,-0.9812397883046383,89
-2.3932036953264615,-0.9546363856567448,89
-2.35140517779166,-0.9637117265418839,89
-2.3943334344965415,-0.9962918326047692,89
-2.3002040342835377,-0.9812397883046381,89
-2.393203695326463,-0.9546363856567465,89
0.13964692649769508,2.103511056155515,27
0.04761438566746199,1.9086176630223102,27
0.1076800221801101,1.968923077180521,27
0.14237976980627798,2.046747929222928,27
0.07439808860223304,1.863987261809021,27
0.20069858508929697,2.112773414669052,27
0.1618246300933607,2.1229402593051243,27
0.13078693009573505,2.0212540438956004,27
0.164840075279188,2.1447794608102493,27
0.04678791022092958,1.8363307317006088,27
-2.317717130393562,-1.1241644396061998,89
-2.380225575633559,-1.1014532523949654,89
-2.353410078570506,-1.0595939822047695,89
-2.2891893427651113,-0.9765426676116037,89
-2.331768687766533,-1.0584844744042725,89
-2.3177171303935644,-1.1241644396062005,89
-2.3802255756335593,-1.1014532523949654,89
-2.353410078570506,-1.0595939822047684,89
-2.289189342765112,-0.9765426676116046,89
-2.3317686877665302,-1.058484474404273,89
-2.3760161213483806,-1.6401105950986923,73
-2.4163951423844265,-1.6676547710036476,73
-2.3775095167952047,-1.6790180439070053,73
-2.4245457473943657,-1.694982388053087,73
-2.376016120927853,-1.640110595592504,73
-2.416395143701785,-1.667654769434574,73
-2.377509516858463,-1.6790180438313398,73
-2.424545748355635,-1.694982386881907,73
1.1045169198739202,2.4934549224469342,22
0.9884170376134426,2.490243019360407,22
1.0169501179521758,2.448240737991881,22
1.0298217746166423,2.5085997707828134,22
0.9864451638991999,2.3895616558119275,22
1.119498110185009,2.5037817199290697,22
1.0753013078464395,2.571439922225878,22
1.0879636351734794,2.5044717005341837,22
1.0412832670630334,2.5537579582677057,22
1.0153269325892258,2.5073697084517015,22
-2.2194089806437423,-1.8814400349673852,73
-2.4390826457893366,-1.7428286428562383,73
-2.302742149577478,-1.6487710658064738,73
-2.3549938409419724,-1.641991788468721,73
-2.3361799086768253,-1.6995841724248522,73
-2.2194089805437303,-1.8814400350831675,73
-2.4390826440043147,-1.7428286450968362,73
-2.3027421495512694,-1.6487710658382528,73
-2.354993841097266,-1.641991788286775,73
-2.336179908576398,-1.6995841725424379,73
3.121070427097502,-1.3261266857110772,40
3.439166377952703,-1.4102915886806335,40
3.3664876369825594,-1.4376029321078034,40
3.3302955203764912,-1.27073862719167,40
3.1210704270975795,-1.3261266857108447,40
3.4391663782233652,-1.4102915879138387,40
3.3664876368090337,-1.4376029325823532,40
3.3302955203764477,-1.2707386271918149,40
1.460311448402683,-2.201927245896578,48
1.5253206423485552,-1.9638133860763611,48
1.5184003543954572,-2.0466041596350455,48
1.6706106199020163,-2.000892291884709,48
1.4671950565930856,-2.3653304316728443,48
1.4468166124992852,-2.1280515138543072,48
1.4513768331711783,-2.0701453114652524,48
1.456161067624337,-2.0398416049202686,48
1.5655326938540504,-2.084212194274859,48
1.4127014232667028,-2.236570502672801,48
3.3054217126760106,-1.1939841694146223,40
3.1076006859355725,-1.2848400345052844,40
3.3344511399924786,-1.3457299786131498,40
3.3106989200964145,-1.3465453920416548,40
3.227067222168922,-1.2385461303614946,40
3.3054217126760186,-1.1939841694145834,40
3.107600685935478,-1.2848400345055389,40
3.334451140032769,-1.345729978488996,40
3.3106989200788703,-1.3465453920962023,40
3.2270672221691847,-1.2385461303606415,40
3.351377105754468,-1.2876256159893331,40
3.2875982842748925,-1.3905769698534387,40
3.4230252105259082,-1.390613301232144,40
3.4827584860304244,-1.3707975269587096,40
3.341508987170132,-1.2806078660287514,40
3.351377105754379,-1.287625615989627,40
3.287598283854916,-1.3905769710985798,40
3.4230252105751364,-1.3906133010877633,40
3.4827584860430107,-1.3707975269225585,40
3.3415089871700396,-1.2806078660290676,40
1.3821818966310466,-2.1877388635696886,48
1.4686501111495016,-2.430216574488265,48
1.3789986201378277,-2.007487877651469,48
1.6106346334642934,-2.198165517890414,48
1.4433243196854233,-2.0234798936652534,48
1.535506570975132,-2.2204581767161287,48
1.3701774221016552,-2.013984786334316,48
1.5580296581411626,-2.0377305554966196,48
1.4325996745588054,-2.0587146085401393,48
1.5808346751839875,-2.221033227656839,48
1.3821818966105757,-2.187738863586957,48
1.468650096828873,-2.4302165840583423,48
1.3789986201386537,-2.007487877650739,48
1.610634633361262,-2.1981655179764537,48
1.4433243196854761,-2.0234798936652076,48
1.5355065711020868,-2.2204581766153835,48
1.3701774221016594,-2.013984786334312,48
1.5580296581411612,-2.0377305554966196,48
1.4325996745586405,-2.0587146085402797,48
1.5808346751453541,-2.2210332276912523,48
-2.692139815034793,-0.9493232947920007,81
-2.703601701079553,-0.9011321989059669,81
-2.6832868068063114,-0.9184946905958846,81
-2.7029845120734013,-0.8894075758215012,81
-2.6921398150347957,-0.9493232947920024,81
-2.7036017010795512,-0.9011321989059736,81
-2.6832868068063105,-0.9184946905958856,81
-2.702984512073393,-0.8894075758215273,81
0.30511585647080086,0.929132382439572,37
0.23462885277431225,0.8999907147882253,37
0.2723842953613376,0.9349661954498685,37
0.2625249593997325,1.0099387113431713,37
0.25512895396372026,0.8862738875242452,37
0.35437551055723626,0.9730090941006235,37
0.3068760460968233,0.9815514180661076,37
0.3037190955911259,0.907994484635159,37
0.27587910515563124,1.0602227454027666,37
0.2278950650510065,0.8719756703171395,37
-2.298486620278478,-0.8890549916707702,81
-2.5665153607588462,-0.9405567310272256,81
-2.6363755753533393,-0.8874162831624816,81
-2.668870428997086,-0.8788013242473062,81
-2.552485812147821,-0.8705443586009405,81
-2.2984866202784486,-0.889054991670832,81
-2.566515360758845,-0.9405567310272259,81
-2.636375575353327,-0.8874162831625122,81
-2.66887042899708,-0.8788013242473169,81
-2.5524858121479332,-0.8705443586006332,81
-2.615807551430023,-1.3690053060689777,82
-2.4694318570438316,-1.3897777518811114,82
-2.4456511827041783,-1.3800079769801743,82
-2.4414773585335996,-1.4151688230127737,82
-2.6158075527874263,-1.3690053046633808,82
-2.4694318572088645,-1.3897777517093195,82
-2.445651182846463,-1.3800079768324134,82
-2.4414773585745206,-1.4151688229721566,82
1.2872664671901832,0.8679977501166249,19
1.1326005883512194,0.8101939669657537,19
1.2030625618521502,0.7964954992692299,19
1.1724205887882018,0.9037489737877161,19
1.1028257105083055,0.7770804979198468,19
1.31905711629542,0.9063940515144993,19
1.2162001060758751,0.9392678566080137,19
1.2175608663653972,0.8008669709243726,19
1.2122901455334392,0.9618910325980982,19
1.0158734429732064,0.7661050299131763,19
-2.06725674995677,-1.3570802163799365,82
-2.432610904907513,-1.4032895152882308,82
-2.3017121519403743,-1.4143162434805159,82
-2.392712463685575,-1.3222344323403463,82
-2.11977764524802,-1.4486987443299688,82
-2.0672567499567096,-1.35708021638001,82
-2.432610904784412,-1.4032895154110883,82
-2.3017121518010852,-1.4143162436265804,82
-2.3927124637095862,-1.322234432314911,82
-2.119777645247941,-1.4486987443300612,82
-2.814778353597117,0.12044466019449432,85
-2.8608329334891747,0.037123396709451244,85
-2.7981181437245546,0.09731487306985587,85
-2.87188353129801,0.09666394444642817,85
-2.814778353597107,0.12044466019449142,85
-2.8608329334891742,0.03712339670946032,85
-2.7981181437245546,0.09731487306985606,85
-2.8718835312980127,0.0966639444464283,85
-0.7449842121340071,1.8010509977988847,29
-0.8130816249642976,1.7972374406608544,29
-0.7905524905248872,1.8013880067848782,29
-0.800517428151518,1.88117135281688,29
-0.7829476471016378,1.7374172867658293,29
-0.749891954619321,1.9091814484131986,29
-0.7743287729311277,1.9249968384762783,29
-0.7823028726914281,1.8381458254223069,29
-0.8350820610404185,1.982568917409363,29
-0.8156669134173571,1.811349483004304,29
-2.6174685370641146,0.11658651624309888,85
-2.7959494528835176,0.01279814242490415,85
-2.7935394067573993,0.09815784987590923,85
-2.756754823008317,0.1373023468884882,85
-2.754103254168128,0.10385744513376656,85
-2.6174685370641173,0.1165865162430989,85
-2.7959494528832813,0.012798142427975506,85
-2.7935394067573993,0.09815784987590966,85
-2.756754823008317,0.13730234688848877,85
-2.7541032541681267,0.10385744513376673,85
-2.889033495612125,-0.6287398533193365,83
-2.9010341063703975,-0.6554244236258913,83
-2.882720117584505,-0.6190701663895207,83
-2.8933243232734656,-0.6606734753540184,83
-2.8890334956121015,-0.6287398533194989,83
-2.9010341063703335,-0.6554244236262049,83
-2.8827201175844603,-0.619070166389757,83
-2.893324323273523,-0.6606734753536938,83
0.18306173829754419,2.329911793448121,21
0.03952069955849822,2.313725782728192,21
0.11981638185852136,2.302709552064031,21
0.09304580092694345,2.3763275764827205,21
0.08702281285228412,2.261276072051689,21
0.20645437280066375,2.3950999395920203,21
0.23692510375251707,2.501632488146446,21
0.2201136637413346,2.3822053071122817,21
0.1910679199004935,2.556645140108797,21
0.10234909328241029,2.3176465800245487,21
-2.587843574121015,-0.4656000753910031,83
-2.8441872903873326,-0.6204921624469252,83
-2.81767115875772,-0.5960912688368711,83
-2.8255684393833898,-0.5294675087844066,83
-2.80224212308432,-0.5960274765827532,83
-2.5878435741210146,-0.4656000753910033,83
-2.8441872903873375,-0.6204921624469149,83
-2.8176711587577166,-0.5960912688369179,83
-2.825568439383453,-0.5294675087839529,83
-2.802242123084323,-0.5960274765826835,83
-2.350999111699008,-0.8147744068699775,79
-2.3113406611738636,-0.7895440365226299,79
-2.2686329999410537,-0.7844288589377133,79
-2.333081872209156,-0.7745661122428565,79
-2.350999111699009,-0.8147744068699767,79
-2.3113406611738623,-0.7895440365226305,79
-2.2686329999410537,-0.7844288589377132,79
-2.3330818722091546,-0.7745661122428554,79
0.5145994983263198,1.3584560777526207,35
0.45008309473931896,1.178439274381232,35
0.5393292479669859,1.309398109475258,35
0.5907989454759467,1.3229335079632547,35
0.4484155720182839,1.1417355808773972,35
0.5659742442142354,1.3624980894835996,35
0.5433295787459387,1.2927443215689927,35
0.5134271352562408,1.2589942724008145,35
0.5761546852711761,1.3455458727390186,35
0.4088747511870595,1.1113396809860407,35
-2.1236831502467,-0.7744153647554044,79
-2.309193921710569,-0.8332918424156248,79
-2.2439324013251176,-0.7682202333439153,79
-2.2497925637620617,-0.7533060508413927,79
-2.221163318308126,-0.7696101437099648,79
-2.1236831502466966,-0.7744153647554053,79
-2.3091939217105697,-0.8332918424156257,79
-2.2439324013251176,-0.7682202333439153,79
-2.249792563762059,-0.7533060508413938,79
-2.2211633183081254,-0.7696101437099653,79
-2.4360754380366614,-1.292194843910408,77
-2.259930372301445,-1.323716701043372,77
-2.2793688263879557,-1.3135916538444774,77
-2.2869467480652554,-1.333850348297909,77
-2.4360754380271468,-1.2921948439211988,77
-2.259930372301562,-1.3237167010432247,77
-2.279368826388326,-1.313591653843993,77
-2.2869467480634715,-1.3338503483001631,77
1.3255618251938053,1.6101841726726844,20
1.196067577498753,1.4439022670085937,20
1.2619040303557152,1.4743215500433913,20
1.2576304790120247,1.540560011930919,20
1.145767866552606,1.290705225141042,20
1.2836463584965554,1.5179398714897683,20
1.3020264797518968,1.598261646545454,20
1.294347948988535,1.4610393005721876,20
1.3154045813478583,1.6272112396100609,20
1.14899753752905,1.3203842723361157,20
-2.1233903807292736,-1.332282755355514,77
-2.3736182964443686,-1.3456303594791779,77
-2.208831418036224,-1.3086501725634208,77
-2.3069499316354034,-1.2714326591025833,77
-2.1329750444912743,-1.3375380573360798,77
-2.1233903807222823,-1.3322827553648782,77
-2.3736182964505774,-1.345630359472032,77
-2.208831418036185,-1.3086501725634663,77
-2.3069499316372593,-1.2714326591004106,77
-2.1329750444902134,-1.3375380573374283,77
-2.6780102613925205,-0.04538211611435066,89
-2.7347648487898857,-0.09973176942738018,89
-2.6577376720157186,-0.08797105588964038,89
-2.7627896458845527,-0.0602960372130703,89
-2.6780102613925205,-0.04538211611435101,89
-2.7347648487898852,-0.09973176942738013,89
-2.65773767201572,-0.08797105588964005,89
-2.7627896458845504,-0.0602960372130703,89
-0.3554067456827978,1.8611628787445345,27
-0.4186273864625218,1.7156411116914776,27
-0.38352367172656937,1.759899123001146,27
-0.34484202327353725,1.7996274746314518,27
-0.38829578603616693,1.6628202618097778,27
-0.29675944955911104,1.9086668198366334,27
-0.3380731637622985,1.8623677591394423,27
-0.36659609629109224,1.8005799667049553,27
-0.33926873681197384,1.8893143877430827,27
-0.3944392335134982,1.698251622650189,27
-2.652457906705667,-0.12286531737773332,89
-2.683384300869739,-0.15805261820693062,89
-2.7367401125320177,-0.12679215340980282,89
-2.646758009988387,-0.07237991852410544,89
-2.688505589441745,-0.11073375348819889,89
-2.6524579067056644,-0.1228653173777332,89
-2.6833843008697382,-0.1580526182069306,89
-2.7367401125320177,-0.1267921534098028,89
-2.646758009988387,-0.07237991852410541,89
-2.688505589441745,-0.11073375348819883,89
-2.8239239725372323,-0.7054013592101317,87
-2.7618604630483925,-0.7130673020050714,87
-2.789326934825623,-0.7216471360273493,87
-2.7637517290083093,-0.7233223311148995,87
-2.8239239725372327,-0.7054013592101319,87
-2.7618604630483903,-0.7130673020050687,87
-2.789326934825624,-0.7216471360273501,87
-2.7637517290083093,-0.723322331114898,87
0.5625133878781882,2.4305638754830934,22
0.4447358411370708,2.416730504383986,22
0.4760765756113899,2.360307721593219,22
0.4880657427629454,2.366736425307339,22
0.4600137631490323,2.343498952944549,22
0.5765884987050253,2.4923369731606235,22
0.5539156730395396,2.518746748177912,22
0.5527502268305697,2.4375928352851446,22
0.518084260276393,2.455672265779583,22
0.4900944620864363,2.4462884708460857,22
-2.7232739221350197,-0.7394330916608822,87
-2.8418742730508937,-0.7948298667619904,87
-2.7528997678914964,-0.699639460930771,87
-2.768381906593945,-0.6744932505095231,87
-2.6796592126601153,-0.7206357047038003,87
-2.7232739221349718,-0.7394330916610664,87
-2.841874273050896,-0.7948298667619792,87
-2.752899767891495,-0.6996394609307723,87
-2.7683819065939446,-0.6744932505095228,87
-2.679659212660117,-0.7206357047038018,87
3.0459391996688416,-1.415652465262584,40
3.2848397200185238,-1.466259009615421,40
3.245219038346079,-1.4523402488460913,40
3.1451161922379254,-1.337064431921097,40
3.045939199668837,-1.415652465262585,40
3.284839720017263,-1.466259009618783,40
3.2452190383459816,-1.45234024884636,40
3.1451161922380306,-1.3370644319207698,40
1.3723054920438107,-2.0898201685852427,49
1.4762924955463808,-1.9540589752283968,49
1.4915307180541866,-2.0490010039015267,49
1.5737664175367079,-2.0252171628450433,49
1.377482300508356,-2.2868857393503093,49
1.3127517760883893,-2.0882947568794883,49
1.4092076082491374,-2.1468845290570675,49
1.4161678178099484,-2.100043976294416,49
1.4909268663859492,-2.114246567713194,49
1.3174545675342388,-2.2968686175986366,49
-2.110288925849807,2.3673779133816124,40
3.040928004821854,-1.3525842981408158,40
3.1818448753634616,-1.3436551669359809,40
3.1903289353461983,-1.3593226857353085,40
3.0909628187467595,-1.2864762636948754,40
3.214138896175508,-1.2718636850732188,40
3.0409280048218554,-1.352584298140816,40
3.1818448753636672,-1.343655166935376,40
3.190328935346214,-1.3593226857352536,40
3.090962818746976,-1.2864762636942575,40
3.211084528786015,-1.2987928980696557,40
3.11103787481906,-1.3901595425474205,40
3.236214090993026,-1.3749880509604897,40
3.2924596590320148,-1.3339351915234476,40
3.2033231747545816,-1.3182595192573803,40
3.2110845287834637,-1.2987928980778842,40
3.1110378748190195,-1.3901595425475408,40
3.2362140909931356,-1.374988050960162,40
-2.2300543357341582,2.459370577153875,40
3.2033231747549515,-1.3182595192562785,40
1.287373657311923,-2.1945319198577513,49
1.4382509005093276,-2.2717549891846045,49
1.3375572007930936,-1.9656315528034172,49
1.4680225442516912,-2.059541715271856,49
1.3767700165480763,-2.1226716826447785,49
1.4445816149415804,-2.163190850794552,49
1.2812423384244158,-2.1334120938599956,49
1.5542639182665454,-2.0314242062988397,49
1.4053442870511468,-2.0529945224084054,49
1.498760516003292,-2.1428656689129557,49
1.2873736573119012,-2.1945319198577673,49
1.4382509005134392,-2.271754989181339,49
1.337557200793079,-1.9656315528034285,49
1.4680225442497765,-2.0595417152735327,49
1.3767700165461483,-2.122671682646408,49
1.4445816149801212,-2.163190850761606,49
1.2812423384243639,-2.1334120938600387,49
1.55426391826654,-2.031424206298843,49
1.4053442870511481,-2.052994522408406,49
1.4987605159954362,-2.142865668919433,49
-2.5617546029095295,-0.9743152798314767,81
-2.6420267209311183,-0.9250809067747772,81
-2.609150435598127,-0.9163321458148542,81
-2.5840059680149117,-0.8786591513277087,81
-2.5617546029095286,-0.9743152798314768,81
-2.6420267209311232,-0.9250809067747732,81
-2.6091504355981265,-0.9163321458148539,81
-2.5840059680149063,-0.878659151327725,81
0.41562407417218017,0.9276920527649956,37
0.3345332341942133,0.9055885610107428,37
0.4073997539229554,0.8988458978615894,37
0.3732188555011837,0.9988289517408171,37
0.366351774661817,0.877717436654283,37
0.4523935814425432,0.972906645875985,37
0.3886936195224515,1.0249086439398079,37
0.3933250414937762,0.9298860365293757,37
0.3735657855479424,1.0766288735248344,37
0.29813604924566983,0.9204731500959726,37
-2.155703494045591,-0.9044770560213637,81
-2.42846316977702,-0.9697286597319456,81
-2.550136141298708,-0.9017270047395278,81
-2.5507540493266494,-0.8750045143927788,81
-2.4110158722671495,-0.8534656194853116,81
-2.1557034940455537,-0.9044770560214479,81
-2.428463169777022,-0.9697286597319414,81
-2.5501361412987236,-0.9017270047395053,81
-2.5507540493266827,-0.8750045143927125,81
-2.411015872267205,-0.8534656194851993,81
-2.4667756803465433,-1.3858522909271018,82
-2.3497961145077055,-1.4170924051749865,82
-2.314095812333676,-1.4129402473214283,82
-2.2939541867603697,-1.4459316162609066,82
-2.4667756799937828,-1.3858522912979896,82
-2.349796114518424,-1.4170924051642584,82
-2.3140958123746156,-1.4129402472797554,82
-2.293954186799127,-1.4459316162196665,82
1.3425092583982006,0.9109144717132264,19
1.1449366520864617,0.8668502345688806,19
1.2622666784182077,0.8203647274891194,19
1.20839663193332,0.9104799491198285,19
1.1217135733528025,0.8107672272342779,19
1.3283028795474747,0.9469730159187275,19
1.2104726096175473,0.9577935372145812,19
1.2261515007613806,0.8444175219033752,19
1.2167300407867898,1.0058187388663256,19
1.0181496324344308,0.8402039429067066,19
-1.926505034387788,-1.3539683993746148,82
-2.2782508787803564,-1.4534853092817612,82
-2.1845403529798793,-1.4297097614655498,82
-2.263065526160585,-1.3404561560907486,82
-2.01560411166113,-1.4414272039698313,82
-1.926505034386928,-1.3539683993756984,82
-2.2782508787980342,-1.4534853092623337,82
-2.1845403529773493,-1.4297097614684198,82
-2.263065526170517,-1.3404561560791268,82
-2.015604111661406,-1.4414272039694542,82
-2.817794377663072,0.08675062378775233,85
-2.8130893988654835,0.07001399768827096,85
-2.786163943359516,0.07187112784162779,85
-2.849234430613583,0.10495244326022182,85
-2.8177943776630716,0.08675062378775174,85
-2.8130893988654826,0.07001399768827118,85
-2.7861639433595147,0.07187112784162845,85
-2.849234430613582,0.10495244326023156,85
-0.7155278836442788,1.9124829084365214,29
-0.8277558578142176,1.9130608841860377,29
-0.7993020834539654,1.902543833200731,29
-0.802043637319112,1.983971253865827,29
-0.8055749104273392,1.8616101743414422,29
-0.6979051120321837,2.049317071551382,29
-0.7862154302072796,2.099272090197791,29
-0.7584843665408811,1.9611891843296132,29
-0.8205067968061109,2.12753530166374,29
-0.8594785920026448,1.973792980661575,29
-2.5488649108387853,0.1204605380130338,85
-2.8030974405278104,0.00640298853916853,85
-2.731827839198598,0.11136038023286567,85
-2.7471633962098356,0.12946587032785187,85
-2.727135088777656,0.12936067241169863,85
-2.548864910838786,0.12046053801303365,85
-2.803097440528068,0.0064029885358013044,85
-2.7318278391986004,0.1113603802328654,85
-2.747163396209835,0.12946587032785187,85
-2.7271350887776564,0.1293606724116984,85
-2.741084857969399,-0.599123421222553,83
-2.7307969228256983,-0.6174612518221606,83
-2.7333137038189323,-0.5680109134385906,83
-2.7674258358612085,-0.6370266239337042,83
-2.741084857969397,-0.599123421222561,83
-2.7307969228257214,-0.617461251821917,83
-2.7333137038189803,-0.568010913438049,83
-2.7674258358611747,-0.6370266239339523,83
0.27642654763546554,2.4443017701690577,21
0.0849683773559799,2.4296031235095854,21
0.1825837051890326,2.384230980845186,21
0.17099740377679998,2.4057240046360775,21
0.1316355443231619,2.3590911664447396,21
0.29678999420547586,2.522796814993029,21
0.2671224254972816,2.6084571632068116,21
0.25093544693603426,2.473994082127318,21
0.22759811066231703,2.5931322854997187,21
0.08399748066499803,2.4143957031077403,21
-2.477247867069288,-0.46703162489467487,83
-2.71953090266531,-0.5758709988297268,83
-2.669104436999106,-0.5601737902439899,83
-2.6974217203949147,-0.4798518077093511,83
-2.6636753448574604,-0.5546789567650765,83
-2.477247867069289,-0.46703162489467476,83
-2.7195309026653103,-0.575870998829735,83
-2.6691044369990737,-0.5601737902443749,83
-2.6974217203949156,-0.47985180770935343,83
-2.6636753448574457,-0.5546789567652565,83
-2.276980411124459,-0.806787294069245,79
-2.2232448587370612,-0.7557629575942297,79
-2.2166358564742614,-0.7709211269206185,79
-2.205543049725052,-0.7249332251775411,79
-2.27698041112446,-0.806787294069244,79
-2.223244858737061,-0.7557629575942314,79
-2.2166358564742628,-0.7709211269206188,79
-2.2055430497250534,-0.7249332251775404,79
0.6651612018602736,1.4378676181002246,35
0.5795169046257611,1.2504121030617037,35
0.6378743184787126,1.3711145969402179,35
0.6813641997438479,1.4230330163921308,35
0.5488637572235578,1.25042761490972,35
0.7306914655658735,1.4646811206619832,35
0.6683935551029653,1.4133303301095421,35
0.6572681823171658,1.3386585855130426,35
0.7242903497968902,1.4708378108882987,35
0.5096828775132878,1.2469519576312125,35
-1.9827463720341953,-0.7401038948392424,79
-2.2437188727662947,-0.8381403689592472,79
-2.1502922663014137,-0.7332370213489308,79
-2.1950296308984907,-0.7567268477751818,79
-2.099432417265397,-0.723744953703753,79
-1.9827463720341953,-0.7401038948392437,79
-2.243718872766293,-0.8381403689592473,79
-2.150292266301414,-0.7332370213489317,79
-2.1950296308984907,-0.7567268477751824,79
-2.0994324172653975,-0.7237449537037542,79
-2.3015728320890427,-1.2880825188868703,77
-2.131862043294001,-1.2924483709440973,77
-2.1707042706683337,-1.307098614389286,77
-2.1572983393065623,-1.3054891598549598,77
-2.3015728320893807,-1.2880825188864564,77
-2.1318620432940096,-1.2924483709440895,77
-2.170704270668525,-1.307098614389033,77
-2.1572983393065512,-1.3054891598549727,77
1.3786536067124278,1.6710357628094021,20
1.2671135555410267,1.5374089061290306,20
1.3040103548943764,1.558288704728096,20
1.2956034443983275,1.6256126441015226,20
1.1849979340755126,1.417144781148234,20
1.3704072813719341,1.6395021888150352,20
1.335965651301447,1.6230269714123062,20
1.3415910637384436,1.5109843405726735,20
1.3440229980914935,1.6840129124919174,20
1.200266754654219,1.431021081574095,20
-2.0185274676617975,-1.2596920634887576,77
-2.2810848318849604,-1.3492292049987797,77
-2.058923336956441,-1.276025894659346,77
-2.218802044592644,-1.2565095139585438,77
-2.0236553521172986,-1.2729077800963988,77
-2.018527467661667,-1.2596920634889281,77
-2.281084831887142,-1.3492292049961607,77
-2.0589233369564113,-1.276025894659391,77
-2.2188020445927554,-1.2565095139583944,77
-2.02365535211729,-1.2729077800964022,77
-2.673030461205656,-0.06053839061544527,89
-2.6624386902308737,-0.06763570948999997,89
-2.643151321733205,-0.08408743058918727,89
-2.70052886533919,-0.04566857183695392,89
-2.673030461205653,-0.0605383906154458,89
-2.6624386902308728,-0.06763570949000042,89
-2.643151321733204,-0.08408743058918741,89
-2.700528865339191,-0.045668571836953754,89
-0.31882752335023407,1.9613663085349353,27
-0.36193862421443823,1.828151082523745,27
-0.3512696355937794,1.8809224463790821,27
-0.3139593545473411,1.9277884952814757,27
-0.36706867523888376,1.7747599161225625,27
-0.25052004586904386,1.998226572348378,27
-0.30633323806519847,2.0169012112349494,27
-0.31983428831007055,1.926703323289199,27
-0.2864319744782353,2.018459371231996,27
-0.3721028290536955,1.8269494972715643,27
-2.5907351444477817,-0.07872243593986405,89
-2.677904423572757,-0.1505332562700136,89
-2.659027115622801,-0.08560543446634199,89
-2.6299448052170558,-0.07363736957064378,89
-2.594416150511524,-0.05867656389184128,89
-2.590735144447782,-0.07872243593986226,89
-2.6779044235727563,-0.15053325627001377,89
-2.6590271156228016,-0.08560543446634244,89
-2.629944805217053,-0.07363736957064382,89
-2.5944161505115235,-0.05867656389184135,89
-2.7119700816414416,-0.6535959636245902,87
-2.646826434342538,-0.6754650262186841,87
-2.6632872559775227,-0.6771060346983409,87
-2.644789763587021,-0.674085780595266,87
-2.711970081641444,-0.653595963624589,87
-2.646826434342539,-0.6754650262186846,87
-2.6632872559775227,-0.6771060346983383,87
-2.644789763587025,-0.6740857805952554,87
0.6046487203349891,2.4544642062902495,22
0.5225761361775112,2.4784568589952922,22
0.5221522928896962,2.4012215024134473,22
0.5510167966553597,2.4117932034553573,22
0.5004480110972492,2.373046803098655,22
0.6304352288459396,2.5130932647460575,22
0.5976202815262773,2.52500283849433,22
0.5929439091558639,2.468092239246725,22
0.5830902466765495,2.474841655273239,22
0.5031419328159944,2.467528264309917,22
-2.611838669691268,-0.6682289875916657,87
-2.7513892910254953,-0.7617053250191238,87
-2.5842070008227496,-0.6467177431899792,87
-2.6503040170305527,-0.6284397962108952,87
-2.5361461830693415,-0.6364241684596178,87
-2.6118386696911315,-0.6682289875924042,87
-2.7513892910254962,-0.7617053250191234,87
-2.584207000822742,-0.6467177431900033,87
-2.6503040170305545,-0.628439796210889,87
-2.536146183069344,-0.6364241684596201,87
2.99975820796291,-1.5139777663326732,40
3.321601913310213,-1.639913711400046,40
3.2349488554911714,-1.5760778966854412,40
3.179576754606046,-1.5186040622597183,40
2.999758207962909,-1.513977766332674,40
3.3216019133103933,-1.6399137113996296,40
3.234948855491165,-1.5760778966854605,40
-2.2939738278655093,2.2448611056396026,40
1.324191322363414,-2.2095813268756683,49
1.4722753388141927,-2.0348136531595524,49
1.4475215352560014,-2.1554840001369704,49
1.541383156902744,-2.046567010101837,49
1.3221324046906562,-2.2880996639683047,49
1.2527003497658757,-2.1846532973856942,49
1.3734665321372768,-2.1568911270973556,49
1.3800328456261675,-2.1720897005896833,49
1.425567010893331,-2.0697902453160286,49
1.2750607423947418,-2.354266392413674,49
3.1906798228662194,-1.4221655477518287,40
3.0413086155380995,-1.4579968791951816,40
3.2146385233489516,-1.4960785884190109,40
-2.3124426330789576,2.243512688856805,40
3.127651431635018,-1.4268254101654079,40
3.1906798228667848,-1.4221655477502793,40
3.0413086155381026,-1.4579968791951774,40
3.2146385233489547,-1.496078588419012,40
-2.3124426330789567,2.243512688856803,40
3.1276514316350155,-1.4268254101654079,40
3.204970067400128,-1.4730489286449793,40
3.1111715965940254,-1.5157097652348133,40
3.2612352774338618,-1.5418013782139075,40
3.338891982521117,-1.511090757886768,40
-2.2664387278077927,2.2972549950279606,40
3.204970067400479,-1.4730489286440434,40
3.1111715965940228,-1.5157097652348208,40
3.2612352774339786,-1.5418013782136184,40
3.3388919825228576,-1.5110907578824173,40
3.206038024754325,-1.4703471700768738,40
1.232906795206053,-2.2774070190879345,49
1.3549009682946598,-2.3294112086584495,49
1.2768816730331274,-2.0332016690374703,49
1.4306304715852938,-2.1242306108907827,49
1.3176619078201393,-2.194379882000142,49
1.4047347198741336,-2.190427877119096,49
1.2287974137941833,-2.2256628899840396,49
1.4671024735523495,-2.0551080996254436,49
1.3362242651430731,-2.11111900687613,49
1.404124206577506,-2.1909261318073376,49
1.2329067952060528,-2.2774070190879336,49
1.354900968294875,-2.3294112086582883,49
1.2768816730331365,-2.03320166903746,49
1.4306304715846037,-2.1242306108913667,49
1.3176619078206828,-2.194379881999696,49
1.4047347199496558,-2.190427877057583,49
1.2287974137941726,-2.2256628899840494,49
1.4671024735523652,-2.0551080996254267,49
1.3362242651431189,-2.1111190068760943,49
1.4041242065842225,-2.1909261318017084,49
-2.044439235582776,-1.6559241376459348,81
-2.018244045269304,-1.6131636768204867,81
-2.0516605564987813,-1.6311571490995656,81
-1.978673220320784,-1.5687656996382655,81
-2.0444392355827783,-1.6559241376459317,81
-2.018244045269309,-1.6131636768204838,81
-2.0516605564987773,-1.6311571490995689,81
-1.9786732203207875,-1.5687656996382604,81
0.69940291574483,0.8544218047577204,37
0.6128309552071447,0.8169940222079273,37
0.6641645612934243,0.8345324697134366,37
0.6734777306701092,0.9354969900271091,37
0.6144241224553615,0.7769746886009442,37
0.8058243577306426,0.8814047471452733,37
0.7483533215309557,0.8975963668606308,37
0.7007200519062498,0.8161102714540088,37
0.766553653469169,0.9817900921998571,37
0.583447601846597,0.7665333865616176,37
-1.7182065622683544,-1.661188896902406,81
-1.9702383158260395,-1.6504358934814374,81
-1.9857819858276866,-1.6233989381256368,81
-2.0388968586658938,-1.5963516356638006,81
-1.8888909634316617,-1.558514189814453,81
-1.718206562268354,-1.6611888969024051,81
-1.9702383158260384,-1.6504358934814363,81
-1.9857819858276864,-1.6233989381256384,81
-2.0388968586658915,-1.5963516356638043,81
-1.8888909634316626,-1.558514189814454,81
-1.9844693236168507,-2.2525871872156364,82
-1.934528674409652,-2.2228505154892484,82
-1.9424821132233825,-2.2244798411545363,82
-1.9012542840233047,-2.223433825822411,82
-1.9844693231080734,-2.252587187710171,82
-1.9345286746670545,-2.222850515261769,82
-1.9424821133783434,-2.2244798410144386,82
-1.9012542835056359,-2.22343382624169,82
1.5764890961927231,0.7668006563753466,19
1.411430532392223,0.7202302202749202,19
1.4523021698779375,0.699135936158133,19
1.4102160503099574,0.7897161127128026,19
1.3451079883068944,0.6527273468739581,19
1.5912959320380158,0.7447651805844219,19
1.4593153402776609,0.7642914435760784,19
1.462132376995376,0.6817444401930264,19
1.4899479512445977,0.7909305612821858,19
1.275374060652611,0.6546050461885196,19
-1.6026473173579172,-2.198500794305797,82
-1.945177341112309,-2.258336295021799,82
-1.8069349045307814,-2.209755040707807,82
-1.9215147308342393,-2.178462587840426,82
-1.748302469119632,-2.194396309244437,82
-1.6026473173575033,-2.1985007943061894,82
-1.945177342075949,-2.258336294115153,82
-1.80693490452309,-2.209755040713533,82
-1.9215147308489302,-2.17846258782834,82
-1.748302469128062,-2.1943963092378125,82
-2.5513258361972726,-0.6195582523146685,85
-2.6362062335502956,-0.6643670590526296,85
-2.542037813022612,-0.6031950966322165,85
-2.649576879800604,-0.6132132940769854,85
-2.5513258361972655,-0.6195582523147338,85
-2.6362062335508174,-0.6643670590470102,85
-2.5420378130226093,-0.6031950966322479,85
-2.649576879800353,-0.6132132940795731,85
-0.64716803174966,1.9450144418641655,29
-0.7513681755129212,1.8996982464492782,29
-0.7014469900630762,1.9262093305385941,29
-0.7399673913921911,1.984316921260641,29
-0.7092990044522768,1.8342242312382198,29
-0.6064591614862277,2.0199042853917386,29
-0.6820909872660781,2.0447795192673963,29
-0.6540811636023773,1.9189361829031841,29
-0.7246924929405829,2.146185660005406,29
-0.6898323712727849,1.8413529230809604,29
-2.4125347729550644,-0.586181160528695,85
-2.549693049663678,-0.7381062746911182,85
-2.582080544763321,-0.6601670234627111,85
-2.5345998781332413,-0.5752900671789966,85
-2.551835112860961,-0.6508597735023093,85
-2.4125347729550657,-0.5861811605286945,85
-2.5496930496636767,-0.7381062746911189,85
-2.5820805447633215,-0.6601670234626863,85
-2.5345998781332413,-0.5752900671790029,85
-2.5518351128608368,-0.6508597735035921,85
-2.582394030455803,-1.3523885432575729,75
-2.5935891761158913,-1.3356362569460813,75
-2.6079860072803425,-1.345065470829911,75
-2.582861582056307,-1.3446384970550642,75
-2.5823940304557937,-1.3523885432575897,75
-2.5935891761159002,-1.3356362569460654,75
-2.607986007280262,-1.3450654708300345,75
-2.5828615820562906,-1.3446384970550946,75
0.5368502268495066,2.3156077441638914,21
0.4149466003725634,2.296377807266697,21
0.4518464042637411,2.2538165981900673,21
0.4174744266432798,2.334396695549601,21
0.35174327172975467,2.178479058086555,21
0.5782672673574858,2.383863876453161,21
0.5311267774854479,2.435707302940228,21
0.5419313389377701,2.3131965143080753,21
0.5110268186370762,2.458425810012964,21
0.396225747171485,2.2640478788819967,21
-2.3088141739024457,-1.4723341198431892,75
-2.6839378371098372,-1.390495635448127,75
-2.5638343283331393,-1.3314853770979458,75
-2.6302704460487467,-1.2969814235030603,75
-2.5580311147579526,-1.3568507946964152,75
-2.3088141739030106,-1.4723341198425288,75
-2.683937837110059,-1.3904956354478113,75
-2.563834328333047,-1.3314853770980735,75
-2.6302704460487347,-1.296981423503083,75
-2.5580311147580805,-1.3568507946961166,75
-1.929242530743325,-1.5117784046284857,79
-1.9043458369878004,-1.4834714264851723,79
-1.9371693982861296,-1.4723315728106794,79
-1.8649773977639381,-1.473079501757273,79
-1.9292425307433254,-1.5117784046284863,79
-1.9043458369878006,-1.483471426485173,79
-1.9371693982861296,-1.472331572810678,79
-1.864977397763938,-1.473079501757273,79
0.9730659495750311,1.6044683291338995,35
0.8968909345302969,1.3737145011144898,35
0.979310829061433,1.547182752776214,35
1.0521073398627947,1.6214373332885617,35
0.8574398094182526,1.3074980001994791,35
1.0888807944155015,1.647478975973001,35
1.1056760508551817,1.598820153832683,35
1.0148374016740975,1.473214308265753,35
1.1193079678704203,1.7178711190796139,35
0.8446331437455095,1.2110568950705558,35
-1.729503570435724,-1.5414983435150573,79
-1.9334757892546104,-1.6124482542305478,79
-1.8635392257969783,-1.4986874272398107,79
-1.929910058239968,-1.4760447879506786,79
-1.8016811645438853,-1.497219103824864,79
-1.7295035704357247,-1.5414983435150569,79
-1.9334757892546097,-1.6124482542305476,79
-1.8635392257969776,-1.4986874272398087,79
-1.9299100582399693,-1.4760447879506784,79
-1.8016811645438837,-1.4972191038248637,79
-1.9358556238285278,-2.1313572115053385,71
-1.9166760553377133,-2.120474564795641,71
-1.89846043443738,-2.141637986764387,71
-1.87548674776043,-2.0927350965791947,71
-1.9358556238285292,-2.131357211505337,71
-1.9166760553377096,-2.1204745647956402,71
-1.898460434437384,-2.141637986764387,71
-1.8754867477604307,-2.0927350965791933,71
1.629018359177082,1.5927380834627272,20
1.5299871657721351,1.448097350318545,20
1.573218913627929,1.497227982530433,20
1.5709615028474178,1.539946629029924,20
1.4196099075333917,1.2346099701360906,20
1.5696417224698542,1.4281270117019838,20
1.6215670077343183,1.5107949552847673,20
1.5728824562488284,1.3548846373985333,20
1.6260950716778002,1.5605803877175142,20
1.4035030427044026,1.1685326432562553,20
-1.6569817980748685,-2.265959285628936,71
-1.9465575940994704,-2.2282263131665974,71
-1.8194743425588886,-2.125563432718202,71
-1.8943873408340857,-2.1319520857660814,71
-1.7842282102798013,-2.126580102671676,71
-1.6569818122232056,-2.265959272112737,71
-1.946557594102684,-2.228226313163818,71
-1.8194743425588982,-2.1255634327181934,71
-1.8943873408340866,-2.13195208576608,71
-1.7842282102796354,-2.1265801026718063,71
-2.487539688627766,-0.896026999196739,89
-2.5356454533412798,-0.94454226364013,89
-2.4398611816923754,-0.8793780798983631,89
-2.521916703084607,-0.8876148715838849,89
-2.487539688627774,-0.8960269991967253,89
-2.535645453341278,-0.944542263640135,89
-2.4398611816923803,-0.8793780798983578,89
-2.521916703084594,-0.8876148715839307,89
-0.11378772713005851,2.0829938360568216,27
-0.16910863564185294,1.8940090978052861,27
-0.1537734960085185,1.9576554152117174,27
-0.1329165900883411,2.030152234361569,27
-0.1634496565417099,1.8313150413261818,27
-0.04936959979813587,2.08853964055793,27
-0.061370147185682275,2.0827710589762556,27
-0.11236967461256377,1.975233909950311,27
-0.0950978971092256,2.128742871758039,27
-0.13612431781428422,1.7899915408570317,27
-2.4434201769120256,-1.0326037995151698,89
-2.50161011867792,-1.0366770457123309,89
-2.5002611987585532,-0.9771599808072592,89
-2.4384422761439257,-0.8703002995164345,89
-2.4289228974327486,-0.9565178821369955,89
-2.4434201769120243,-1.0326037995151702,89
-2.5016101186779194,-1.0366770457123302,89
-2.500261198758552,-0.97715998080726,89
-2.4384422761439257,-0.870300299516441,89
-2.428922897432746,-0.9565178821369982,89
-2.628420736587012,-1.547586778808893,73
-2.6279234729723537,-1.54606672639953,73
-2.6427996843864525,-1.5748643140918603,73
-2.588427671732035,-1.5667497518343685,73
-2.6284205989444933,-1.5475869486415834,73
-2.6279234693755704,-1.546066730869585,73
-2.6427996755273226,-1.57486432537597,73
-2.588427681426992,-1.5667497398561008,73
0.8442303762608365,2.453340302746898,22
0.7761350840554962,2.437315852684677,22
0.7545962222582717,2.3411425376430213,22
0.771852682893776,2.421671018763896,22
0.7188105932047266,2.344472021039109,22
0.8609337444759929,2.477893027387867,22
0.8576053311408558,2.5131737446486837,22
0.8491832927322115,2.429014799324682,22
0.8317389811266114,2.4847510086386815,22
0.7820203407327425,2.4419222444350153,22
-2.37189849588215,-1.7994554866581929,73
-2.6989565692004125,-1.7000415078204147,73
-2.479290523325511,-1.586788354094777,73
-2.613911290245747,-1.5638206657420164,73
-2.475301118029064,-1.6397814988226138,73
-2.3718984854035963,-1.7994555000558514,73
-2.6989537796876792,-1.7000460518679272,73
-2.479290524128956,-1.586788353140349,73
-2.613911288622488,-1.5638206677295423,73
-2.475301111235419,-1.6397815069768713,73
3.2526670427513507,-1.3334681224639462,40
3.519131807387254,-1.4438126239732745,40
3.516168883651737,-1.4384121073969323,40
3.379871843958308,-1.3227456313870527,40
3.2526670427506983,-1.333468122465847,40
3.5191318073194537,-1.4438126241487457,40
3.5161688836268765,-1.4384121074617953,40
3.3798718439598385,-1.3227456313822277,40
1.4713730145842885,-2.16093868561368,48
1.571609154362334,-2.00054296921537,48
1.5541651034999877,-2.071845056631938,48
1.6634544347638178,-2.0597860920593742,48
1.4311696141831582,-2.3039993742844835,48
1.3997653216214454,-2.150457844932387,48
1.4933725409148693,-2.114922669753596,48
1.511205775904678,-2.077480346845913,48
1.5927659056440704,-2.125000995798576,48
1.419109430454327,-2.257504604321905,48
3.4883140849831658,-1.2601847556946544,40
3.22245581838664,-1.2964604096366548,40
3.4267487700221815,-1.325825989999461,40
3.477493915210557,-1.351688234975119,40
3.3266034569990413,-1.247501398552433,40
3.488314084982999,-1.2601847556951704,40
3.222455818386605,-1.2964604096367822,40
3.4267487700125976,-1.32582599002979,40
3.4774939152103665,-1.3516882349756842,40
3.326603456998864,-1.2475013985530314,40
3.520681099794121,-1.3410454099228555,40
3.392053472185397,-1.4375943958672848,40
3.587705433979015,-1.4359090029378763,40
3.6232856203541406,-1.3991831820387919,40
3.4856298295602546,-1.34469636427427,40
3.520681099794327,-1.3410454099222606,40
3.3920534721792754,-1.4375943958841502,40
3.58770543401573,-1.4359090028427615,40
3.623285620324508,-1.399183182118554,40
3.4856298295597576,-1.3446963642757574,40
1.3641894867293278,-2.1883884366693396,48
1.4324612520489954,-2.3719209785533675,48
1.3724573747063558,-1.9708094971521917,48
1.5372675180564745,-2.1409841872504773,48
1.4677309720167016,-2.033502743622315,48
1.4853980887232672,-2.191653584815552,48
1.3652199406377934,-2.014334597613611,48
1.5843836821280206,-2.0109117468547515,48
1.4257622717243144,-2.038149843002292,48
1.5325970252863632,-2.1347514462753834,48
1.364189486735729,-2.1883884366641135,48
1.4324612531570582,-2.3719209777325947,48
1.372457374706362,-1.9708094971521861,48
1.5372675180571158,-2.1409841872499293,48
1.4677309720167024,-2.0335027436223148,48
1.485398088720931,-2.1916535848175154,48
1.3652199406377932,-2.014334597613612,48
1.5843836821280195,-2.010911746854751,48
1.425762271724328,-2.038149843002278,48
1.5325970252865042,-2.134751446275262,48
-1.4321711146100398,2.5850419282192494,33
-1.5073491809969242,2.552458413690141,33
-1.460777098453429,2.50194918631572,33
-1.3981542929304043,2.622703149710521,33
-1.5408238180697502,2.4558748440452356,33
-1.2913738878973258,2.7363375704781943,33
-1.2959223107671043,2.8117854820770867,33
-1.4162909345801975,2.619777602698114,33
-1.3183339664361475,2.8604661579057007,33
-1.4897737163752047,2.653248418979962,33
-3.409421179838626,1.4888719577106084,86
-3.4093565360853093,1.48900827356598,86
-0.09714634013224302,3.551261618811775,15
-0.08024573985340805,3.494135601346165,15
-0.03269477862188634,3.4805358366903936,15
0.07135153869904746,3.53399148980016,15
-0.15317472158512957,3.492629291275087,15
0.06805640210053585,3.5881268447724124,15
0.1503876878387989,3.645694335132111,15
0.09040526074301455,3.5737921881606,15
0.12921559827854456,3.6170689866632086,15
-0.028460750352604074,3.5954836322412955,15
-3.5724121295037436,0.7789016791267839,86
-3.5724108685358127,0.7789063823668302,86
-1.740773377246809,3.1141802823680105,18
-1.7607841337187007,3.0727791812041385,18
-1.7384661304800841,3.036104035105115,18
-1.7497973053391627,3.177913272167927,18
-1.7886284526286307,3.0792331729291136,18
-1.6417763118483135,3.201540412090335,18
-1.6612134083816366,3.2402508633706115,18
-1.6509378140813886,3.1046347841285415,18
-1.660371403796519,3.312185045642029,18
-1.7016557610793739,3.1375749927789887,18
-3.3147577121822174,1.796941751094478,86
-3.3147577113608753,1.7969417525076357,86
-0.9852821152643371,3.7130082513639646,18
-1.0465552083924536,3.6446819442553795,18
-0.9896692284184991,3.6648344934612034,18
-0.9528316274118114,3.683660354576612,18
-0.9885810109547467,3.623523447324841,18
-0.9799801364163143,3.7199685128458837,18
-1.039229133266966,-3.4113456917437133,18
-0.9861644276544607,3.7590915923652166,18
-0.8884170963959365,3.78599675643325,18
-1.0094960203028702,3.7641290838935793,18
-3.353796125846119,1.5068462138427767,86
-3.35379510981486,1.5068483563949113,86
-0.4379237014134495,3.0636983886649203,31
-0.5114837386727895,2.9808677056505584,31
-0.4743121888689561,2.9411444307043304,31
-0.41557153757243814,3.0201295339751697,31
-0.6502065839986972,2.9340882388518366,31
-0.35909920051680877,3.132432882326462,31
-0.4263137912125045,3.140146379415436,31
-0.41282205998655513,3.0175440606521615,31
-0.4116426775922171,3.122477884499933,31
-0.5838189551519978,2.9843633266648406,31
-3.317591578507552,1.5375028586663264,86
-3.317591593542642,1.5375028298435238,86
0.5330610800629689,3.5685472220264645,16
0.45786452911969117,3.506993679009482,16
0.47572946250359943,3.4787174321669725,16
0.5482544140647151,3.5110413091758903,16
0.3918419607350623,3.492030988808868,16
0.5812734750064346,3.5484354012557437,16
0.6183833536391421,3.6966335100671808,16
0.5844343282572529,3.553244787775436,16
0.6010743781390494,3.638925930721283,16
0.457642767002204,3.568819355952314,16
-3.607387093593834,1.0167601274287101,86
-2.5535950869601236,-2.818934995541749,86
-1.118309655189942,3.2966963135391696,18
-1.0846375811891762,3.227580666038664,18
-1.0794532224327487,3.19766082579106,18
-1.042312351536956,3.2754363112944915,18
-1.1680080433275046,3.2219766693894547,18
-1.0501544712664892,3.355523859291809,18
-1.0707314526669647,3.424885385333352,18
-1.091391084586425,3.288692732438036,18
-1.0678248537207806,3.4221342465417286,18
-1.1396557537189522,3.3340960314643637,18
-3.425443205092089,1.6789287525117524,86
3.406006345705862,-0.13033462924349834,86
-0.2468660137208803,3.766596849657686,16
-0.27779480740507195,3.7134383985730572,16
-0.23810252153917685,3.7144203077193305,16
-0.5268971152445429,-3.015735612707672,16
-0.29938265001629255,3.6744404215901665,16
-0.23058099080422212,3.794708186823286,16
-0.21777479055071736,3.881977233757331,16
-0.27906548649444446,3.852721914638948,16
-0.20525162084987825,3.8047348056148063,16
-0.35668086649145075,3.8648304289117807,16
-3.464054030849142,1.4899526963316447,86
-3.463921681377932,1.4902256262931097,86
1.5674814839723026,-3.1520814122000895,47
1.63936046971334,-3.0339132146363705,47
-2.928866346551801,1.579678260339267,47
1.9363322477262812,-2.9997492889954467,47
-3.1627768459471968,1.420309701444641,47
1.2268994343122315,-3.2406525853000065,47
1.3461100420166707,-3.2898536282261692,47
1.4015459798407415,-3.298239337947483,47
1.3699251249598772,-3.270097950926737,47
1.445417637715467,-3.3617166893397554,47
3.5924573684019694,-1.579471842094505,38
3.5924575544334223,-1.579471427871491,38
3.4682467744125334,-1.5222429290295318,38
3.4682467866762816,-1.5222428999057636,38
-2.989457355830105,1.4318127830539267,47
-3.371014371993615,1.1242713275444627,47
1.6852653919772411,-3.024665295025119,47
1.8573100912829288,-3.1425366425304535,47
-1.4330705858466903,2.7087348989638445,33
-1.5079892720399606,2.704407238538074,33
-1.4715574969524357,2.6559327897297162,33
-1.3790193932195394,2.754014065134163,33
-1.5509498639515296,2.6218572606949837,33
-1.2802442534698537,2.830836204078753,33
-1.3024833761622778,2.909692569913009,33
-1.3888049900761608,2.7592974702205817,33
-1.3007464041553922,2.9793472176749787,33
-1.4689561509420017,2.8009923474175453,33
-3.3995388905621273,1.43439949457329,86
-3.3995394406421817,1.434398405912972,86
-0.10962743650801848,3.6249571996561025,15
-0.08637371062247394,3.5640035406697748,15
-0.05228845288212255,3.556600680896196,15
0.050652579469937044,3.6056076754991735,15
-0.16880338617088142,3.561911635818275,15
0.03987028368647612,3.6709827464099103,15
0.09756756284328016,3.7175593242019507,15
0.041949305024396415,3.6479440395183915,15
0.0778803747901843,3.709405333431424,15
-0.07146824674905433,3.671921965041084,15
2.6808383836523713,-0.7871460710465499,86
-3.591578863187027,0.7061430013664142,86
-1.7656170074114885,3.1968857025529944,18
-1.7796966997198886,3.1649233830031607,18
-1.7587368112408317,3.132326687421098,18
-1.7677379068497567,3.2520494593050913,18
-1.8115264307422643,3.1655376487066222,18
-1.6754594084720553,3.2837304610046063,18
-1.6905209319750003,3.3198311575849733,18
-1.6850320736639777,3.1933997746373,18
-1.6870033404397617,3.387301479485341,18
-1.7348368314394111,3.2280970701076024,18
-3.349763010224891,1.7659183928190711,86
-3.3497630102258613,1.7659183928173654,86
-1.0291092836888445,3.7454288560935596,18
-1.0782990351156005,3.682254535371554,18
-1.0290436147853106,3.6943762561035176,18
-0.9845968291251437,3.7175939754484935,18
-1.0230725246073376,3.6674653343838974,18
-1.001047991722057,3.761145842312877,18
-0.9418267672858187,3.8520532767761027,18
-1.0218422011443886,3.8217167410809205,18
-0.9110625977672868,3.822600077552326,18
-1.0347013741453446,3.8148999997373068,18
-3.4073956756527877,1.447623263495676,86
-3.4073956746158194,1.447623265585043,86
-0.4780366007739943,3.1327786792799435,31
-0.5476737512661658,3.0306551307846066,31
-0.5094110885404928,3.016485717599999,31
-0.4337972123247013,3.0828000261706983,31
-0.6712042210528678,2.992983343100172,31
-0.41418508252610126,3.180871413984898,31
-0.5012078084835138,3.1885117890332486,31
-0.473234143910894,3.0750487608311303,31
-0.4685546860124973,3.178117630336198,31
-0.6443450369580587,3.0560909942545273,31
-3.3539570659302407,1.5242642061928777,86
-3.3539574272920887,1.5242634986910344,86
0.48162924978641924,3.616002841518822,16
0.40813160755824235,3.5415133277948123,16
0.42324024360874574,3.5324091381989824,16
0.49536637287642193,3.572647578745292,16
0.34332062910258027,3.5500154611457417,16
0.5223504409958001,3.604439866570583,16
0.5414467347134212,3.7347088091298954,16
0.5115081521520624,3.602740465051946,16
0.5244383377782837,3.7032870905596127,16
0.38388379113973853,3.6207469475018965,16
-3.6679857945703827,0.8840250234966016,86
-3.6679893704425157,0.8840124616854848,86
-1.158501360063925,3.367695258810467,18
-1.0979228234618696,3.3013145823810337,18
-1.09959102700805,3.2778885520129757,18
-1.059630278615941,3.3310870774056376,18
-1.1949778485151337,3.2727203256975055,18
-1.0843208042943344,3.417660747666939,18
-1.1127776166562742,3.4729726577548266,18
-1.1239745545074935,3.3583145161780914,18
-1.1077277179323943,3.466465441470882,18
-1.1826627348956968,3.3769909386004278,18
-3.469662607607698,1.6473772051081317,86
-3.4696626078688615,1.6473772046215853,86
-0.2923954193059374,3.796643161600106,16
-0.32792802238323593,3.76558197304966,16
-0.2919076550165292,3.753896432550318,16
-0.2633617445397886,3.728307145401173,16
-0.33974586928136913,3.7213536093750967,16
-0.2819361377082841,3.8241664641067636,16
-0.28702767508287275,3.913678348463508,16
-0.3334459371289349,3.896491371194098,16
-0.2698375266722843,3.8445336612216434,16
-0.4224814173203077,3.8845052142684593,16
-3.4961700082612435,1.4357425031936737,86
-3.496170023005138,1.4357424699953996,86
1.7989442525732557,-2.933473843079513,47
1.849946175648994,-2.847416265853489,47
1.8732311717314003,-2.867257454180517,47
-2.8148942827906445,1.7539509194908598,47
-2.982976046465627,1.4882695361614178,47
1.277020134314965,-3.1332463877978096,47
1.4894239341151239,-3.176272882202586,47
1.456929853480384,-3.166201897879136,47
1.4847462608340545,-3.177911210570445,47
1.5596735649847426,-3.252611784566843,47
3.511459723692794,-1.6803608060328503,38
3.511459607811446,-1.680361047177916,38
-2.7393576102985024,2.450289668539422,38
3.4144085579521612,-1.6079075352197507,38
1.7975672910978013,-2.895632678038463,47
1.9710493461526113,-3.021723243179911,47
1.7975497487825882,-2.8956424681141506,47
1.9710493422188133,-3.0217232456656062,47
-3.066226180944222,-0.25956932443590774,80
-3.088358071170633,-0.2585385644044935,80
-3.043323578043287,-0.23870658533836644,80
-3.094994889541099,-0.2467981178672378,80
-3.0662261809439424,-0.25956932444082703,80
-3.088358071170822,-0.2585385644014415,80
-3.043323578043065,-0.2387065853431406,80
-3.094994889541181,-0.24679811786562483,80
-0.3410958786992525,1.4084469222381002,32
-0.3593534154327151,1.426269382913599,32
-0.3177869289098193,1.368658865396748,32
-0.3545364646541667,1.4940825769572377,32
-0.38764304721052145,1.3600590675834812,32
-0.33059851054102,1.5057109886108662,32
-0.3438122407873047,1.5220303174982628,32
-0.3192080147330532,1.3795547681799638,32
-0.4295340656586748,1.6454458899437325,32
-0.37519606244701653,1.3904061341980973,32
-3.148672371027048,-0.14036703933547262,80
-3.0919547850265756,-0.339250834099685,80
-3.047098985114329,-0.3023500563451211,80
-3.069723894433472,-0.22936750310183202,80
-2.9984766232051028,-0.3102016162287681,80
-3.148672371028257,-0.14036703936786335,80
-3.09195478502844,-0.33925083405391454,80
-3.0470989851127426,-0.30235005637463136,80
-3.0697238944337277,-0.22936750309543286,80
-2.998476623204983,-0.3102016162335357,80
-3.176326130899259,-0.8796962466506235,80
-3.028621323096468,-0.9029435365047227,80
-3.0447271050672837,-0.9188171996589566,80
-3.0406114125329164,-0.8882631412731348,80
-3.176326131046232,-0.8796962461698111,80
-3.0286213231016488,-0.9029435364902152,80
-3.0447271049984437,-0.9188171998480004,80
-3.0406114125429053,-0.8882631412458966,80
0.7450447307352989,2.0947384357664296,15
0.7282872449818002,1.9912209956013955,15
0.7650551395454093,1.9522221759067209,15
0.8369779801145372,2.1664675073601702,15
0.7643164348298466,2.024584806967514,15
0.8409036635178658,2.1938096286873825,15
0.928685655927669,2.1758409511821144,15
0.910140798168947,2.0678993545211855,15
0.9339908968533678,2.3052529782149853,15
0.8537598103061427,2.011485916281762,15
-3.1409412348990826,-0.8482293511440887,80
-3.2046987084664225,-0.9989214625749963,80
-3.034797782872799,-0.9311862899250873,80
-3.091355840465018,-0.9223407916821137,80
-2.9509480926958895,-0.9796647496997408,80
-3.140941235001126,-0.8482293507977137,80
-3.2046987083636242,-0.9989214628695323,80
-3.034797782886243,-0.9311862898890824,80
-3.091355840551954,-0.9223407914424963,80
-2.9509480926977476,-0.9796647496955113,80
-3.1372266038854777,0.6857151404820898,84
-3.1572688284496317,0.6692298812635122,84
-3.091537386595919,0.6891575146275216,84
-3.195940826226018,0.6691342138874815,84
-3.1372266038854786,0.6857151404820885,84
-3.1572688284496344,0.669229881263514,84
-3.0915373865959217,0.6891575146275204,84
-3.19594082622602,0.6691342138874823,84
-1.132387476412799,2.3389615051223225,25
-1.0653032829203466,2.299868009842057,25
-1.0840436328306355,2.295235108289613,25
-1.1205974381164026,2.478962345791152,25
-1.042140642067115,2.2465502150915793,25
-1.0494873401912266,2.4438752313991925,25
-0.9937122133655732,2.4294409280525984,25
-1.0098545289385494,2.336105847784347,25
-1.0732244097641759,2.550097064998539,25
-0.9401128602260507,2.2325104887378586,25
-3.2058083285591885,0.6901404518146398,84
-3.1315713050096137,0.5704738304964129,84
-3.062068654409402,0.6142285808733664,84
-3.038481952308404,0.6972011155330167,84
-3.0528312232405,0.5825338992001501,84
-3.205808328559152,0.69014045181475,84
-3.1315713050094094,0.5704738304970922,84
-3.0620686544094027,0.6142285808733643,84
-3.038481952308404,0.6972011155330171,84
-3.0528312232404744,0.5825338992002317,84
-3.19658233295011,0.07435313141928122,83
-3.17993248510514,0.08585865253035076,83
-3.1683377246387283,0.07190978076512913,83
-3.1809240033422013,0.07652625905189496,83
-3.1965823329501446,0.07435313141889334,83
-3.179932485105123,0.08585865253057973,83
-3.1683377246384516,0.07190978076775185,83
-3.180924003341253,0.07652625906284345,83
-0.18224673000258684,2.76532101433686,21
-0.23269022092121602,2.7982769712694266,21
-0.1947506074265392,2.798083490014743,21
-0.16980359012337487,2.8350549861219423,21
-0.16524059469315378,2.711958591370962,21
-0.21134165105766176,2.885457354061768,21
-0.15131151771914386,2.872771465079553,21
-0.17221060858656598,2.903665052586935,21
-0.13589519262423141,2.897007383814122,21
-0.18001378146705505,2.790380986595831,21
-3.243548589312198,0.03697659743830389,83
-3.23937164989097,-0.024048864145990237,83
-3.1043177891199183,0.0524049303320324,83
-3.162262549423863,0.07389515750902964,83
-3.0989948048596565,-0.02636780185947608,83
-3.2435485893116964,0.036976597446250384,83
-3.2393716498910763,-0.024048864148980276,83
-3.1043177891196314,0.052404930335923125,83
-3.1622625494217984,0.07389515752940702,83
-3.098994804859692,-0.026367801860575007,83
-2.8608094957473704,-0.21498005474077525,78
-2.887289335372776,-0.2105676704055577,78
-2.8342970980525095,-0.23030719370859162,78
-2.8821416843419176,-0.19273635346638546,78
-2.860809495747373,-0.21498005474077156,78
-2.887289335372772,-0.2105676704055474,78
-2.8342970980525104,-0.2303071937085917,78
-2.8821416843419176,-0.19273635346639117,78
-0.037865078017564044,1.9928613865991809,30
-0.002367759777347821,1.8897195662301156,30
-0.011046715273282074,1.894047789063018,30
0.061227999027294325,1.8855254122368252,30
-0.11263815531630314,1.7411955335978557,30
0.05314644177987159,2.0525291578855653,30
0.09289573492180425,2.079560750783474,30
0.06759946502958734,1.9127742515035566,30
0.0747005166652998,2.108086067971957,30
-0.037316778405325456,1.8436205221582904,30
-3.034578045249219,-0.14628056109985466,78
-2.880374608488229,-0.29387551329278944,78
-2.8972920835912457,-0.25996097612202246,78
-2.8803847766959474,-0.22427248361242358,78
-2.877654475716439,-0.2574783407196707,78
-3.0345780452495936,-0.1462805610903789,78
-2.8803746084882316,-0.2938755132928213,78
-2.897292083591247,-0.25996097612202645,78
-2.880384776695946,-0.22427248361242544,78
-2.8776544757164366,-0.257478340719663,78
-3.1214373524200547,-0.8865601869095886,77
-2.8976543538317854,-0.9153311707285172,77
-2.985225793191403,-0.92886684250307,77
-2.9757157694508676,-0.8745520935270407,77
-3.1214373524200547,-0.8865601869095876,77
-2.897654353802059,-0.9153311707967619,77
-2.985225793326045,-0.928866842160054,77
-2.9757157695130365,-0.874552093352946,77
0.9640377695576695,2.499588782110559,20
0.9252293326936354,2.390099422506276,20
0.914866310104294,2.3382195546987417,20
0.9505900196290517,2.376611150258646,20
0.9133965498922265,2.2807567575499252,20
1.0059098981243793,2.5191630029737686,20
1.1057039975872271,2.5936710735010933,20
1.0688655952655728,2.484861427401932,20
1.0590682374940228,2.5699666116898316,20
1.0606293290298585,2.4551904864324503,20
-3.212944432305913,-0.9072927137513981,77
-3.2161605434607714,-0.9682462635202457,77
-3.0227573099841085,-0.9527859848067458,77
-3.0884091205876936,-0.9109033612151182,77
-2.983857523103069,-0.981738271300595,77
-3.2129444323234524,-0.9072927136940329,77
-3.216160543296161,-0.9682462640190149,77
-3.022757309993494,-0.952785984782235,77
-3.088409119842861,-0.9109033632986031,77
-2.9838575232555336,-0.9817382709333337,77
-3.050995008042512,0.5236986347227911,88
-3.0558829316269938,0.5813915118844659,88
-2.9855872977723275,0.5176622909609973,88
-3.1143062264892794,0.5572168254257084,88
-3.050995008040485,0.5236986347338789,88
-3.055882931626931,0.5813915118847864,88
-2.9855872977723235,0.517662290961032,88
-3.1143062264891626,0.5572168254261601,88
-0.5750678510592568,2.469108396166634,24
-0.5321383809281902,2.3233471535667616,24
-0.5384251052785043,2.3888986422166116,24
-0.4985228012788818,2.391451827820975,24
-0.5616544234640625,2.245025601326951,24
-0.5372587946563588,2.5303170314994166,24
-0.49745698855701975,2.534072034999812,24
-0.5117179519292729,2.432093761319753,24
-0.5366219455386939,2.524538356443578,24
-0.5594010740250253,2.3129607034056154,24
-3.2793955761503515,0.5365040818287689,88
-3.000702458787055,0.3523343068968261,88
-3.060390444928719,0.4716195328045397,88
-2.9565297245684063,0.4923716982635283,88
-3.0382920379934553,0.4562734094493323,88
-3.2793955761508577,0.5365040818264936,88
-3.0007024587870585,0.3523343068968166,88
-3.0603904449286925,0.4716195328046581,88
-2.9565297245684095,0.4923716982635195,88
-3.038292037993419,0.456273409449503,88
-3.201519545486704,-0.08658162698707737,87
-3.1060178424679346,-0.07555563207451882,87
-3.109356767338199,-0.12311255514125291,87
-3.155916716621411,-0.08292938441055751,87
-3.2015195454866987,-0.08658162698686805,87
-3.1060178424679323,-0.07555563207442417,87
-3.1093567673382014,-0.12311255514125331,87
-3.1559167166214133,-0.08292938441062102,87
0.28172728441579287,2.968363717292665,22
0.1748562706624705,2.8771479820615187,22
0.2324913876348598,2.912344221521355,22
0.23052668490260206,2.8313604890070025,22
0.23803157516748458,2.7917318779040956,22
0.2805529492046706,2.94368702547601,22
0.2927912106509708,2.939519707997529,22
0.2692043870125689,2.964053066485625,22
0.26724402862907,2.88747743133896,22
0.2436223621225945,2.8894929356826826,22
-3.397130410290264,-0.18326254258376473,87
-3.226438419075298,-0.22015234712044301,87
-3.095943976284699,-0.15669172742587367,87
-3.122897061713065,-0.15943872592570152,87
-3.062346909067274,-0.18616971346109798,87
-3.3971304102895474,-0.1832625426236009,87
-3.2264384190753033,-0.22015234712011864,87
-3.095943976284697,-0.15669172742587617,87
-3.1228970617130636,-0.15943872592574784,87
-3.0623469090672777,-0.18616971346108777,87
3.02105329579,-1.2959272998709497,38
3.101837138843587,-1.264386423596175,38
3.136085071495411,-1.2944836882915036,38
3.076399993465159,-1.1719021145264972,38
3.0210532957945038,-1.2959272998583973,38
-2.2660517520920527,2.135585929281977,38
3.1360850721415776,-1.29448368635543,38
3.076399993465655,-1.1719021145253514,38
1.425814763466912,-2.2076960497995217,50
1.3983054406780204,-2.2537794503026456,50
1.4733867961796174,-2.170847658309015,50
1.5287273090743676,-2.236527379209227,50
1.4030713763161151,-2.5223602923008204,50
1.2371793183437105,-2.4338287460242536,50
1.1905626076883598,-2.5035221167771575,50
1.227573951239682,-2.4195878121253793,50
1.1916937622403894,-2.5538699016347395,50
1.2324581199801812,-2.684560226032572,50
3.324237827060165,-1.17835370359413,38
-2.440476572579322,2.304615257389405,38
3.1876809658717353,-1.2659822936105238,38
3.184666414570389,-1.1731689022775498,38
3.1236107533366604,-1.2002665004765627,38
3.324237826995155,-1.1783537038304193,38
3.268886829445962,-1.2098385892209367,38
3.1876809657862646,-1.265982293859069,38
-2.3336734467679863,2.245142192471529,38
3.1236107533922213,-1.2002665003360382,38
3.2160244404906737,-1.1574297741328743,38
3.0164622106028816,-1.105024973117949,38
3.1143149650602755,-1.1584369125052576,38
3.2294008152385403,-1.0933894199403236,38
3.1189798615608715,-1.1276299601189372,38
3.2160244404906537,-1.1574297741329207,38
3.01646221060288,-1.105024973117955,38
3.1143149650599358,-1.1584369125060532,38
3.2294008152385403,-1.0933894199403222,38
3.118979861560861,-1.1276299601189568,38
1.3514177048671412,-2.2375856266820144,50
1.5822746031230426,-2.4851395967080654,50
1.307692274989957,-2.258521292258194,50
1.5725175321229945,-2.3919727763944207,50
1.2958665453196903,-2.2692482855863805,50
1.5671005327902066,-2.4022632110086253,50
1.300823840908494,-2.1980202245118385,50
1.5664460632199757,-2.404758025690724,50
1.3224326255430445,-2.234230200729142,50
1.5513680590447094,-2.5595564845979046,50
1.3514177048705405,-2.2375856266793503,50
1.5822746031301624,-2.4851395967031373,50
1.3076922749900688,-2.2585212922581004,50
1.5725175321849298,-2.3919727763486307,50
1.2958665453207188,-2.2692482855855487,50
1.5671005327753331,-2.4022632110193354,50
1.3008238409093287,-2.198020224511124,50
1.5664460632500847,-2.4047580256689605,50
1.3224326255424879,-2.234230200729611,50
1.5513680590934886,-2.5595564845660173,50
-1.638553018602044,2.491912683674248,33
-1.7188968041148691,2.436768524454886,33
-1.6632909114456393,2.45592216871125,33
-1.6114700707456169,2.4924431813127326,33
-1.7432109374888596,2.4242958766287717,33
-1.587724954019052,2.4504069565783273,33
-1.644969696150468,2.5890148638878685,33
-1.6526418709145632,2.464132835335215,33
-1.604397307890291,2.602330100731098,33
-1.7399528307448775,2.540197286626744,33
-3.473943343757308,1.5037155329363947,86
-3.4739432767607408,1.503715665634394,86
-0.3538307908840179,3.5732182781779307,15
-0.448479608301483,3.514056995752678,15
-0.32432000663835286,3.526465795836013,15
-0.24955789915084217,3.546237259934238,15
-0.484369475839595,3.5098677734289803,15
-0.3998269369459457,3.5020292553413133,15
-0.31524174270703437,3.629916740306321,15
-0.3414340549213241,3.554620122258541,15
-0.32028530585846204,3.6080719078491525,15
-0.49641480379956743,3.5658540027026113,15
-3.620829699483233,0.7666851983760448,86
-3.620817572277526,0.7667314659610243,86
-1.8560671928216141,3.0080876067184525,18
-1.9138605540038285,2.92929101368134,18
-1.8662412312247483,2.962141905184148,18
-1.8535545743351216,3.0297355565789186,18
-1.911556761767809,2.961449484756469,18
-1.8325262962858728,3.014353868054994,18
-1.8981293982861773,3.101096132865343,18
-1.8576639726550512,2.9782296415877236,18
-1.8626848557310614,3.1209052929941485,18
-1.9489265103643951,3.058518582407282,18
-3.3868794429891684,1.9183568286819235,86
-3.3868794433455047,1.9183568280975127,86
-1.361207774671833,3.5812576393338045,18
-1.443230261115952,3.5273889005748216,18
-1.3968752759097565,3.5749866374568158,18
-1.32528551838673,3.5710629520597523,18
-1.4161741848292213,3.5002818093143837,18
-1.415498978851326,3.5909676145975764,18
-1.4342302725699065,3.6284807904863654,18
-1.4459251491282812,3.64467606965107,18
-1.399686390640187,3.5894921097337833,18
-1.5250975287652069,3.6267915042259897,18
-3.320777554655361,1.5415766706262548,86
-3.320777558385416,1.5415766633406496,86
-0.7932527972611059,2.8913908325569815,31
-0.9288463887660139,2.6311070977988797,31
-0.8075111230177688,2.7339717926644234,31
-0.7803556782145682,2.7590232868037474,31
-1.0236647873681983,2.6474917396663598,31
-0.8011948002431301,2.780192890554591,31
-0.8901716719044588,2.8691696926881924,31
-0.8483800783611003,2.708379267464107,31
-0.8448715094064183,2.806386690521312,31
-1.003899506446776,2.6799252367629034,31
-3.3467801327668556,1.5045426545319613,86
-3.346780140845567,1.5045426383581837,86
0.17395843925266377,3.422456313261723,16
0.06317270230957525,3.3611380514461136,16
0.12016240748776194,3.387181849465863,16
0.15762975476784089,3.3703364114792196,16
0.005000230271435879,3.3410003894964353,16
0.14337666427295975,3.3457391095357054,16
0.16233060847975384,3.4761180213320104,16
0.14010398535113353,3.37098932391541,16
0.14176316754796728,3.3847444330847463,16
-0.0027144221741930595,3.35629390053088,16
3.3963855882132252,-0.4302410058600259,86
3.396385588213943,-0.43024100585877867,86
-1.3190255105232944,3.1872423590445718,18
-1.3647136398167743,3.036292964997215,18
-1.2969121897227809,3.1021115791536733,18
-1.3018000001196475,3.1200801454481835,18
-1.4348363531934705,3.0747644284215387,18
-1.3573696549681138,3.128461544480992,18
-1.448948836811417,3.191818474866714,18
-1.3861773163895996,3.0919982128316854,18
-1.413182586509845,3.1891325858165347,18
-1.5011273287518188,3.0777024840939653,18
-3.50578794431824,1.8157102515069266,86
-3.5057879453696295,1.8157102496315685,86
-0.6031245029211499,3.6472175237259212,16
-0.7146100506962608,3.5423254457968922,16
-0.6722544397122203,3.626649623920545,16
-0.6461802003515663,3.5510070818862065,16
-0.739902354156352,3.5117314132717383,16
-0.6931883519157126,3.614300756179836,16
-0.7467949474687889,3.6625110245499712,16
-0.7336140756636799,3.6850797554219397,16
-0.7367242864478036,3.583749649794994,16
-0.876550072298065,3.609992646584982,16
-3.4317730705088096,1.4634140140802396,86
-3.4317731634911133,1.4634138122068734,86
1.6377447982882964,-3.1053816157631533,47
1.828786339819069,-2.915872776005504,47
1.8377886463864752,-2.9511073628381848,47
1.9565335630346237,-2.933412444778504,47
1.685403014706397,-3.0727022931613255,47
1.3252630925718496,-3.2121894389159245,47
1.2857838299159727,-3.1677153256901396,47
1.492412928871562,-3.184614768067436,47
1.3755812025558019,-3.1643012860195845,47
1.4221961749994227,-3.210367131488154,47
3.62873561169185,-1.7526923722847834,38
3.628735101112072,-1.7526934432660053,38
3.56842259737624,-1.7575994041237324,38
3.5684225746040834,-1.757599451032304,38
1.481664685767635,-3.122103026594472,47
1.7656081345472379,-3.0963335151266684,47
1.4816901023096767,-3.1220923906997067,47
1.7699477279528633,-3.0940773689800043,47
-1.6486557406281772,2.519042207372733,33
-1.7514840695627625,2.516227236972355,33
-1.6871056738161567,2.524679026712732,33
-1.6364757808593766,2.55132644349744,33
-1.7548240745335386,2.4645265392232596,33
-1.603856596880432,2.530627057635681,33
-1.6756626997853166,2.676621019090371,33
-1.6833814152377542,2.5640916958015034,33
-1.6511198245342293,2.703917722886044,33
-1.7768373020941375,2.595397299653283,33
-3.4706749762962414,1.5158932450169817,86
-3.4705142690289827,1.516209085951738,86
-0.4036089305065878,3.6266628129952623,15
-0.5093669215290033,3.5364253864765134,15
-0.3843747654403649,3.574919375253526,15
-0.28722102232945346,3.573030385843047,15
-0.517396765748286,3.545859939537598,15
-0.4387104993546669,3.5533118243026034,15
-0.41504999855354874,3.6375748160169765,15
0.36540503608722646,-2.990302712350761,15
-0.4209306178411849,3.631605263407972,15
-0.5837231330281496,3.579170706523356,15
-3.6475230176639055,0.6991986310927953,86
-3.6471307509240587,0.7008083745290543,86
-1.8866943302883525,3.0969378768748053,18
-1.9302736677130607,3.0154419732560473,18
-1.89216081137134,3.053354193543143,18
-1.8577432190536374,3.0614849691349946,18
-1.9385362258908552,3.035825386163082,18
-1.8627541813037523,3.0943503600401967,18
-1.912088079339853,3.1743865059893825,18
-1.8910306536284367,3.08978701011923,18
-1.8866513160530058,3.198279131298626,18
-1.9684587403309626,3.1480058080013706,18
-3.444211068871671,1.9008534053316841,86
-3.4442110664280143,1.9008534094225844,86
-1.3886929896647804,3.6032786847064364,18
-1.4590332371525117,3.5359288544358165,18
-1.4096640998047347,3.592075695466038,18
-1.3448609386962536,3.562303141243075,18
-1.4412666292871565,3.504398999664581,18
-1.448121917318694,3.591053222539163,18
-1.4653935405965341,3.6439898050486788,18
-1.479780875039953,3.6770099204973707,18
-1.4278023191751439,3.6019280479342015,18
-1.5496374492322713,3.6398284615048913,18
-3.4050476381509713,1.4698522112835473,86
-3.405047652468825,1.469852181121525,86
-0.8340861983570798,2.933679758473129,31
-0.9816046936473727,2.7061764383169193,31
-0.8568443654380818,2.8121117106180167,31
-0.8345411820369963,2.7972258864361192,31
-1.0577772273841404,2.6947615541714165,31
-0.8494260598451868,2.865806221310337,31
-0.9397875744562406,2.940436832062426,31
-0.90072684442805,2.809902104267957,31
-0.9082151903589891,2.877803262847248,31
-1.0488826572345327,2.8027228754900517,31
-3.4009856965077896,1.4903033202762235,86
-3.4009860474974287,1.4903025895220154,86
0.10419114431351702,3.4461193399597523,16
0.0020526985071567154,3.376384295883987,16
0.060146901331229526,3.408144859106513,16
0.11723344066796328,3.383822493046431,16
-0.07305483550626338,3.359163940159699,16
0.0432887337530935,3.3850944944207537,16
0.05330963199677169,3.504622839753746,16
0.02288530989620989,3.4203831706319234,16
0.05553672157107461,3.427205361431597,16
-0.10426167225880009,3.4121213676197337,16
-3.7580736651166586,0.7292155210377588,86
-3.7497128046129515,0.7633983239519663,86
-1.3373476146553225,3.2415432580765016,18
-1.3863441140299047,3.1122155728371363,18
-1.3260576165170441,3.1709795508648275,18
-1.3110571995923803,3.141311910822325,18
-1.4616603796298853,3.1078019314888383,18
-1.3980940227713186,3.1897424495889073,18
-1.4757641831116546,3.237830869552459,18
-1.4217925077636278,3.1482700072940126,18
-1.4423960349609515,3.2046364706037602,18
-1.530965454502891,3.1521298735509897,18
-3.569907787762222,1.776590825181703,86
-3.569907787743378,1.7765908252166456,86
-0.6599212981120176,3.661378140615265,16
-0.7519538128207288,3.5594340396264843,16
-0.7068099297702228,3.63690667892323,16
-0.6774705633285834,3.549856800541556,16
-0.7791867216382814,3.5079295997762934,16
-0.8627001925369905,-3.0494568264961286,16
-0.8197424707033684,3.6745532262497527,16
-0.8101779097377304,3.699516525609293,16
-0.8040188939008844,3.5949225643799907,16
-0.9466486610546896,3.6199000771470735,16
-3.502510209338638,1.3982360543445649,86
-3.5025102104944352,1.3982360517294616,86
-2.922439847021357,1.4461904879654623,47
1.8497528212660626,-2.774855991708427,47
1.8741801003792056,-2.8466113684268413,47
1.9669607583701163,-2.7949794364996983,47
1.822982200721562,-2.866074480787574,47
-3.1580529329512483,0.922661502309598,47
1.3359269914109648,-3.064442213998359,47
1.727811461040124,-2.9720383835433837,47
1.5087911025093217,-3.024056682949875,47
1.4284294092089924,-3.0829006258302063,47
3.5804563047732434,-1.8317050373568344,38
3.580457383912172,-1.831702879324939,38
3.524437422483757,-1.8451639160266111,38
3.5244375448418546,-1.8451636741064519,38
1.5721385849150395,-2.968295693900092,47
1.8622006477803168,-2.9355285390154235,47
1.5727431111900674,-2.9680070657944455,47
-3.0439526745729375,1.2729879490363147,47
-3.0766119400637217,0.020035896807535345,80
-3.134824578582368,0.009977314394767648,80
-3.0588350161675004,0.047933382950643366,80
-3.1361003767409437,0.02552593202649411,80
-3.076611940066498,0.020035896750393422,80
-3.1348245785921485,0.009977314276026546,80
-3.0588350161835143,0.047933382696787756,80
-3.1361003767263136,0.025525932275592748,80
-0.6126731535797207,1.4264077972796139,32
-0.654358436521677,1.4079763895369524,32
-0.6449520510367855,1.4054060537964288,32
-0.6511818111613495,1.4673382082374795,32
-0.6312516260461447,1.3432353366514944,32
-0.5979136197237289,1.4901550278354083,32
-0.6663354278078033,1.5084501447325047,32
-0.635619872032881,1.4607347252738996,32
-0.7261096643039398,1.6070036692807814,32
-0.6811950951846073,1.4341807303309633,32
-3.192442431052617,0.1948210531459001,80
-3.05024227708393,-0.048648680060902665,80
-3.0781624138069823,0.0022455266263748438,80
-3.075979552592978,0.058934409014365426,80
-3.02307456927236,-0.0036928295612103108,80
-3.192442431015844,0.1948210533698245,80
-3.0502422770843247,-0.04864868008766278,80
-3.0781624137807984,0.002245527231323378,80
-3.0759795526785636,0.058934407797420554,80
-3.0230745692716314,-0.0036928291529917156,80
-3.26901964136374,-0.6849013456583595,80
-3.194659366635132,-0.7058994727475815,80
-3.130041663067882,-0.6723582762117299,80
-3.1783948685015804,-0.6954942870892831,80
-3.269019641886653,-0.6849013431855078,80
-3.1946593668743564,-0.7058994716993159,80
-3.130041663041822,-0.6723582763260527,80
-3.178394868440165,-0.6954942873597624,80
0.4835545430650704,2.1377531246293824,15
0.35273230283694756,1.996560086390423,15
0.4226923514863024,2.059839791139638,15
0.45201125582122137,2.2044845564072015,15
0.39907807465081496,2.0710637681274044,15
0.46856948677361215,2.2286361217304345,15
0.42983095898751955,2.2037917100720206,15
0.4875753889224746,2.1100642956295697,15
0.4765301016005413,2.346439902888819,15
0.33752436595672947,2.0499389649251065,15
-3.3103691917843103,-0.6488203206983189,80
-3.2854378680906504,-0.7763744039006044,80
-3.1577260497193294,-0.7276636602452997,80
-3.1710563826594185,-0.6250928725337215,80
-3.0887357265953463,-0.7534570957836101,80
-3.310369209753558,-0.6488202259169114,80
-3.285437869242253,-0.7763743991383737,80
-3.157726049367072,-0.7276636616916417,80
-3.1710563836159142,-0.6250928678597675,80
-3.08873572648863,-0.7534570961719548,80
-3.1355818412857044,0.9049258972173175,84
-3.1633793816350737,0.8766900833969618,84
-3.1140294312869976,0.9137468404044515,84
-3.214311831836363,0.8743797713805187,84
-3.1355818412857044,0.9049258972173183,84
-3.163379381635073,0.8766900833969608,84
-3.1140294312869976,0.9137468404044518,84
-3.2143118318363637,0.8743797713805181,84
-1.3367203316698517,2.238411903126139,25
-1.2905825984983597,2.2249230337397323,25
-1.3207832052744533,2.2240463063093947,25
-1.3380035985914382,2.3829833905098114,25
-1.2844880325662138,2.1872331161725125,25
-1.316868105910457,2.327608213325085,25
-1.2901541060200572,2.312686593429106,25
-1.2980243304727934,2.241400963606307,25
-1.3148445756685168,2.412385098620542,25
-1.280709575508634,2.216933763364966,25
-3.2134693390331375,0.9144051841558303,84
-3.0866825095402057,0.8065612363456565,84
-3.073231739578253,0.8561217943501634,84
-3.060235419584057,0.9208828849692674,84
-3.0374008433375015,0.8249054813593771,84
-3.2134693390331366,0.9144051841558308,84
-3.086682509540205,0.8065612363456576,84
-3.0732317395782536,0.8561217943501636,84
-3.0602354195840573,0.9208828849692706,84
-3.0374008433375024,0.8249054813593777,84
-3.199643639776749,0.3108839781528129,83
-3.174736631528612,0.33518776603840267,83
-3.1388039515483457,0.3446361017706453,83
-3.183736022572203,0.33171925662049817,83
-3.1996436397768404,0.3108839781523692,83
-3.174736631528562,0.33518776603864286,83
-3.1388039515483377,0.3446361017706805,83
-3.1837360225722344,0.3317192566203395,83
-0.5742052260772117,2.790076844305149,21
-0.6329756216922232,2.803752518280562,21
-0.6027681817168402,2.8552968079557366,21
-0.5706890503942833,2.8456336789350174,21
-0.5712652208752961,2.702263945366549,21
-0.6387448718649179,2.7877129577613586,21
-0.6306304837269333,2.8715686505026605,21
-0.6338178190299781,2.886414964225085,21
-0.6054407618375008,2.8739985081642243,21
-0.6401822691054299,2.8066542051612653,21
-3.2983107579101567,0.3081394053875057,83
-3.2058883785089836,0.26455543944877613,83
-3.1516475233163646,0.3376598191966317,83
-3.159480480634662,0.3716212855846301,83
-3.0993496670527523,0.30868477724521476,83
-3.2983107579045394,0.30813940542561435,83
-3.205888378508971,0.2645554394488336,83
-3.1516475233163836,0.3376598191965424,83
-3.1594804806346595,0.3716212855846515,83
-3.099349667052751,0.30868477724521426,83
-3.007978702653866,0.124046764474459,78
-2.9805610268579854,0.02839235301438007,78
-2.9601791201872474,0.05060938053282788,78
-2.9954211273077633,0.08285162175202872,78
-3.0079787027271854,0.12404676373068252,78
-2.9805610268579814,0.028392353002858615,78
-2.960179120187038,0.05060938038437267,78
-2.995421127305946,0.0828516218026181,78
-0.2696037006656368,1.819365832477137,30
-0.3268069120708894,1.6831895455402877,30
-0.2877974762693866,1.7343021989371217,30
-0.24642572999202447,1.7174396412153048,30
-0.3971338397440045,1.6309869931204601,30
-0.25284203585447024,1.8650197694473913,30
-0.36693293708918157,1.928383498134164,30
-0.31179685784419026,1.7659431072993417,30
-0.35262699644772344,1.9371067632687526,30
-0.4403572600720892,1.7459023368136344,30
-3.183634140959728,0.24862598208703215,78
-3.000525902316119,0.023135802594396116,78
-3.0004776044928496,-0.011804265952465752,78
-3.0088436321108376,0.0831838836385824,78
-2.979913880976051,0.020978947967454618,78
-3.183634140991404,0.248625981910914,78
-3.0005259023161157,0.023135802596585712,78
-3.000477604492848,-0.011804265952300953,78
-3.0088436320945338,0.08318388402117309,78
-2.9799138809749532,0.02097894778231142,78
-3.1844566596896264,-0.6639901115219278,77
-3.0369091036779983,-0.6661773305644814,77
-3.128640395444926,-0.6860052279304204,77
-3.029574773146616,-0.6331640189427604,77
-3.1844566597944195,-0.6639901110479616,77
-3.0369091032221887,-0.6661773325014912,77
-3.128640397030177,-0.6860052209729867,77
-3.029574773110235,-0.6331640191218161,77
0.6298560984733609,2.214924686438386,20
0.5467567103039761,2.1185499154517924,20
0.593479641279011,2.1300578371182777,20
0.6154708570210596,2.1576292360850764,20
0.5229485535037638,2.0275186308724784,20
0.5950821846336738,2.1498091465654934,20
0.7003459053748846,2.353034439846044,20
0.6652422202613749,2.1630905152338364,20
0.6523802831585164,2.298942896037247,20
0.5517422855648684,2.148710717797255,20
-3.333511137809635,-0.5953901457047341,77
-3.2512959751630985,-0.7372154427901318,77
-3.1792399246147722,-0.7543507554683829,77
-3.2209937306398384,-0.6611919687483702,77
-3.117730223770202,-0.7574837106794144,77
-3.3335111359770626,-0.5953901579597286,77
-3.2512959775482426,-0.73721543265412,77
-3.1792399242843477,-0.7543507569277179,77
-3.220993723434129,-0.6611920038724399,77
-3.117730223959243,-0.7574837099472359,77
-3.150922149798893,0.7783183521429935,88
-3.141789161412505,0.751782334896888,88
-3.088457640792796,0.7639855662535502,88
-3.210382808394402,0.7767364678212951,88
-3.1509221497988933,0.7783183521429966,88
-3.1417891614125066,0.7517823348968882,88
-3.0884576407927957,0.7639855662535505,88
-3.210382808394402,0.7767364678212945,88
-0.8580465805515036,2.3465409517264773,24
-0.8426133741482292,2.2374430061501323,24
-0.8461458042288763,2.2770231404424366,24
-0.7949319863649683,2.2990931533510692,24
-0.8435722050512688,2.1305562001748073,24
-0.8556214870147252,2.3930269334021532,24
-0.8382027167543761,2.3690311927867502,24
-0.8322809019360228,2.304003195919074,24
-0.8639180566877429,2.3980117961523097,24
-0.8937264222320467,2.191629519246314,24
-3.3815919036484274,0.8218936652514603,88
-3.084223884518968,0.6980333209547371,88
-3.16329906434576,0.7088599685020348,88
-3.0860678031621505,0.7705383065891721,88
-3.147108181542164,0.734030511454507,88
-3.381591903644074,0.8218936652653828,88
-3.0842238845189693,0.6980333209547352,88
-3.1632990643457597,0.7088599685020384,88
-3.0860678031621536,0.7705383065891814,88
-3.1471081815421607,0.7340305114545189,88
-3.20903944777863,0.15972246459270484,87
-3.1566967416905127,0.1730069119156537,87
-3.1190273388989236,0.12864516420494468,87
-3.1888556231631746,0.1577866735163257,87
-3.209039447778666,0.1597224645924591,87
-3.1566967416905114,0.17300691191565504,87
-3.1190273389002066,0.1286451641951735,87
-3.1888556231631027,0.15778667351676032,87
-0.00017615698034270994,2.854113431259683,22
-0.1335134768532812,2.763832333455314,22
-0.07292176592172595,2.8098570490595844,22
-0.061797483016921236,2.750987514134733,22
-0.08627946869671609,2.639921515748649,22
-0.09680296534033288,2.808110651567246,22
-0.09443070550212618,2.809934509153423,22
-0.08220155695386935,2.871166852835136,22
-0.11604675106501572,2.75488133929351,22
-0.18048676050663973,2.7839110896478094,22
-3.4643113681100224,0.18708592402037585,87
-3.205755907371437,0.0442710643853768,87
-3.1713285661812036,0.11375253820229704,87
-3.161421569325198,0.1130673809808067,87
-3.092439095257342,0.13786406867653345,87
-3.4643113681386235,0.18708592362272394,87
-3.2057559075362603,0.04427106227168279,87
-3.171328566181378,0.11375253820083742,87
-3.1614215693252015,0.11306738098077868,87
-3.092439095257506,0.137864068675231,87
2.9387645667806375,-1.5597230485421303,38
2.994751949846964,-1.5376193467181252,38
3.013865439292585,-1.5297587554655807,38
3.040426386656085,-1.5657069065595002,38
2.9387645667805007,-1.5597230485427842,38
2.9947519498470325,-1.537619346717819,38
3.013865439292599,-1.5297587554655236,38
3.0404263866613808,-1.5657069065395581,38
1.2913270219947484,-2.3304387996367386,50
1.3326368778078799,-2.231603285365607,50
1.4057003752175208,-2.191650662067776,50
1.4373209228940083,-2.259467653946967,50
1.3304927148066892,-2.484213121439197,50
1.1703546277447345,-2.3297238352941023,50
1.1432823477343268,-2.388990476967584,50
1.2099888153278522,-2.325411961549486,50
1.1781648165027538,-2.3824496189364006,50
1.18974819485844,-2.522030932806132,50
3.229093042468951,-1.1994190361614376,38
3.0624660161827797,-1.5314898357653535,38
3.0429396094329144,-1.5324870575325207,38
3.100371008484086,-1.5684500498573515,38
-2.7955480175712983,1.9765875170916634,38
-2.598157683175859,2.2039893285121,38
3.0624660161709123,-1.531489835806811,38
3.0429396094391477,-1.5324870575098242,38
3.1003710084841134,-1.5684500498572873,38
-2.795548019749415,1.9765875141796168,38
3.0884379587233335,-1.230438492097238,38
2.865019516899432,-1.2426678241845879,38
2.9859898026975213,-1.2543780503554207,38
3.1135068663897605,-1.1562499561604107,38
2.9943951721654107,-1.2658734082400365,38
3.0884379186642588,-1.2304385928497203,38
2.865019516891736,-1.2426678242040168,38
2.9859898026619844,-1.2543780504440578,38
3.11350686667938,-1.1562499555299794,38
2.9943951716098467,-1.265873409808876,38
1.392434203485286,-2.3080887514861366,50
1.5401034915746186,-2.447481968494841,50
1.31292774397212,-2.2635502453952583,50
1.5144964674737005,-2.205506635360155,50
1.2865660867134707,-2.2386934919116173,50
1.4851142021846993,-2.296867710238285,50
1.3223949084106188,-2.1729214673201,50
1.5306912876755905,-2.2484655973771193,50
1.3327528603044472,-2.2265046157415425,50
1.481105529110767,-2.343279714958929,50
1.3924342030746362,-2.3080887517827717,50
1.5401034916489205,-2.4474819684429967,50
1.312927743876568,-2.263550245474046,50
1.5144964676144494,-2.2055066352421657,50
1.2865660866776167,-2.2386934919407016,50
1.4851142024263455,-2.296867710052242,50
1.3223949078476942,-2.1729214677984077,50
1.5306912877620669,-2.248465597308796,50
1.332752860326828,-2.22650461572335,50
1.4811055297522007,-2.34327971448504,50
-1.1946610873716137,1.7658851610707769,33
-1.244999167027491,1.7739461810550887,33
-1.2310780256092109,1.8040177037134177,33
-1.2122709919842543,1.8961156941168975,33
-1.1635407693840396,1.7476313134027424,33
-1.1768360369406097,1.6957491952625323,33
-1.0868875149144712,1.610669926613446,33
-1.1868727657668343,1.635476904689174,33
-1.2041651079410174,1.697077082410425,33
-1.0761881998914726,1.5318796305644942,33
-2.9919436562992883,0.5901788934587193,80
-2.9919436608511525,0.5901788740725857,80
-3.022407380077265,0.7560797036529462,80
-3.022407354703292,0.756079778475588,80
-0.9749040870927768,1.3699607145582906,33
-0.8367885538398809,1.2726979226018482,33
-0.9749040870927762,1.3699607145582906,33
-0.8367885538398753,1.272697922601844,33
0.2426495679902833,2.2852554180099656,15
0.11592313220115716,2.104403236878316,15
0.25162283515379286,2.3703596087169645,15
0.25991582969780413,2.291488316580966,15
0.24816334665597733,2.1416841491192953,15
0.18593142771068233,1.9900368650943334,15
0.10353670358290723,1.744138129807877,15
-0.06125309661471004,1.698158967942344,15
0.03182705857683275,1.7973315267204328,15
-0.1815872208286684,1.4740576884931547,15
-2.58116679169071,-0.4498048295582639,80
-2.581166235011584,-0.44980650948255396,80
-1.7102094317561312,2.5019516332147442,25
-1.729527973902544,2.4767916303406707,25
-1.7712557642608955,2.5822272734939635,25
-1.7443280596724196,2.616399323875966,25
-1.7158239561617936,2.4974183278976048,25
-1.6796379476489016,2.5574758113171523,25
-1.6784786917385883,2.47090854712495,25
-1.7568372486034975,2.505423630381462,25
-1.7154890407103298,2.511059343311676,25
-1.71979399811515,2.4089969223681886,25
-3.2098825577425822,1.2904844629245251,84
-3.209882557779385,1.290484462847558,84
-3.194993450186323,1.4191244854910032,84
-3.1949934501813484,1.4191244855011043,84
-1.7028037462605543,2.274464577734,25
-1.6263261589700606,2.1714207348361096,25
-1.7028037462605552,2.274464577734,25
-1.6263261589700608,2.1714207348361096,25
-0.7941912553328367,2.640924524672324,18
-0.9091180566787739,2.6386854618668396,18
-0.9077354859593475,2.7795499692274617,18
-0.7373549625725783,2.703814545911138,18
-0.7748819983924606,2.5458962302711026,18
-0.880638866730486,2.6619716169603076,18
-0.7843506698385326,2.728428337088636,18
-0.9573241658901696,2.771186726433196,18
-0.8241005870275582,2.686234878850264,18
-0.9616041318152241,2.5688525560916777,18
-2.8140979676222924,0.6538455165358225,83
-2.81409796762229,0.6538455165358341,83
-0.63837105139775,2.389301640132066,31
-0.7085668138161157,2.390995485642496,31
-0.6043144521104241,2.519654963948547,31
-0.48163461243144684,2.539763904784823,31
-0.7476670988214011,2.3309929665191484,31
-0.7065618033279504,2.0325925286626294,31
-0.6551257503238944,2.1185032142130824,31
-0.8315866393155654,1.9750914722266022,31
-0.6953071296215332,2.112142492527289,31
-0.8696882033804145,1.907818342763395,31
-2.922207616885879,0.6813292111749514,78
-2.922207616440505,0.6813292135143938,78
-2.9033334813213005,0.85421824903176,78
-2.9033334813212988,0.8542182490317698,78
-0.6626118269499734,1.6034432700380175,31
-0.5356320315278968,1.5207074586314244,31
-0.6626118269499736,1.603443270038018,31
-0.5356320315281883,1.5207074586315161,31
0.771614382695746,2.562456645756025,17
0.6735556334784315,2.5339661369034774,17
0.7603762377134077,2.596775045523782,17
0.7547230743016988,2.507996338817858,17
0.6700602792219175,2.453923156965783,17
0.6200680217447951,2.1153553157821303,17
0.6458677021472072,2.243708095701556,17
0.6309734580515346,2.246890079449194,17
0.5972167494869373,2.1658845434501584,17
0.44353637078152536,2.126088579905257,17
-2.668073670132659,-0.30755306618157,77
-2.668073675225489,-0.3075530515951262,77
-1.200916824788371,2.6978389386210284,24
-1.2202928302636773,2.667087070735591,24
-1.2421792815496762,2.777330801824026,24
-1.1645215343147084,2.735109003753628,24
-1.2353165300315934,2.5934211475485416,24
-1.2126670049587316,2.615266738441165,24
-1.203834958399219,2.559214855564454,24
-1.2730646344558094,2.6148854993041315,24
-1.2272709341420192,2.53957369712487,24
-1.3348323605418144,2.4388893149420334,24
-3.303580185327689,1.2295037053717297,88
-3.3035801786449017,1.2295037201701444,88
-3.2526183042918757,1.383063395945688,88
-3.25261830433698,1.3830633958548488,88
-1.1895126275678878,2.193059924747236,24
-1.0893700162722806,2.0819315782848116,24
-1.1895126275678896,2.193059924747236,24
-1.0893700162722821,2.0819315782848116,24
-0.019665809047926176,2.823589577501651,17
-0.08925657673852527,2.866702235601552,17
-0.038639662341644634,2.9417950051984576,17
-0.002729850510335765,2.876730226424895,17
-0.11073066353725527,2.6779589973995828,17
-0.11917722715078725,2.804369390443889,17
-0.08107925289199217,2.8419361004663264,17
-0.143419068676259,2.908040549480095,17
-0.12950185829892863,2.8282378370714656,17
-0.27989183817905866,2.6888976760798973,17
-2.950431169268174,0.6415480316323626,87
-2.9504311693701992,0.6415480311761039,87
0.7705507352594317,-1.588251235360223,47
0.7145288541925552,-1.6085342876065578,47
0.7341615766083068,-1.5735324354931508,47
0.889685465797889,-1.619830021496402,47
0.5561207371947728,-2.1105749692108478,47
0.7780859831482907,-1.718386455492782,47
0.6900616397865819,-1.7920939839220904,47
0.7212686908042302,-1.7752782650867742,47
0.8348351280491116,-1.6799437968007866,47
0.5232130615341262,-2.1367967198321898,47
3.8674328247909524,-0.60011928679682,38
3.86743282479058,-0.6001192867988625,38
3.8792596246397197,-0.6448926675135334,38
3.879259624639717,-0.6448926675135545,38
0.6424405646845062,-1.8585443463456433,47
0.6876132626477729,-1.9841627014610206,47
0.642402100270222,-1.8585855920698755,47
0.6876132292344274,-1.9841627353297648,47
-1.5241899173793034,-2.6376332396378905,70
-1.5346883826396578,-2.6412425407705604,70
-1.5640260537311965,-2.6995536804223437,70
-1.4933403042000137,-2.633699490892592,70
-1.5241899173794375,-2.637633239637807,70
-1.5346883826400788,-2.6412425407703193,70
-1.564026053729591,-2.69955368042326,70
-1.4933403042000237,-2.633699490892583,70
1.121964763060851,0.34820619104587036,37
1.1326022447387207,0.34077377710814477,37
1.1359696570828675,0.33295129744936464,37
1.1096643653079108,0.4000272545991213,37
1.1060032415489591,0.3087434407224924,37
1.1775082733746198,0.2989507908763641,37
1.1691337550895478,0.30563145726745783,37
1.1140532024533951,0.23961667579684517,37
1.0789009253512771,0.3469312500081073,37
1.1205041752342983,0.19985085814793344,37
-1.2586064546676048,-2.5488016164818847,70
-1.5039339742717293,-2.7154191863115265,70
-1.483121570728682,-2.700768719559886,70
-1.5607913222201173,-2.6869288141184664,70
-1.444839776059254,-2.7446357861296002,70
-1.258606454667605,-2.5488016164818843,70
-1.5039339742717208,-2.715419186311528,70
-1.483121570728681,-2.7007687195598886,70
-1.5607913222201129,-2.686928814118468,70
-1.4448397760593013,-2.7446357861295714,70
-1.2707877715189293,-2.801976007572986,70
-1.5584924066771821,-2.721600118722227,70
-1.4155276076151304,-2.7100854970081754,70
-1.4273219889333755,-2.7429311337159206,70
-1.4036460792992915,-2.758531098524542,70
-1.2707877715189286,-2.8019760075729865,70
-1.558492406688731,-2.721600118715904,70
-1.4155276076151266,-2.7100854970081816,70
-1.427321988933374,-2.742931133715922,70
-1.4036460792992917,-2.7585310985245415,70
0.9809591184202752,0.20002902617921048,37
1.0220533712583202,0.1790980484265635,37
0.9782075525929194,0.19638897464722468,37
0.9606897129037775,0.19370870725694198,37
0.9824164501855642,0.17632307341608922,37
1.0635297883216388,0.0996191961472303,37
1.1127772554049817,0.15809754006173962,37
1.1464113159435063,0.17251342584762572,37
1.045428830703303,0.11711709424083877,37
1.0193353601888602,0.10845862426085183,37
0.9809591184202753,0.2000290261792106,37
1.02205337125832,0.17909804842656338,37
0.9782075525929198,0.19638897464722477,37
0.9606897129037772,0.19370870725694198,37
0.9824164501855651,0.17632307341608897,37
1.0635297883216388,0.09961919614723033,37
1.1127772554049824,0.15809754006173937,37
1.1464113159435065,0.1725134258476256,37
1.0454288307033022,0.11711709424083898,37
1.0193353601888613,0.1084586242608519,37
-1.2399650730520495,-2.9934711473283397,69
-1.2726413558574006,-2.9721930857995167,69
-1.3142530345963794,-3.0053846289557047,69
-1.2461982745268492,-2.9813410928830573,69
-1.23996507305205,-2.9934711473283393,69
-1.2726413558574012,-2.9721930857995176,69
-1.3142530345963785,-3.005384628955703,69
-1.2461982745268494,-2.9813410928830577,69
1.9314562576256609,0.20004700067476866,19
1.8800879545572424,0.21037697066736127,19
1.884477637573685,0.13291864087425825,19
1.87241961313837,0.2799554767973004,19
1.8394419856253499,0.14921785508153532,19
1.8592168628626622,0.1059875263299911,19
1.8512967470190937,0.08980988910143217,19
1.756724556459242,0.0545141205162461,19
1.7412896621981144,0.10074578492942177,19
1.7502029199871765,-0.010657288260139891,19
-1.1268349423345674,-2.8069392572737235,69
-1.2747390514767896,-3.024106559656096,69
-1.2638739231397202,-2.958102524520875,69
-1.3199936539969215,-3.008336856123451,69
-1.222482773201583,-2.93832751338319,69
-1.1268349423345678,-2.8069392572737213,69
-1.27473905147679,-3.0241065596560954,69
-1.26387392313972,-2.958102524520877,69
-1.3199936539969215,-3.008336856123451,69
-1.2224827732015835,-2.93832751338319,69
-2.325941764827064,-1.926910656137855,76
-2.4173853145904953,-2.0103847342226864,76
-2.351555789879993,-1.9856160491581971,76
-2.380153834599807,-1.9553717764019878,76
-2.3259450067941154,-1.926907069305696,76
-2.4173846969685453,-2.010385342307315,76
-2.3515555629634353,-1.9856162874216954,76
-2.3801507565764624,-1.9553752882253843,76
-0.06541420992547346,1.8310064703336564,29
-0.15471048217299307,1.911090788542528,29
-0.15399364652641057,1.9145469891659157,29
-0.23011984852868425,2.025783318480362,29
-0.17211356146342674,1.7337080002277434,29
0.07456510306475128,2.0050677212991763,29
0.021512403558121694,2.0305311672647943,29
0.0028684041820305865,1.8189366808415683,29
-0.14468786054649466,2.0749875971450793,29
-0.05288416944006854,1.812146370152561,29
-1.914938861594218,-1.8511163940399786,76
-2.2535127432527218,-2.0076104983975727,76
-2.4607205304730653,-1.9985751123982063,76
-2.3181315835933427,-1.94008098936504,76
-2.3988283720270362,-2.046168967942521,76
-1.9149388620928218,-1.851116393703341,76
-2.25351274330621,-2.0076104983447665,76
-2.460724728503808,-1.9985708330617407,76
-2.318131594095193,-1.940080977770597,76
-2.3988283755799538,-2.0461689645795382,76
-2.0862562895481314,-1.9452249413398748,76
-2.4125880612463777,-1.9870928277861868,76
-2.532398971376153,-2.024754935328736,76
-2.3127790246770252,-1.9943281181997978,76
-2.3762039667220436,-2.033548856562822,76
-2.0862562869547308,-1.9452249434062345,76
-2.4125873677422796,-1.9870935490686623,76
-2.532429310954621,-2.0247278805083546,76
-2.3127790803081756,-1.9943280621469819,76
-2.376203921250333,-2.033548899892969,76
-0.10933625633907611,1.622043374168591,29
0.010055990857287167,1.5773038911721657,29
-0.12949753869047625,1.6368224464054673,29
-0.11602739135363369,1.5935521082185296,29
-0.08757893821547452,1.4985865795357582,29
-0.06560332827936463,1.579893198699801,29
-0.13566271814790543,1.7406211834054404,29
0.0214692893259202,1.7520500255667486,29
-0.04230511903412814,1.4868451107220382,29
-0.07611300119349068,1.4280730022848591,29
-0.10933625633360704,1.6220433741697597,29
0.010055990859895265,1.5773038911725248,29
-0.12949753868851643,1.6368224464059111,29
-0.11602739134352083,1.5935521082201305,29
-0.0875789382154766,1.498586579535755,29
-0.06560332833882328,1.5798931986890854,29
-0.1356627180904019,1.7406211834092433,29
0.021469289286208285,1.7520500255602391,29
-0.042305119034032175,1.4868451107220362,29
-0.07611300119383999,1.4280730022850974,29
-1.6022263106988823,-2.701969571062142,75
-2.0344462642295222,-2.575025013069752,75
-2.0477577533283156,-2.5821869863281863,75
-1.8170756465459148,-2.6989824142219927,75
-1.6203303160893217,-2.6916650986557156,75
-2.034451376264661,-2.575020822996065,75
-2.0477576371937083,-2.582187072875134,75
-1.8170861584745774,-2.6989772063967705,75
1.1350307565969735,2.0585896911081814,23
1.103531662350027,2.1966672618091665,23
1.1211265085395006,2.1978862275759647,23
1.1084525147146065,2.2077467015040675,23
1.0548475037465572,1.9918500406616217,23
1.2688647946378602,2.3258875356128597,23
1.2274831309771201,2.3729520044589236,23
1.2447965240481036,2.392257994231923,23
1.1813123797523257,2.3276054914780495,23
1.1734066193911805,2.2570594469979364,23
-1.5299579514130035,-2.477060128956337,75
-1.5985083926659536,-2.764021159785132,75
-2.0369135530709137,-2.5253819055058333,75
-1.8314826824431083,-2.6806127044173045,75
-1.5918866904649978,-2.692194101633281,75
-1.5299584888432374,-2.4770597955640947,75
-1.5930757128388402,-2.7669169756162724,75
-2.036913158241401,-2.5253821586563263,75
-1.8314819776570719,-2.6806130622609685,75
-1.5959892364095527,-2.68991617104459,75
-1.3017197371942124,-2.1998037602314287,72
-1.3210076650154698,-2.3492333924357762,72
-1.3504321582926746,-2.352397192807598,72
-1.2949690456508292,-2.3229622948430744,72
-1.3017197371942126,-2.199803760231427,72
-1.3210076650154743,-2.3492333924357713,72
-1.3504321582926735,-2.3523971928075964,72
-1.2949690456508294,-2.3229622948430726,72
1.6398621023327045,1.1844125082763783,35
1.6396906960891164,1.0735849340664712,35
1.6523013435505796,1.1982349646332215,35
1.7078160610715325,1.2812160982096383,35
1.5361335438509622,0.8281738806868894,35
1.6218527882780571,0.8486633462694433,35
1.627792289829253,0.8596371825666916,35
1.574272315613961,0.7362920093727655,35
1.6207734256871478,0.8823710866062309,35
1.4242918968235887,0.5865755217798121,35
-1.1162070968065791,-2.261154487709728,72
-1.3213391525866665,-2.3488874927624117,72
-1.3095649606253037,-2.3603212929658195,72
-1.3637282567509246,-2.353711091438811,72
-1.2832669477881198,-2.422047494103888,72
-1.1162070968065785,-2.261154487709728,72
-1.321339152586664,-2.3488874927624157,72
-1.3095649606253037,-2.36032129296582,72
-1.3637282567509244,-2.3537110914388104,72
-1.2832669477881202,-2.422047494103886,72
-1.134542589352197,-2.264898632797191,72
-1.3434164698517135,-2.2939089296900335,72
-1.2712320188300241,-2.2917718055153298,72
-1.277900526833722,-2.366826397894296,72
-1.2473562659422681,-2.356033641814723,72
-1.1345425893521974,-2.264898632797191,72
-1.343416469851714,-2.293908929690031,72
-1.271232018830024,-2.2917718055153293,72
-1.2779005268337218,-2.366826397894296,72
-1.2473562659422686,-2.356033641814724,72
1.4206198173666478,0.6351848075771668,35
1.4962158330639408,0.5856066752394894,35
1.3698653849875007,0.5901780151387708,35
1.232531621446862,0.4812435372505389,35
1.4326097688914856,0.5540335819578118,35
1.4331510424173726,0.34065388884907355,35
1.661900007676981,0.6986644545665192,35
1.7219001696293035,0.6910054370515882,35
1.4093119510274779,0.48234326071083017,35
1.3055356583912074,0.3545135875573137,35
1.420619817366647,0.6351848075771661,35
1.496215833063945,0.5856066752394613,35
1.3698653849875004,0.59017801513877,35
1.2325316214468613,0.4812435372505392,35
1.4326097688914878,0.5540335819578089,35
1.4331510424175475,0.340653888848557,35
1.661900007680042,0.6986644545518746,35
1.7219001702216368,0.691005435446817,35
1.4093119510274406,0.4823432607109274,35
1.305535658391223,0.35451358755727674,35
-1.108679203525194,-2.669242206489881,71
-1.1137004734096618,-2.7315411406230243,71
-1.1336844271731983,-2.785034323390613,71
-1.1049221660305855,-2.7424660427564014,71
-1.1086792035251942,-2.6692422064898795,71
-1.113700473409663,-2.7315411406230217,71
-1.133684427173201,-2.7850343233906143,71
-1.1049221660305861,-2.742466042756402,71
2.578649364977442,0.934076639945732,20
2.3748409440280396,0.902505268971702,20
2.4886724118387042,0.8466598380460882,20
2.425509733365107,1.285144454816737,20
2.298260757306716,0.6735913386039255,20
2.578298206001525,0.7345393773050968,20
2.3820630623030565,0.660789098602528,20
2.4176844013929797,0.5638953840763263,20
2.3689500700480997,0.6573197088930726,20
2.204399987717055,0.4352180034244366,20
-0.9687781516720104,-2.6205252942867814,71
-1.140507235885704,-2.774571976504233,71
-1.113193168537707,-2.6862469967340092,71
-1.1355342876543584,-2.766163647429547,71
-1.0815205605572935,-2.798794541285735,71
-0.9687781516720102,-2.620525294286782,71
-1.1405072358857022,-2.774571976504233,71
-1.113193168537706,-2.686246996734008,71
-1.1355342876543584,-2.7661636474295475,71
-1.0815205605572937,-2.798794541285735,71
-1.8765559150450646,-1.8579897791934665,74
-1.941880851823368,-1.9274360003282662,74
-1.9802270238872695,-1.9048748852097361,74
-1.8961178039222648,-1.9038068391480252,74
-1.8765559150284972,-1.8579897792048383,74
-1.9418808518219313,-1.927436000329169,74
-1.980227023885373,-1.9048748852110284,74
-1.8961178039226096,-1.903806839147801,74
0.6785689392152007,2.34522809660932,27
0.6468871435747082,2.2595972625059133,27
0.6612037278010937,2.287235648405014,27
0.709320606126995,2.2767087080157045,27
0.46052870988024674,1.902561098127272,27
0.7204551242422752,2.314497637516714,27
0.6544485314760025,2.213647313547682,27
0.5920053744505356,2.234659154200354,27
0.5805840490883506,2.1722322033837145,27
0.4149963119910275,1.9435496372689471,27
-1.5921046118240227,-1.9693873226907197,74
-1.9224734831050956,-1.9660050048954858,74
-1.9544183171934322,-1.9590205355882269,74
-1.963068655131797,-1.923570130497174,74
-1.967420938464036,-2.0473610830945717,74
-1.5921046121539693,-1.9693873224180234,74
-1.9224734831039343,-1.9660050048961781,74
-1.9544183171953646,-1.959020535587065,74
-1.963068655134698,-1.923570130495281,74
-1.9674209384608956,-2.0473610830963462,74
-1.6755152241732063,-1.9225483990333787,74
-2.111938558262178,-1.9997884330673261,74
-2.0731076319149926,-1.9882995154213199,74
-2.114060040305063,-2.029299512050074,74
-2.0102932420288457,-2.0110398412499806,74
-1.6755152241130915,-1.922548399081517,74
-2.111938558261972,-1.9997884330674858,74
-2.07310763191066,-1.9882995154243588,74
-2.114060040290874,-2.0292995120610944,74
-2.010293242026244,-2.0110398412515873,74
0.40296145750266094,1.8359072358467678,27
0.48746567757470993,1.6779629662775402,27
0.37964448545523555,1.871694277914458,27
0.3268946696814052,1.5182305662804916,27
0.36355751080332643,1.7070958944763739,27
0.41762128781480184,1.5524839484127144,27
0.5733225368489552,2.1515209368261092,27
0.538854453720274,1.8789496493454798,27
0.36560545892425894,1.7368554777475365,27
0.3013438877513574,1.3257532345545529,27
0.40296145750256934,1.835907235846741,27
0.48746567757471676,1.6779629662775408,27
0.37964448545784124,1.871694277915102,27
0.32689466968140535,1.5182305662804911,27
0.36355751080333193,1.7070958944763748,27
0.4176212878148017,1.5524839484127144,27
0.5733226371929112,2.151520952976581,27
0.5388544536407534,1.8789496493184434,27
0.3656054589242963,1.736855477747545,27
0.3013438877513577,1.3257532345545542,27
-1.3837730184722297,-2.5651764576851717,73
-1.4028761153936817,-2.6320008231280525,73
-1.4266606109080475,-2.7299130949480066,73
-1.3961275826380208,-2.6449868288084315,73
-1.3837730148854197,-2.5651764601244267,73
-1.4028761163034735,-2.6320008225035454,73
-1.4266599870488774,-2.7299134947109045,73
-1.396127537936888,-2.6449868594685393,73
1.5089830417046683,2.60532901498929,23
1.4714293219805652,2.719268625694613,23
1.4820121432061766,2.6793506196350787,23
1.5132673125373022,2.6866526935208963,23
1.4012819729148758,2.5193062770071335,23
1.557722235686993,2.651518736175443,23
1.523718490589054,2.690331958209281,23
1.4876847995808082,2.699350732832977,23
1.4926620375391577,2.6667512892564402,23
1.3872837380275729,2.6054917835256752,23
-1.2408539231538658,-2.5903472058244983,73
-1.3747697431671744,-2.668803815211497,73
-1.3983338775240364,-2.5534751237707027,73
-1.4140598069022468,-2.665617110013705,73
-1.3435050983476737,-2.690031889012454,73
-1.240853923151256,-2.5903472058260433,73
-1.374769745569798,-2.668803813535575,73
-1.3983338621562649,-2.5534751341273587,73
-1.4140598242159643,-2.6656170979075124,73
-1.3435050981520016,-2.6900318891461232,73
3.4518809488983004,-0.9336490842164138,39
3.6136728317768143,-1.0532737266552767,39
3.5804045322061717,-1.031703723565927,39
3.5183786261657586,-1.0119039066468196,39
3.451880948898297,-0.9336490842164228,39
3.6136728317765727,-1.053273726656256,39
3.5804045322062557,-1.0317037235655966,39
3.5183786261679333,-1.011903906638275,39
1.403331638330369,-1.8912170124864394,48
1.3764062716572005,-1.749652066693535,48
1.449625155517542,-1.7495232348798007,48
1.5206699302809716,-1.7271418966915115,48
1.334878121673847,-2.1541720453376647,48
1.458253404790793,-1.8331610739766098,48
1.3599566875529974,-1.7893398422219535,48
1.4496521874293298,-1.7528670512516724,48
1.484754180562662,-1.7764713862474946,48
1.2514391259487214,-2.0822498929330844,48
3.603718856279985,-0.9324136998839674,39
3.5469986879079163,-0.8832939370690233,39
3.620678243726998,-1.014741367363508,39
3.5729632848572264,-0.948756807866558,39
3.5798039445474164,-0.9968814342090722,39
3.60371885627953,-0.932413699885884,39
3.5469986879079167,-0.8832939370690237,39
3.6206782436682174,-1.0147413676055466,39
3.572963284857175,-0.9487568078667531,39
3.5798039445449246,-0.9968814342187114,39
3.6436844988275303,-1.0041960803918566,39
3.610446374754243,-1.0215949173446646,39
3.716067068508661,-0.9808456736386783,39
3.7887395227513525,-0.9968199601280839,39
3.674784671547167,-0.9450458369917287,39
3.643684498824804,-1.004196080403402,39
3.6104463747547135,-1.0215949173426995,39
3.716067068508641,-0.9808456736387641,39
3.788739523199496,-0.9968199581290373,39
3.674784671547195,-0.9450458369915988,39
1.3001948005716453,-1.877073063642017,48
1.2096579180765126,-2.0934210672250373,48
1.2866336452276397,-1.679739622655201,48
1.253258133694709,-1.9342371147079045,48
1.3871010565132373,-1.6888651487796076,48
1.2822387202563499,-1.9365564745097337,48
1.288362949758317,-1.6423226430362077,48
1.4465707577703089,-1.7853664300592924,48
1.4149072909156963,-1.7381032916857586,48
1.2954631639343768,-1.9371660653652572,48
1.300194800571655,-1.8770730636420088,48
1.2096579180777807,-2.0934210672239284,48
1.286633645227639,-1.6797396226552004,48
1.25325813369454,-1.9342371147080515,48
1.3871010565132373,-1.6888651487796067,48
1.282238720256121,-1.9365564745099337,48
1.2883629497583169,-1.6423226430362095,48
1.4465707577703089,-1.785366430059292,48
1.4149072909156957,-1.7381032916857595,48
1.295463163933934,-1.9371660653656408,48
-1.6201935578989068,-2.665913786782702,70
-1.6369923937487056,-2.634321720385646,70
-1.679844054361241,-2.7070985744167113,70
-1.5793651427828954,-2.6182655981417007,70
-1.6201935578979076,-2.665913786783241,70
-1.6369923937492326,-2.6343217203853677,70
-1.6798440543241955,-2.707098574436464,70
-1.5793651427828868,-2.618265598141706,70
0.8509994599291744,0.42381949208330255,37
0.8279511934642596,0.42891855058418465,37
0.851677415199751,0.4314118185506596,37
0.8502063588520032,0.5034119118838359,37
0.784724383370726,0.4109790577101211,37
0.8696369304403552,0.4070184291005188,37
0.8612394802000503,0.41646146846004534,37
0.7818172193848719,0.372935035164989,37
0.8298217561239923,0.46268439397400113,37
0.749487326571908,0.3636660195136665,37
-1.3342181694411972,-2.52740482520528,70
-1.5944695286905108,-2.7355672241489977,70
-1.5846641348727084,-2.683946018209404,70
-1.6458511025866844,-2.7208607012604036,70
-1.5312601394564718,-2.702988915774888,70
-1.3342181694411965,-2.527404825205279,70
-1.5944695286851884,-2.7355672241518345,70
-1.5846641348803925,-2.6839460182051225,70
-1.645851102607582,-2.7208607012489514,70
-1.5312601394540977,-2.7029889157762734,70
-1.341735747382364,-2.770006249015297,70
-1.6307887597342396,-2.661532751775083,70
-1.5043609747342326,-2.692480235098999,70
-1.5070594920162796,-2.691850998234057,70
-1.475194896704167,-2.697955320842205,70
-1.3417357473823628,-2.7700062490152946,70
-1.6307887597335775,-2.661532751775448,70
-1.504360974734123,-2.6924802350990644,70
-1.50705949201627,-2.691850998234061,70
-1.4751948967041693,-2.697955320842202,70
0.7548229671728793,0.2976001474321601,37
0.7117687050935245,0.29311267323312734,37
0.6919303503428943,0.33163441468721205,37
0.6303911543166755,0.31770657937680924,37
0.794648625671384,0.2883879275726632,37
0.7072109877325939,0.2412383595260877,37
0.859483254209458,0.3105807195430548,37
0.8297818265224421,0.3603237062878984,37
0.7558099756770456,0.261681916074301,37
0.7020735131054586,0.25475285842014217,37
0.7548229671728789,0.29760014743216046,37
0.7117687050935247,0.2931126732331272,37
0.6919303503428941,0.33163441468721194,37
0.6303911543166758,0.31770657937680896,37
0.794648625671384,0.2883879275726631,37
0.7072109877325939,0.24123835952608763,37
0.859483254209458,0.31058071954305494,37
0.8297818265224426,0.36032370628789817,37
0.7558099756770459,0.2616819160743008,37
0.7020735131054586,0.25475285842014217,37
-1.3655053749940527,-2.950195149826472,69
-1.376617394547425,-2.933132536626099,69
-1.436475826384263,-2.967100435949245,69
-1.3453311191363153,-2.9347119541790603,69
-1.3655053749940516,-2.9501951498264747,69
-1.3766173945474247,-2.9331325366261,69
-1.4364758263842639,-2.9671004359492463,69
-1.345331119136315,-2.9347119541790625,69
1.5606518411225538,0.30646041738186475,19
1.5096683342779977,0.2668011821730784,19
1.5278040111651507,0.2529513421461017,19
1.5376612018978915,0.33098068071915865,19
1.454697640018092,0.2381646459434183,19
1.5285417863622583,0.2876847674647166,19
1.5345427150193285,0.24481529491412962,19
1.4645078524637618,0.21917658918488017,19
1.4881832510122364,0.26223932889492424,19
1.4131715414072,0.14919649784463201,19
-1.2145899783267156,-2.85759088336305,69
-1.384835229414065,-2.9655726654277084,69
-1.3630525318378315,-2.909504501212045,69
-1.406388523028705,-2.96834449643197,69
-1.30928277134734,-2.8718483532121626,69
-1.2145899783267156,-2.85759088336305,69
-1.384835229414063,-2.9655726654277075,69
-1.3630525318378308,-2.909504501212042,69
-1.4063885230287054,-2.9683444964319707,69
-1.3092827713473385,-2.8718483532121635,69
-2.515215737467236,-1.7287172303574925,76
-2.637400724057967,-1.7721930084720137,76
-2.5162656410549777,-1.7866443621448946,76
-2.604919125050082,-1.7346123005463208,76
-2.515215735477455,-1.7287172324734033,76
-2.6374007994858832,-1.7721929242318877,76
-2.5162643564170644,-1.7866458114600956,76
-2.6049191426273186,-1.7346122820963779,76
-0.4002862531976158,1.7519375397611108,29
-0.4931333319504104,1.7834187590397528,29
-0.47888678312530514,1.7798889566928648,29
-0.5225199665593698,1.8633222445905462,29
-0.44531978146497636,1.6364983506445283,29
-0.3807424569288159,1.801351693217132,29
-0.4152877136321222,1.8122607928852261,29
-0.3868292495652597,1.6779650832310484,29
-0.5213661776155234,1.861343322214599,29
-0.3845417925656432,1.6024633219933313,29
-2.0972027836911487,-1.7095112670876598,76
-2.4011087299850518,-1.8577432595025465,76
-2.6922350966651716,-1.7762965121834653,76
-2.5054002355967313,-1.7674002866906933,76
-2.5211462293881195,-1.8647555268024993,76
-2.097202783697271,-1.709511267081685,76
-2.4011104555191616,-1.8577413218201966,76
-2.692235096734264,-1.77629651209512,76
-2.505400200654598,-1.7674003248752155,76
-2.5211514040335268,-1.8647491566927286,76
-2.2058327383591387,-1.8047454916892127,76
-2.5683202997185273,-1.8025986168347699,76
-2.6956732169993587,-1.8012657311986804,76
-2.454083439347265,-1.8735301423886659,76
-2.4402661741812572,-1.8775675665836793,76
-2.205832685408134,-1.804745548642149,76
-2.568320291997875,-1.8025986252324253,76
-2.695673133329784,-1.8012658345688985,76
-2.4540825756206583,-1.873531154425649,76
-2.4402661197360254,-1.8775676304695312,76
-0.39704327153488667,1.5833256107290454,29
-0.31248037675610646,1.5124016022044255,29
-0.4232692384857383,1.576980825012266,29
-0.39760417365315776,1.4907220595951296,29
-0.3104520408498775,1.4587750605608378,29
-0.3434512968128482,1.4233601511790737,29
-0.45936596666808993,1.6806831154569228,29
-0.4062362596429818,1.679903161791666,29
-0.34572986006337825,1.452353856295874,29
-0.32992001165417073,1.362413590828525,29
-0.3970432715348347,1.5833256107290283,29
-0.3124803767561095,1.5124016022044253,29
-0.42326923848573866,1.5769808250122674,29
-0.3976041736531702,1.4907220595951343,29
-0.31045204084987676,1.4587750605608387,29
-0.343451296812861,1.423360151179077,29
-0.45936596666809554,1.6806831154569284,29
-0.40623625964350235,1.6799031617917726,29
-0.34572986006337714,1.4523538562958722,29
-0.32992001165417334,1.362413590828527,29
-2.199398796340099,-2.3160095371133007,75
-2.234448272082963,-2.34306687334513,75
-2.2408100306576393,-2.3761393492533673,75
-2.2237952763558577,-2.3813931966617212,75
-2.199398796325443,-2.3160095371287226,75
-2.2344482718588874,-2.343066873581254,75
-2.2408100308502825,-2.376139349047846,75
-2.2237952762916118,-2.381393196729616,75
0.7542064097876503,2.0230754810123646,23
0.6503374280405785,2.017321596832263,23
0.6909159632956777,2.04434746253019,23
0.6415828300935277,2.016363646355401,23
0.5415534123735971,1.7627494550493767,23
0.8218067259025501,2.217736079632698,23
0.8290850677779041,2.261319435258671,23
0.8362597454424878,2.210479722416654,23
0.7628469852140439,2.2231641606193424,23
0.6913409459131662,2.0786693470382462,23
-2.025502865256597,-2.1761777987573776,75
-2.15382623856787,-2.3588621187266696,75
-2.2158677984343025,-2.2735619156984637,75
-2.211766758868127,-2.3169687636498,75
-2.1392790500919348,-2.270746326896225,75
-2.025502865257153,-2.1761777987569637,75
-2.1538262385666136,-2.3588621187279095,75
-2.2158677984489596,-2.273561915683344,75
-2.2117667588837078,-2.3169687636334264,75
-2.13927905009636,-2.270746326891724,75
-1.3815088929313464,-2.131815855701951,72
-1.4043829951993618,-2.230925874738052,72
-1.4313514862403203,-2.274759581428164,72
-1.367995023465268,-2.2188118989458245,72
-1.381508892931347,-2.1318158557019533,72
-1.4043829951993625,-2.230925874738053,72
-1.4313514862403203,-2.2747595814281625,72
-1.3679950234652696,-2.2188118989458245,72
1.3047675436672548,1.1134649485326296,35
1.2958073291730448,1.118355134012509,35
1.3473287330594523,1.1905025019786495,35
1.3690375258845409,1.241229952486918,35
1.1993523933482324,0.9820470080897846,35
1.24824409937677,0.9796217397578049,35
1.3039345450251956,0.9999103634827297,35
1.1851412842537632,0.9110344192491799,35
1.314909623199553,1.0716652203335288,35
1.0341164538191925,0.7817957066974305,35
-1.1915790107280677,-2.168295483328638,72
-1.3926831652472405,-2.2857335780069046,72
-1.3921476689029004,-2.24751122388981,72
-1.442904162196653,-2.2937003138202856,72
-1.3728728687097445,-2.3135620836146895,72
-1.1915790107280677,-2.16829548332864,72
-1.3926831652472396,-2.285733578006905,72
-1.3921476689029026,-2.2475112238898087,72
-1.4429041621966547,-2.2937003138202856,72
-1.372872868709744,-2.313562083614689,72
-1.1968060077489349,-2.1403745679385153,72
-1.3994464222827816,-2.2196458084666424,72
-1.3422637700000508,-2.18293610189221,72
-1.3410662853199053,-2.2737113831542617,72
-1.3346396934633733,-2.236627653997161,72
-1.1968060077489358,-2.1403745679385158,72
-1.3994464222827818,-2.2196458084666424,72
-1.342263770000051,-2.1829361018922095,72
-1.3410662853199034,-2.2737113831542604,72
-1.334639693463373,-2.236627653997161,72
1.002842418483536,0.727148560513147,35
1.1132117910551014,0.653027680607162,35
0.9423058808323347,0.765489512882067,35
0.9010466204245557,0.5686126064582985,35
1.0281448673589324,0.6689993492514866,35
0.9631031203418374,0.5055536555701332,35
1.2375719278880075,0.8271460222780267,35
1.2919296815783432,0.8713437445948441,35
0.9650541838987486,0.6305379590683533,35
0.9517800051868148,0.4986570590479234,35
1.0028424184835367,0.7271485605131482,35
1.1132117910551016,0.6530276806071615,35
0.9423058808323341,0.7654895128820673,35
0.9010466204245562,0.5686126064582988,35
1.0281448673589317,0.6689993492514872,35
0.9631031203418374,0.505553655570133,35
1.237571927888209,0.827146022277664,35
1.2919296816082995,0.8713437445245034,35
0.9650541838987489,0.6305379590683536,35
0.9517800051868156,0.4986570590479232,35
-1.2116301853404001,-2.652392883679366,71
-1.199948664430888,-2.661029220022842,71
-1.2323253013946815,-2.7283739537855967,71
-1.183765035182544,-2.7094781684457714,71
-1.211630185340401,-2.652392883679366,71
-1.1999486644308872,-2.6610292200228405,71
-1.2323253013946827,-2.728373953785596,71
-1.1837650351825437,-2.7094781684457705,71
1.9500335990832973,1.3230484204080712,20
1.8492927303740136,1.2600910690545544,20
1.9167571750552386,1.2703979831097119,20
1.90563303848181,1.4215611335197311,20
1.79003302104332,0.9634048026720097,20
1.9277227055572181,0.9702794505527744,20
1.893083008733264,1.0097656710950746,20
1.8577310544630534,0.8295138174800569,20
1.8823198541258224,1.0717026131165996,20
1.7204074731531045,0.7113719630742424,20
-1.0792648895224948,-2.5693927867637543,71
-1.2207932054846344,-2.74012880236729,71
-1.1879154008804886,-2.6303052021760323,71
-1.218779395371672,-2.726021771384426,71
-1.1521915976877817,-2.7379914183650054,71
-1.0792648895224952,-2.569392786763756,71
-1.2207932054846353,-2.7401288023672903,71
-1.1879154008804882,-2.630305202176032,71
-1.218779395371671,-2.726021771384427,71
-1.1521915976877817,-2.737991418365005,71
-1.9754916417138992,-1.7432729097470672,74
-2.0416345101143563,-1.7975744782887295,74
-2.0734161500248582,-1.8161953011420509,74
-2.0210555114811672,-1.7839203914832895,74
-1.9754916417135597,-1.7432729097473878,74
-2.0416345101123845,-1.7975744782904397,74
-2.0734161500255754,-1.8161953011414176,74
-2.021055511484161,-1.7839203914806958,74
0.20952980195354123,1.912404823904572,27
0.1717454761009554,1.8687932470071673,27
0.1898503316721714,1.9007571928097906,27
0.20726500980881113,1.9231241679944473,27
0.13136052543019153,1.6746462007362015,27
0.2340254372706305,1.9322480271639235,27
0.20298840376426228,1.9132347013915527,27
0.15793149817128954,1.8898048023321865,27
0.1522195920806271,1.921090666351552,27
0.09490933561517113,1.682705927306514,27
-1.7108734639300047,-1.790006621580601,74
-1.9758384493149246,-1.8451618071662388,74
-2.0458849167214668,-1.8418740150990087,74
-2.029922494818785,-1.8095820954601771,74
-2.0448930696549565,-1.9095175185690962,74
-1.7108734639300163,-1.7900066215805894,74
-1.975838449315042,-1.845161807166155,74
-2.0458849167201913,-1.8418740151000326,74
-2.029922494819112,-1.8095820954599062,74
-2.0448930696550187,-1.9095175185690456,74
-1.778225813557031,-1.7728464664124322,74
-2.1707588932791304,-1.9048686492126514,74
-2.122306132178529,-1.8721725951737054,74
-2.133417478420657,-1.909510706321083,74
-2.064436377554337,-1.8944319646747327,74
-1.7782258135571871,-1.772846466412298,74
-2.170758893275108,-1.9048686492163291,74
-2.122306132178101,-1.8721725951740646,74
-2.1334174784209647,-1.9095107063208165,74
-2.064436377554219,-1.8944319646748222,74
0.11599628592247933,1.5979962088950654,27
0.22222178667156187,1.43727237897629,27
0.07940917959816418,1.633923252340447,27
0.1383384456128411,1.3264794619586753,27
0.09699905050087335,1.5287425693692052,27
0.11931739096164043,1.3157452174713367,27
0.13711007257995425,1.8098452781554408,27
0.16422065275941436,1.66921952720187,27
0.05466723239919238,1.5168837921041614,27
0.08147417240359921,1.2062450890636733,27
0.11599628592247917,1.5979962088950668,27
0.22222178667156178,1.43727237897629,27
0.07940917959816518,1.6339232523404497,27
0.1383384456128412,1.326479461958675,27
0.09699905050086771,1.5287425693692094,27
0.11931739096164039,1.3157452174713378,27
0.13711007257994456,1.8098452781554377,27
0.16422065275941505,1.6692195272018693,27
0.05466723239919251,1.5168837921041602,27
0.08147417240359929,1.2062450890636738,27
-1.6203396018507603,-2.4187399759145287,73
-1.6120744336967163,-2.4692132855963105,73
-1.7856411090007496,-2.514559147007406,73
-1.6121818679255866,-2.4908114251223292,73
-1.6203404321544834,-2.4187394477023405,73
-1.612074429913411,-2.4692132877128112,73
-1.7856418058431265,-2.5145587381008463,73
-1.6121818548290805,-2.4908114322895276,73
1.1786066063822225,2.409114408562968,23
1.0988023250589272,2.436212381932769,23
1.123617424956666,2.4074720091276363,23
1.1389323721464346,2.3991291465856266,23
1.0322894530008995,2.2166145356679934,23
1.2161674908824724,2.4736158100925913,23
1.1547740976385499,2.448569014180658,23
1.1170365411833036,2.4610757145061566,23
1.131312727959558,2.3915325295682033,23
1.0240568117882929,2.304438680007017,23
-1.42450253329988,-2.4229892603248566,73
-1.5944245759522104,-2.496587699252923,73
-1.6200421464384112,-2.3819049573336537,73
-1.6812544902319975,-2.479482378581113,73
-1.539296965953475,-2.507408452544856,73
-1.4245024914162432,-2.4229892910006385,73
-1.5944246247012588,-2.4965876720083218,73
-1.6200417536875131,-2.3819052566531402,73
-1.6812548424743916,-2.4794822001082495,73
-1.5392969397200873,-2.507408468284056,73
3.3931525689461988,-0.9573175517385476,39
3.54300761224154,-1.0591980869556281,39
3.5530321863237138,-1.0588961701819177,39
3.4539808623348764,-0.9831690641397656,39
3.3931525689461997,-0.9573175517385472,39
3.543007612241479,-1.0591980869558768,39
3.5530321863227257,-1.0588961701858748,39
3.453980862334878,-0.98316906413976,39
1.1978405541021204,-1.9452287022398238,48
1.3043431351844643,-1.7395952617075188,48
1.3264590307348376,-1.774103511071011,48
1.401742881721419,-1.6920321415597477,48
1.1742588125912334,-2.0913660460288384,48
1.2463971427682046,-1.857240157172699,48
1.2463680407295137,-1.7690419514328297,48
1.3185085597946888,-1.7455301166103454,48
1.3479644315696875,-1.7437777631300666,48
1.1619578113294262,-2.0237352073361925,48
3.6186472372123157,-0.946667014753401,39
3.4798466480768546,-0.9049841936708314,39
3.5542900698937245,-0.9952213211676801,39
3.578364345129392,-0.9727924326723065,39
3.549255824721198,-0.9661834073441261,39
3.618647237212293,-0.9466670147534914,39
3.479846648076853,-0.9049841936708388,39
3.5542900698938835,-0.995221321166985,39
3.5783643451293954,-0.9727924326722733,39
3.5492558247211976,-0.9661834073441329,39
3.6589878053859035,-1.0516954905950677,39
3.569546127521966,-1.0294029356864216,39
3.6515095301818126,-1.0271227148514985,39
3.763473174760712,-1.0434501869863497,39
3.659917862553938,-0.9660812401103757,39
3.658987805385212,-1.0516954905978697,39
3.569546127530077,-1.0294029356553955,39
3.65150953017838,-1.0271227148659512,39
3.7634731747601666,-1.043450186988638,39
3.659917861361869,-0.9660812453652127,39
1.136728239102561,-1.8790778378220097,48
1.1426233670880594,-2.075236427111258,48
1.1508370238108638,-1.6710223242636955,48
1.187590712195236,-1.8640951962551588,48
1.2710487040631253,-1.7111926527304857,48
1.2061916711103053,-1.9044025412193388,48
1.1372513541037639,-1.6510811002274626,48
1.3509797494269982,-1.7237620443914037,48
1.235512145386891,-1.7326627611592185,48
1.2090838769662022,-1.8380686584016879,48
1.136728239102561,-1.8790778378220094,48
1.1426233670874912,-2.075236427111765,48
1.1508370238108634,-1.6710223242636952,48
1.1875907121952245,-1.8640951962551688,48
1.2710487040631253,-1.7111926527304855,48
1.2061916711102916,-1.9044025412193504,48
1.1372513541037632,-1.6510811002274628,48
1.3509797494269973,-1.7237620443914052,48
1.2355121453868902,-1.7326627611592174,48
1.2090838769661918,-1.838068658401693,48
-0.07092433789409644,0.8768173360157979,32
-0.12374339233209694,0.9055137116705565,32
-0.10792092415931695,0.897023721577368,32
-0.126476248785977,1.0002308550514647,32
-0.1130834802703015,0.8586034783765709,32
-0.08119607271123017,0.90533858625688,32
-0.06086668957924663,0.885310986550401,32
-0.11111303321051898,0.8319495096041495,32
-0.17282462209868438,0.9695460511344223,32
-0.0664783414806087,0.7708350165355723,32
-2.1337554358848663,-0.9934793298510282,80
-2.133755435885171,-0.9934793298505039,80
-2.324307770075042,-0.9183478430429104,80
-2.324307770081371,-0.9183478430327224,80
-0.09216737176366706,0.7449324675645326,32
-0.08694873303518498,0.6650389003395762,32
-0.09216737176366706,0.7449324675645327,32
-0.08694873303518491,0.6650389003395767,32
0.7126683096068955,0.7813286661233068,15
0.6992644673507193,0.8043231668041384,15
0.7173658381766175,0.8191357822018674,15
0.7508360297382461,0.9209688329456213,15
0.698302272964229,0.7507626023228142,15
0.6845220886064207,0.7787828014768979,15
0.7413303980913043,0.7356385569465375,15
0.718382400493715,0.6904315939980619,15
0.6590632002433324,0.7943551417693225,15
0.7005770691705842,0.6108265862767811,15
-2.004936965134613,-1.6319333684111208,80
-2.004936965211115,-1.6319333683239343,80
-1.0102475111641402,1.986004514810018,25
-1.0216394205294388,2.002267422863557,25
-1.0626303331713471,2.055686006931982,25
-1.0971734583210457,2.1347391072831883,25
-0.9478028170325411,1.9078686655808297,25
-1.0119108302065412,2.104442684597251,25
-0.9778847566772552,2.0172192894236733,25
-1.0194164333507199,2.0253870728661165,25
-1.0753722460423942,2.100595749850797,25
-0.9138084451870105,1.9109424418934233,25
-2.640132912078577,0.14218094612344243,84
-2.6401329120785784,0.1421809461234373,84
-2.697783468340478,0.2875640724560383,84
-2.697783468340478,0.2875640724560383,84
-1.0488154206322544,1.8319226340913382,25
-0.9150697122611295,1.7050534311450565,25
-1.0488154206322553,1.8319226340913388,25
-0.9150697122611295,1.7050534311450565,25
-0.060346243660811795,1.9907543014464741,21
-0.13468914220480568,2.080738794860151,21
-0.06266325587532424,2.1617193299805293,21
-0.062072711945713684,2.1778889677656172,21
0.03255083810370291,1.9490723874520328,21
-0.0681495474714534,2.2478634937832864,21
-0.031749195716199004,2.1817547491161404,21
-0.07070277193396896,2.24496026757756,21
-0.0696611698150082,2.2298855564830804,21
-0.049631126257987525,2.0748952715394915,21
-2.6511260475020824,-0.4537219470101227,83
-2.6511260475020824,-0.4537219470101227,83
0.15667354041431997,1.3498346721376784,30
0.1313734907168612,1.4768030404534656,30
0.19914919912586806,1.4814661891486198,30
0.2384444062192744,1.5075973580654278,30
0.10905465438600762,1.2846203599393982,30
0.15173155593959337,1.2589631366357472,30
0.1399936178667649,1.3473057525438399,30
0.07304897840733358,1.2098229813851713,30
0.08546173047032758,1.3617375215663272,30
0.07129008951950312,1.1402193142596047,30
-2.0230556786396203,-1.067498630322635,78
-2.0230556845740635,-1.0674986204690566,78
-1.943442582428071,-0.8912844430616174,78
-1.9434425825770172,-0.8912844427358194,78
0.04666455798411496,1.055550855176551,30
0.11298813776274565,1.0440779186248754,30
0.046664557984114986,1.0555508551765507,30
0.11298813776274569,1.0440779186248745,30
1.1008199533622813,1.6705591789459107,20
1.056393219783254,1.737715126203591,20
1.0839263167871633,1.7612497372518459,20
1.140993199432383,1.760445161444687,20
1.081932632810712,1.4625603709518598,20
1.0269385148797032,1.523573649766335,20
1.0786005833287913,1.5636019841340703,20
1.078822910739809,1.474289072787282,20
1.0318550598534704,1.5556153016868792,20
1.0497054587479089,1.2562715477754256,20
-1.638275193366266,-1.8562568785973232,77
-1.6382751932780288,-1.8562568786872835,77
-0.5373992455606255,2.1679608657870264,24
-0.5370061351894411,2.1560203070444537,24
-0.5497028526779908,2.231003939114836,24
-0.4611707627610613,2.1716262350546103,24
-0.47925183202716165,2.049961191627551,24
-0.49762154049893254,2.234415054371565,24
-0.5041009715381806,2.155191479140507,24
-0.559032653320589,2.1451105387762035,24
-0.538629522610285,2.14585883727494,24
-0.5551272391793932,2.0682185065267933,24
-2.68989673076296,-0.026114077395168144,88
-2.689896730707289,-0.02611407642505123,88
-2.6766065919946027,0.24442003615094468,88
-2.676606591994604,0.24442003615095348,88
-0.6282194958839442,1.9198846452873208,24
-0.4631647813123075,1.6870172286879912,24
-0.6282194958839443,1.9198846452873204,24
-0.463164781312307,1.68701722868799,24
0.47998244200241674,2.4135986330783052,22
0.459689758600933,2.5700256806419577,22
0.5132913099087868,2.5557428612810735,22
0.5320492951669555,2.5426647874708586,22
0.5247809661762185,2.398898381996916,22
0.5034711200875427,2.5322761479437017,22
0.47361406829452407,2.506771058885852,22
0.4684945329884906,2.5469010666613374,22
0.4521816165102238,2.4987316923952876,22
0.4208149723093808,2.4199263339280512,22
-2.600170307115687,-0.7848527795285719,87
-2.6001703095865825,-0.7848527714321617,87
1.0368574111680782,-1.6353817867777158,50
0.9528621670830207,-1.653548618102246,50
1.0759201390390598,-1.612688232849063,50
1.0505272213236523,-1.6757973150669299,50
0.935631350993285,-2.0236163959721685,50
0.9195866449913185,-1.7152857552962681,50
0.8400085673179324,-1.859038217410141,50
0.9553830201690009,-1.819971783669924,50
0.9051309909957618,-1.8721364688422553,50
0.8567374771814169,-2.106548169761056,50
3.554531299069927,-0.8420641913320774,38
3.5545312990952023,-0.8420641912513429,38
3.5268765773919823,-0.8574848950116929,38
-2.207467088153265,2.811373336699875,38
0.9696367180357608,-1.7119022805250366,50
0.948321493879595,-1.9649366344880794,50
0.9696367180357619,-1.7119022805250363,50
0.9483214938799092,-1.9649366344877928,50
-0.20227805713592667,0.9542886525323687,32
-0.2885284050824185,0.9649295799340801,32
-0.23960727559179634,0.9793026869088951,32
-0.2583947150641448,1.0327154301124506,32
-0.22169600949606447,0.9345484102717782,32
-0.22764915161914,0.9553773318107159,32
-0.24377986802391566,0.9579543659097931,32
-0.2875929526266331,0.9376574544332331,32
-0.34639506172446194,1.023934549512243,32
-0.26693079893209876,0.8950909168812459,32
-2.460303543715611,-0.6535947997118972,80
-2.4603035389404098,-0.6535948276504232,80
-2.697532518646657,-0.4984159919537541,80
-2.697532842885319,-0.4984142697874687,80
-0.19278319910443323,0.8230190512560711,32
-0.15495437579953208,0.7724450685435258,32
-0.19278319910443323,0.8230190512560709,32
-0.1549543757995322,0.7724450685435257,32
0.6848680051845362,0.8837197945464718,15
0.5119602238438006,0.9153658742215154,15
0.6300432932783422,0.9146948299937336,15
0.5726754940631686,1.0256843459572431,15
0.5835794671243674,0.8931597681813771,15
0.5643963535076896,0.8655566115880187,15
0.460295306186547,0.8728545026092471,15
0.46127561471041423,0.8243205506184496,15
0.3392670615652247,0.9692218128424931,15
0.4386471569949263,0.7939705304678956,15
-2.2013138796414435,-1.2952285619406325,80
-2.201313850325891,-1.2952286005013574,80
-1.2325704761541743,2.129529253173378,25
-1.2738198690175269,2.1196322043603275,25
-1.2947690810950552,2.202310825739439,25
-1.259447948030756,2.1743886938254735,25
-1.1550544460886685,1.9838212351669091,25
-1.2565514327277005,2.2576775284039874,25
-1.1946031077984545,2.111394262785988,25
-1.2710057540908084,2.1763179708795373,25
-1.2825697563804184,2.1981798831112527,25
-1.1503343048355883,2.0288048526430695,25
-2.8220814339240556,0.5163782287949691,84
-2.8220814339240587,0.5163782287949644,84
-2.9565576838143497,0.6780242012804308,84
-2.95655768381435,0.6780242012804315,84
-1.171771766237402,1.9517736699608852,25
-1.043574928769102,1.8168357481570916,25
-1.1717717662374019,1.9517736699608856,25
-1.0435749287691027,1.8168357481570934,25
-0.3190426084685676,2.3185003180564294,21
-0.37428655571245834,2.331250826961586,21
-0.34370567573755784,2.467089816932821,21
-0.3043564682520882,2.4063323384928124,21
-0.25858804491787724,2.2216331744311373,21
-0.34077598111066515,2.4574954400614977,21
-0.296362348605929,2.41501476565602,21
-0.33995221158089833,2.5243547914062616,21
-0.330014540244765,2.4671225599565103,21
-0.33072829937844817,2.343955139598108,21
-2.8211582990692365,-0.22808436106985377,83
-2.8211582990692388,-0.22808436106978222,83
0.00367744587445394,1.5566660358394904,30
-0.08387340257457962,1.50433261620843,30
-0.0018652007348530055,1.6233493754482289,30
0.08360052893664423,1.586517652922454,30
-0.05444656262443838,1.3784789700678202,30
-0.053645556523593846,1.3874846119821866,30
-0.10358441919565295,1.4228309270191564,30
-0.1412329249138781,1.348176569481799,30
-0.12107505928547029,1.4601207600383708,30
-0.1372225551469941,1.2525792978043706,30
-2.454400437401808,-0.49650542830687006,78
-2.4544004215057766,-0.4965054685893061,78
-2.4119678285520565,-0.3664247173902791,78
-2.411967837623989,-0.3664246952584837,78
-0.08642579828854947,1.1697520369278835,30
-0.028973625246061046,1.1373012653889059,30
-0.08642579828854968,1.1697520369278844,30
-0.028973625246061015,1.1373012653889059,30
0.975225683503885,1.8796936190476177,20
0.8849450125271956,1.8977931518879099,20
0.9790875907296093,1.9998631961148599,20
0.9625258603872479,1.9054282063821588,20
0.8722776428561247,1.7418178198116,20
0.8435276207303093,1.7345065434934475,20
0.8217844241503488,1.7604195344774096,20
0.8332861077892109,1.8006877973398445,20
0.8054194959438842,1.764227036376132,20
0.7558039534647213,1.6733130850892992,20
-2.1128130156844436,-1.526816337168321,77
-2.112811767012677,-1.5268177881840375,77
-0.677766837294474,2.3147308732215883,24
-0.7771774255719107,2.2120105211421857,24
-0.7472212839212142,2.3423298354170483,24
-0.6411880833075666,2.2364681252198757,24
-0.67233862147385,2.0879860431327195,24
-0.7254895022027125,2.334835552228164,24
-0.744694518446615,2.209432016860071,24
-0.8208672086429066,2.2730293248971796,24
-0.7584658892411585,2.174871856242198,24
-0.7763579504438007,2.1369168820163145,24
-3.01598896399727,0.4104579581595535,88
-3.0159889639950332,0.4104579581677909,88
-2.9703642652928917,0.6287528136634187,88
-2.9703642652929405,0.6287528136631901,88
-0.7114585510120532,2.0210785983501522,24
-0.5699373250576024,1.7897653144976577,24
-0.7114585510120532,2.0210785983501496,24
-0.5699373250576028,1.7897653144976582,24
0.3313641459178832,2.710859454541928,22
0.1967647677686492,2.6990949624718685,22
0.27501675444329315,2.767250434772902,22
0.32308384518657424,2.6843349365864886,22
0.2659983182052448,2.548773437029848,22
0.2671671442433409,2.702663001296677,22
0.23777522271675994,2.6352881090797635,22
0.2247008311271341,2.764412820037672,22
0.23231802506004282,2.645802785852266,22
0.17737396249009074,2.637680729139353,22
-2.934506288007191,-0.37728368950474944,87
-2.934506288007185,-0.3772836895055719,87
0.8865257490979246,-1.809031162767318,50
0.8111959287427338,-1.7581515604947846,50
0.915717033697017,-1.7410109668024412,50
0.9512817347968264,-1.749925277455131,50
0.8254607325669241,-2.141869681871358,50
0.8640247683854954,-1.8793858554321987,50
0.7807637838155264,-1.899470516120507,50
0.8498740766206334,-1.9090387234727668,50
0.8821662320378746,-1.8965584657572965,50
0.8186124144172866,-2.1282449916559774,50
3.4251724074723104,-0.8650241567541495,38
3.4251724074722802,-0.8650241567542316,38
3.3394959769823336,-0.9150573857827858,38
3.3394959770000114,-0.9150573857359054,38
0.8362249003449923,-1.9061225466948297,50
0.8753677028672793,-2.0069282255575773,50
0.83622490034499,-1.906122546694831,50
0.875367702867294,-2.006928225557563,50
-1.1979131477813534,1.7728197794999,33
-1.2579278512566137,1.7395839732815819,33
-1.2588519476297575,1.8093800320670022,33
-1.2330303465588297,1.8469040287135732,33
-1.2197413986891776,1.7372581186467424,33
-1.1379154228485757,1.6505855299448122,33
-1.071711172175877,1.5650357666043178,33
-1.1539287144412917,1.5774982523384893,33
-1.1853259402255372,1.662574655848849,33
-1.105153244278322,1.5037492970183775,33
-3.108435252359956,0.7130275546083237,80
-3.108435280476779,0.7130274746396068,80
-3.176552434348276,0.8059067928895155,80
-3.176552490059462,0.8059066702349258,80
-1.0548831788511273,1.3882819849368855,33
-0.9674421179727107,1.3272503878404223,33
-1.0548831788511275,1.3882819849368864,33
-0.9674421179727107,1.3272503878404218,33
0.24567580189414462,2.3171483096231067,15
0.045135547056934254,2.118139090877055,15
0.19147445679933622,2.3862995998643184,15
0.17063286032538963,2.304723458238626,15
0.0870381052129454,2.156322951306901,15
0.18128291197875884,1.964375028780263,15
1.3331779373506555e-05,1.6357137741907286,15
-0.09005531347951005,1.6483755570989556,15
-0.018681947528485433,1.723808927002141,15
-0.1909211768065172,1.3890584913828499,15
-2.716662707888765,-0.31099489781950995,80
-2.7166627075746983,-0.3109948987985718,80
-1.778572258090565,2.429647208317113,25
-1.7370323908320962,2.3751026513948914,25
-1.8073778824289528,2.4838088072534763,25
-1.766014379709753,2.4983906238152023,25
-1.7752748545488917,2.4190150782375857,25
-1.756301769701217,2.489092235642364,25
-1.6915064395871184,2.368860697474172,25
-1.7732577717994593,2.408070965371416,25
-1.7268365707858802,2.4064118138982873,25
-1.7202555024712853,2.307506160073442,25
-3.3482281502675333,1.4518336752275467,84
-3.3482281547928783,1.4518336661400528,84
-3.3555987998813968,1.570081302994745,84
-3.355598799881191,1.5700813029951342,84
-1.796153698568087,2.2516784318677794,25
-1.7455176062351014,2.1580088326358053,25
-1.7961536985680673,2.251678431867743,25
-1.7455176062351008,2.158008832635806,25
-1.0027983402256797,2.492088908256449,18
-1.1136474545085684,2.4432919394341273,18
-1.0746396819281203,2.616900830377891,18
-0.9495152665785964,2.5341533283765107,18
-0.9839363805428146,2.4019686012461228,18
-1.07774402549319,2.4556945601952767,18
-1.0366555455061814,2.5333366146218137,18
-1.1512058058133234,2.5529129125507963,18
-1.0256435575022453,2.480117835060582,18
-1.149306627319061,2.39164865757271,18
-3.00644790300941,0.7977311395748924,83
-3.0064479030094087,0.7977311395748995,83
-0.6594084299592368,2.316152122291695,31
-0.731228782337611,2.2823792751157495,31
-0.6181280679384124,2.439682460263836,31
-0.49810561080025323,2.4437723457932634,31
-0.8598706354272935,2.224172079369326,31
-0.7479677657013235,1.915015672532515,31
-0.7598378956988288,2.0048273588660876,31
-0.8557324955822154,1.860949157903886,31
-0.7677145316644813,2.011753713826728,31
-0.9038735435445125,1.8367870984192083,31
-3.0603897518629783,0.8559399069394941,78
-3.0603897518210608,0.8559399070417453,78
-3.0225718582552785,0.9782581659607221,78
-3.022571858255304,0.9782581659606583,78
-0.7559437354547696,1.5887087167930731,31
-0.6577830933705291,1.506384597048959,31
-0.75594373545477,1.5887087167930734,31
-0.657783093370531,1.506384597048959,31
0.734063585085251,2.5033175133134042,17
0.5389678797504325,2.403638110643655,17
0.6709353025532373,2.5151898467084535,17
0.6554122130982951,2.4119557402689287,17
0.5604030934762021,2.3595202992729116,17
0.5205774709250882,2.0257738785502046,17
0.5080969900614752,2.120080539603628,17
0.5038888968022289,2.0932668296262387,17
0.4492489763001929,2.0457691049467828,17
0.34696287831446465,1.9879570491759588,17
-2.915220659023864,-0.14824793058829236,77
-2.915220661802989,-0.14824787444540088,77
-1.2873805207961277,2.59525436067567,24
-1.2279755723177244,2.5333087641435,24
-1.2735571145204088,2.653033452663905,24
-1.2018276310574538,2.6043024703771644,24
-1.3359259899375788,2.4831632335377094,24
-1.2770092415870329,2.553179600639584,24
-1.2600660799228534,2.493286180035153,24
-1.3213481799358449,2.5258812217489925,24
-1.279292272834934,2.457288751003048,24
-1.3819501957077018,2.3858040206888105,24
-3.498746547604264,1.352857341712427,88
-3.4987465475844317,1.3528573417566165,88
-3.4226207250873673,1.5497730799827463,88
-3.422620724151063,1.5497730817194775,88
-1.2948528364446448,2.191491705233573,24
-1.2031726268871201,2.060043717517972,24
-1.2948528364446439,2.191491705233573,24
-1.2031726268871203,2.060043717517973,24
-0.14599645547340595,2.786320535528312,17
-0.2087636211096956,2.8513020316002473,17
-0.15576705619351403,2.9070028296667023,17
-0.13499633221327556,2.8501220358417014,17
-0.22746214914197474,2.670304166991709,17
-0.28033153052039567,2.7250208965076164,17
-0.2213715371399929,2.7982324668543623,17
-0.2786019399224656,2.832833031997175,17
-0.2566708592007148,2.7620190593153833,17
-0.39576219735015383,2.6379111864700735,17
-3.1108050797883102,0.7648160897436657,87
-3.1108050801226264,0.7648160888994222,87
0.7119789630050005,-1.6586906631425131,47
0.7657215428642218,-1.5637368528613944,47
0.7003005425395014,-1.6489473014167602,47
0.8979930163992714,-1.5617527183015627,47
-0.21686843740300013,-2.35706595756443,47
0.7814974924245509,-1.723489246839929,47
0.7558699174557965,-1.7547000475232384,47
0.7532395798419785,-1.7529004967130408,47
0.8561837783244617,-1.6455422357085507,47
-0.1946303819588807,-2.3391331488689153,47
-0.14688864252404055,3.8771639604737773,38
3.691971575111598,-0.6115032021442559,38
3.755708303159136,1.135440620867987,38
3.7071329736928416,-0.6667353305534641,38
0.5662940023676125,-1.973635818956281,47
0.6726819540549478,-1.9881387462268951,47
0.56383098891359,-1.9755576529441907,47
0.6726819221014132,-1.9881387786026878,47
-1.5735064752040027,-2.552221757589733,70
-1.580661235802443,-2.6274668612164502,70
-1.6459745676164,-2.6549477158370176,70
-1.5264851183517507,-2.5773498427574872,70
-1.573506475204002,-2.552221757589734,70
-1.5806612358024397,-2.627466861216449,70
-1.645974567617535,-2.6549477158364025,70
-1.5264851183517523,-2.577349842757487,70
1.1240265359792583,0.34735873583880206,37
1.0717087876858613,0.35106380891674605,37
1.1002729948476313,0.3271108539312524,37
1.091057708490493,0.3845186839798009,37
1.0889914159645775,0.2944292197282664,37
1.1003677522248965,0.3221263710050924,37
1.0771978415566272,0.30199846666289637,37
1.0323476000623395,0.24496952831646518,37
1.0137040788474052,0.3480761705895341,37
1.0770745582573713,0.1792678195271247,37
-1.3040745730447463,-2.4727876630532943,70
-1.5604733381695166,-2.661442697946113,70
-1.5129101963438834,-2.6870900090599608,70
-1.6272995094022824,-2.638927940485444,70
-1.459744055201464,-2.6651119553070246,70
-1.3040745730447465,-2.4727876630532943,70
-1.5604733381698483,-2.6614426979459163,70
-1.5129101963428553,-2.687090009060614,70
-1.6272995094035658,-2.638927940484752,70
-1.4597440552014593,-2.66511195530703,70
-1.3447481713692921,-2.717277246354637,70
-1.6315362615041047,-2.68405922049013,70
-1.4623825904666636,-2.696500271152978,70
-1.4977341179274997,-2.7380519070547087,70
-1.43517526354719,-2.703693248921327,70
-1.3447481713692893,-2.7172772463546377,70
-1.6315362613145887,-2.6840592205939284,70
-1.4623825904666703,-2.6965002711529724,70
-1.4977341179289263,-2.7380519070538436,70
-1.435175263547193,-2.7036932489213275,70
0.9363091135465923,0.2205855100458835,37
0.9742763701585794,0.17463763001556662,37
0.9092596210135021,0.232716226801532,37
0.9100650935824871,0.2050511517318271,37
0.9059416670481447,0.20154616232549208,37
1.0079054571296693,0.11603898490620891,37
1.0779500861737736,0.1800899926379902,37
1.0882368563200748,0.1808066341975806,37
1.0031489748273124,0.14823064686590134,37
1.0180395069739,0.10720220364394518,37
0.9363091135465911,0.22058551004588356,37
0.9742763701585796,0.1746376300155667,37
0.9092596210135016,0.232716226801532,37
0.9100650935824866,0.20505115173182706,37
0.9059416670481442,0.20154616232549213,37
1.0079054571296697,0.11603898490620909,37
1.0779500861737736,0.18008999263799025,37
1.088236856320075,0.18080663419758067,37
1.0031489748273121,0.14823064686590132,37
1.0180395069738992,0.10720220364394539,37
-1.254360288217631,-2.8975780748963205,69
-1.2630863340411354,-2.9159576830494385,69
-1.320435077068203,-2.956082271933957,69
-1.2429214748205533,-2.9026738341283744,69
-1.2543602882176308,-2.89757807489632,69
-1.2630863340411354,-2.915957683049438,69
-1.3204350770682027,-2.956082271933956,69
-1.2429214748205522,-2.902673834128374,69
1.8983691616347713,0.1988862291876796,19
1.7906506031246354,0.20651890873238424,19
1.826534545381536,0.1435998672261413,19
1.8212965565195816,0.2766795141024377,19
1.8134678844116732,0.12016768202106229,19
1.809646548966668,0.12933973964043738,19
1.7533924280388489,0.09933506432448527,19
1.689048007723487,0.06914026973676955,19
1.6790097274592448,0.11600191606533089,19
1.6846133550072844,-0.004207177197782372,19
-1.1088498948710361,-2.698310808114695,69
-1.2836434121301261,-2.969694731731691,69
-1.2642956739230835,-2.8963000220582416,69
-1.3071465482314364,-2.956380963229762,69
-1.2205609958239345,-2.888904386498705,69
-1.1088498948710361,-2.6983108081146954,69
-1.283643412130126,-2.96969473173169,69
-1.2642956739230833,-2.896300022058241,69
-1.3071465482314366,-2.956380963229762,69
-1.2205609958239356,-2.888904386498706,69
-2.5371652905498085,-1.8244131812471838,76
-2.692426258650891,-1.8990311702619982,76
-2.5544247694204585,-1.9370158631258936,76
-2.637130056268996,-1.827777075424522,76
-2.5371606997210123,-1.8244185391778576,76
-2.6924261582245075,-1.8990312987757592,76
-2.5544434444052864,-1.936995778210167,76
-2.6371331975711465,-1.8277730612102052,76
-0.19419893534398566,1.6553309052570568,29
-0.3083836499235029,1.7008629563344149,29
-0.3061967065742842,1.698132802466551,29
-0.38261500778712604,1.7629892764221706,29
-0.269837463076106,1.5753423750980287,29
-0.10573668456851947,1.7481176069592572,29
-0.16239842695943896,1.78243664809075,29
-0.16922596219755015,1.6405460810659647,29
-0.27623896883921445,1.8024513403361606,29
-0.21329597036244463,1.6777034097562638,29
-2.100468430340006,-1.7946495489744527,76
-2.426859119004955,-1.984071722369055,76
-2.7254961816677468,-1.8849127976816684,76
-2.522575852669771,-1.896370865491021,76
-2.5711214093938373,-1.9979097985288001,76
-2.100468429788491,-1.7946495494700356,76
-2.4268624758805353,-1.9840682491322832,76
-2.7254961272230855,-1.8849128697166353,76
-2.5225792560590072,-1.896366776880138,76
-2.571125919225991,-1.9979059341878567,76
-2.2232294588175776,-1.8651726310803576,76
-2.699918304391182,-1.8741895736839758,76
-2.7197411853374827,-1.9201108668341214,76
-2.488472877555768,-1.9514496278883837,76
-2.5130914218146807,-1.977181462094966,76
-2.2232294581516747,-1.8651726317188584,76
-2.6999183174362273,-1.8741895561652042,76
-2.719736855431853,-1.9201163436854958,76
-2.4884741523055265,-1.9514482085400693,76
-2.5130903652022893,-1.9771825325615544,76
-0.19523605073210318,1.483752735054152,29
-0.131565378132118,1.4102978053615212,29
-0.24336214742437604,1.5255338366055786,29
-0.2802093719171502,1.5144872596590055,29
-0.13781809132749154,1.3616274084982671,29
-0.1318131651940446,1.4366337483157448,29
-0.20477966692941,1.5638399336145845,29
-0.0953898717343085,1.5356092019288214,29
-0.12829983928348082,1.344229045857322,29
-0.15905403936087292,1.3125225051636324,29
-0.195236050732131,1.4837527350541568,29
-0.13156537813211852,1.4102978053615203,29
-0.24336214742419407,1.5255338366055546,29
-0.28020937192193734,1.5144872596600603,29
-0.1378180913274915,1.361627408498267,29
-0.13181316519292693,1.43663374831538,29
-0.2047796669332703,1.5638399336147057,29
-0.09538987173431021,1.5356092019288226,29
-0.12829983928347805,1.3442290458573214,29
-0.15905403936077372,1.312522505163577,29
-2.1427200127141637,-2.3919905893473814,75
-2.1810587266857837,-2.4770392736629776,75
-2.168122376741439,-2.4986211029798797,75
-2.155555524137088,-2.475700745966646,75
-2.14272001540018,-2.3919905868319464,75
-2.1810587250911646,-2.4770392751791688,75
-2.168122376835149,-2.4986211028930683,75
-2.155555524983055,-2.4757007452130955,75
0.9617132390101344,1.8898363740085842,23
0.9484338596812989,2.0458138161408934,23
0.9465759176116827,1.972928002175975,23
0.9294781442878589,2.0102528543450604,23
0.8803170500389409,1.800168287751231,23
1.1292520079787232,2.1476116952140973,23
1.088138045256414,2.210300461407972,23
1.1212343152594328,2.218887466437278,23
1.026709665890383,2.1493814816987133,23
1.0506316341446582,2.1268166138566356,23
-1.5480182424133464,-2.4035482048499497,75
-2.0702890026541123,-2.5103211862805597,75
-2.1466999297746967,-2.406801149318797,75
-2.1294070202223074,-2.4507746143582545,75
-1.9277066688744726,-2.4867903215800284,75
-1.548016268776347,-2.40354968474437,75
-2.070289041276781,-2.510321159715791,75
-2.146699930861567,-2.406801148327309,75
-2.1294070210069305,-2.450774613702265,75
-1.9276950739790468,-2.486797436505938,75
-1.3501805765488022,-2.182406079061342,72
-1.3745306267908446,-2.3080532146521184,72
-1.3994595815769257,-2.3273502185366337,72
-1.3582110560360179,-2.2595175591350247,72
-1.3501805765488017,-2.182406079061341,72
-1.3745306267908453,-2.3080532146521175,72
-1.3994595815769257,-2.3273502185366337,72
-1.3582110560360183,-2.259517559135026,72
1.6189157891183061,1.1885159337315772,35
1.6313271626788535,1.0079258145832681,35
1.6818318357550563,1.1952718841448295,35
1.6827100521656586,1.2389662886504245,35
1.551487397553371,0.8088866073236901,35
1.5463593532151616,0.8559980078675251,35
1.5225434847229458,0.7774459071047574,35
1.493635660083402,0.6985316017365901,35
1.5355907492413214,0.8238024563476006,35
1.3778006343517428,0.5535234195078407,35
-1.1733883204138298,-2.185348765315801,72
-1.378101498066267,-2.3401288083714817,72
-1.3475719945607492,-2.3301181936497732,72
-1.41374207987649,-2.3256319131923067,72
-1.3137959812425486,-2.377470517895151,72
-1.1733883204138313,-2.1853487653158004,72
-1.3781014980662667,-2.340128808371481,72
-1.3475719945607483,-2.3301181936497724,72
-1.4137420798764901,-2.3256319131923067,72
-1.313795981242549,-2.37747051789515,72
-1.1890162450619175,-2.18951856374129,72
-1.410809343655431,-2.2629558417546702,72
-1.3141784031629322,-2.2694909197166098,72
-1.3335942846962159,-2.354339205115156,72
-1.2824501003956843,-2.29892680128383,72
-1.1890162450619186,-2.189518563741293,72
-1.4108093436554314,-2.2629558417546702,72
-1.314178403162932,-2.2694909197166084,72
-1.3335942846962159,-2.3543392051151546,72
-1.282450100395685,-2.29892680128383,72
1.3898397702776806,0.6300516626653597,35
1.413121897012342,0.5435951602225526,35
1.2933146562130424,0.5505723709016372,35
1.1343257321155715,0.4404649678702779,35
1.3192438854880064,0.5506339361638234,35
1.3924317818400014,0.26260716673857143,35
1.5965822719919385,0.6934149586632378,35
1.646051606056009,0.6685233702118453,35
1.355801789941502,0.46839985131025313,35
1.250990618050811,0.3030118869448641,35
1.3898397702776824,0.6300516626653575,35
1.413121897012343,0.5435951602225453,35
1.293314656213044,0.5505723709016314,35
1.1343257321155726,0.44046496787027783,35
1.319243885488007,0.5506339361638231,35
1.392431781840001,0.26260716673857176,35
1.596582271994185,0.6934149586491151,35
1.6460516060579085,0.6685233702029033,35
1.3558017899414803,0.4683998513103265,35
1.250990618050816,0.3030118869448562,35
-1.1447729357056502,-2.5882116621841136,71
-1.1217574287132166,-2.692616416831203,71
-1.1585552073356196,-2.771461345585,71
-1.129840985632488,-2.684467504687758,71
-1.1447729357056504,-2.5882116621841127,71
-1.1217574287132162,-2.6926164168312026,71
-1.1585552073356185,-2.771461345584998,71
-1.1298409856324891,-2.684467504687759,71
2.4765963985276693,0.9595597905891377,20
2.070860026324057,1.3265439541990585,20
2.3760140220459385,0.8645418676630316,20
2.1886382639783672,1.5607766445992493,20
2.1905634854052227,0.7388626686403242,20
2.4621715036950644,0.7524437836708909,20
2.1701907640543507,0.7253038467955132,20
2.2199003849714316,0.6026359327418775,20
2.191392070401431,0.7234416318499528,20
2.0610153922265044,0.49025673768320727,20
-0.9989846016347719,-2.524387321291995,71
-1.1819201426667252,-2.720971544478753,71
-1.137867543553562,-2.6533472112983105,71
-1.166631691122135,-2.7585845111615086,71
-1.1002465521149194,-2.7367779530732825,71
-0.9989846016347728,-2.5243873212919974,71
-1.1819201426667243,-2.720971544478752,71
-1.1378675435535621,-2.653347211298311,71
-1.166631691122135,-2.7585845111615095,71
-1.1002465521149196,-2.7367779530732843,71
-2.090055258810543,-1.8856524449235812,74
-2.1649519425101422,-1.9659755138447483,74
-2.22191998163374,-1.9655915308214924,74
-2.1113670933650543,-1.9289398162219795,74
-2.090055258809018,-1.8856524449247873,74
-2.164951942507727,-1.9659755138468393,74
-2.2219199815720834,-1.9655915308795402,74
-2.111367093353642,-1.9289398162313869,74
0.557632455632298,2.2318553825598846,27
0.5090406048349272,2.160041290767134,27
0.5206744777019086,2.151874011643869,27
0.5659269230589047,2.159860769354432,27
0.34656348102492085,1.7988920578162064,27
0.5964147760996729,2.256154747900168,27
0.5316330714723516,2.1224850462202567,27
0.4059133277513469,2.0965469600511613,27
0.42515739240351974,2.076071542029808,27
0.32025567719589115,1.8704315971242984,27
-1.840839568989478,-1.929410830930686,74
-2.147362790203953,-1.9987319008969406,74
-2.1970771986868036,-2.006217468228682,74
-2.175760378218975,-1.9511462632272734,74
-2.150447525408614,-2.0604382197966826,74
-1.8408395682389411,-1.9294108313939489,74
-2.1473627902016865,-1.998731900898825,74
-2.1970771986606477,-2.006217468252053,74
-2.175760378232567,-1.951146263215202,74
-2.1504475254107986,-2.0604382197948246,74
-1.9503429174896765,-1.9080076818680403,74
-2.357769910046454,-2.059262213528092,74
-2.3090721075746243,-2.0392642977716973,74
-2.342398726111354,-2.0841023004961268,74
-2.2086201892653676,-2.0389520231875395,74
-1.950342917515447,-1.9080076818518534,74
-2.3577699104278933,-2.059262213169481,74
-2.3090721075495595,-2.0392642977951976,74
-2.34239872732586,-2.084102299371454,74
-2.2086201892824326,-2.038952023172188,74
0.32281158983663893,1.7950413856448844,27
0.40270654185970295,1.632629415398375,27
0.26605839686257066,1.8215340717269737,27
0.24702570565041485,1.4984055516443424,27
0.28030998703789795,1.6546563270876637,27
0.3568413757308609,1.5112696697721777,27
0.48190980971118347,2.088320849177109,27
0.48246917374018394,1.8029043175788044,27
0.27645411700632955,1.6978656354469042,27
0.21767657608830945,1.2745337922063968,27
0.3228115898367717,1.795041385644915,27
0.4027065418597028,1.632629415398372,27
0.2660583968624489,1.8215340717269508,27
0.24702570565041482,1.4984055516443422,27
0.28030998703789584,1.6546563270876669,27
0.356841375730859,1.5112696697721746,27
0.48190980397602307,2.088320847794102,27
0.4824691737493438,1.802904317581616,27
0.2764541170064245,1.697865635446926,27
0.2176765760883094,1.2745337922063964,27
-1.5269003674536727,-2.59550995893959,73
-1.5027434418208223,-2.6822625193520717,73
-1.5758642987602236,-2.750032340382514,73
-1.5326951709676007,-2.6778243065457716,73
-1.526899527769688,-2.5955104203525807,73
-1.5041572580257534,-2.6813897061790164,73
-1.56889819900628,-2.753798526734804,73
-1.5327102112825703,-2.6778157412458525,73
1.4318510495106356,2.576080864468316,23
1.3874146148140274,2.6790503411073674,23
1.3944365648204005,2.637884474352802,23
1.4335795555876367,2.6236565798180194,23
1.3396561018873367,2.502734051415689,23
1.4609357301918462,2.618375172166275,23
1.4454743250278732,2.666521888262065,23
1.4021800977016585,2.6751487229667807,23
1.4206388513964994,2.629289953333546,23
1.3364897677198742,2.5946260676586608,23
-1.3315333520765495,-2.590665072685716,73
-1.4992535208433555,-2.6896086661454826,73
-1.5111807841881626,-2.5673973110877704,73
-1.5419657191848137,-2.6537742506612325,73
-1.4250222891516244,-2.6936281505006914,73
-1.331533352283701,-2.59066507254641,73
-1.498776109563927,-2.689948488290756,73
-1.5113557416497558,-2.567290499102663,73
-1.5425761387549268,-2.6533905377322395,73
-1.4250223862280573,-2.6936280824846066,73
3.404843290761649,-0.933215223404734,39
3.5075019551461506,-1.0090853887542097,39
3.540803535838356,-0.9949219683252117,39
3.419613447561884,-1.000445971254883,39
3.4048432907616495,-0.9332152234047336,39
3.507501955187433,-1.0090853885874078,39
3.5408035358106926,-0.9949219684371762,39
3.419613447561883,-1.0004459712548899,39
1.449631321397741,-1.8505030193723522,48
1.4497643925213566,-1.7220061076022122,48
1.509842966928814,-1.7554295531565172,48
1.5465238791203122,-1.7057593926074712,48
1.394691670008701,-2.138111476851068,48
1.5136953665466686,-1.7712745413099442,48
1.4072788602064519,-1.7818586448127807,48
1.50115193614712,-1.732970171335647,48
1.5191655081186126,-1.7662815783018126,48
1.350429810690357,-2.046732771000919,48
3.511667303509666,-0.9417461483941332,39
3.5612465178182293,-0.8643504143975979,39
3.527052120955139,-0.9932482963067862,39
3.5624069441712396,-0.9311990407374803,39
3.542383363116291,-1.0150215046851723,39
3.511667303509673,-0.9417461483941103,39
3.5612465178182293,-0.8643504143975984,39
3.527052121692261,-0.9932482932262409,39
3.562406944170988,-0.9311990407382887,39
3.542383363118197,-1.0150215046780802,39
3.5587683274682087,-1.0182195095848678,39
3.6009627195751177,-0.9890825747495169,39
3.6373529267838913,-0.9696123496349932,39
3.805598197285678,-1.005941648533205,39
3.664612342663379,-0.9502191646387577,39
3.558768327467819,-1.0182195095863138,39
3.600962719585383,-0.9890825747051849,39
3.6373529267837528,-0.9696123496355926,39
3.805598197287686,-1.0059416485243038,39
3.6646123426633443,-0.9502191646389253,39
1.36860012395509,-1.847749922806044,48
1.293794846315615,-2.1206634372220887,48
1.3720081681520073,-1.6243571495549163,48
1.3561871814225144,-1.8524720927309977,48
1.470972134389614,-1.689819849484163,48
1.3518346308196325,-1.8450046172863843,48
1.3522681923969642,-1.6503101226539192,48
1.496223713927098,-1.7063562490956696,48
1.4715098916100773,-1.6731392291795184,48
1.370196756411715,-1.8909468922318082,48
1.3686001239550318,-1.847749922806098,48
1.2937948489283626,-2.1206634351510374,48
1.3720081681520064,-1.6243571495549158,48
1.3561871814225825,-1.8524720927309335,48
1.4709721343896143,-1.6898198494841643,48
1.351834630819618,-1.8450046172863956,48
1.3522681923969644,-1.65031012265392,48
1.4962237139270973,-1.70635624909567,48
1.471509891610079,-1.6731392291795186,48
1.3701967564117374,-1.890946892231788,48
-1.6570372524644026,-2.5893473693073754,70
-1.6572289911606928,-2.6061048492367394,70
-1.7211948409053708,-2.6781689762993652,70
-1.5882790490452423,-2.5662058395245952,70
-1.6570372524625259,-2.5893473693083635,70
-1.6572289911612401,-2.606104849236448,70
-1.7211948409060036,-2.678168976299019,70
-1.5882790490452359,-2.566205839524598,70
0.8686737667225478,0.42065593226602893,37
0.8460303308462707,0.41187832729388807,37
0.8618710911312447,0.4008520034370968,37
0.871917828992701,0.4637664838854433,37
0.7765893185929262,0.40513585631654875,37
0.8618161480956802,0.3915850431603103,37
0.850195280974135,0.3880471674616977,37
0.763737927776606,0.3478333467698528,37
0.8264714311532475,0.43457880913711816,37
0.7307234927972501,0.347047833691651,37
-1.3322970777234142,-2.4552258228769333,70
-1.617504590474898,-2.7116351824477576,70
-1.5737641268614317,-2.6867200624758376,70
-1.6771239890909746,-2.7130897719150893,70
-1.525278777730007,-2.6740433360929896,70
-1.3322970777234142,-2.4552258228769324,70
-1.6175045904776186,-2.711635182446257,70
-1.5737641268406357,-2.686720062488395,70
-1.6771239892526622,-2.7130897718293028,70
-1.5252787777295946,-2.674043336093241,70
-1.3838832111574808,-2.6781279749656277,70
-1.6771448413122207,-2.646853901646155,70
-1.540863573243782,-2.668455451466079,70
-1.5816105831873624,-2.664089777563731,70
-1.508654942555463,-2.6488549871108034,70
-1.3838832111574793,-2.6781279749656286,70
-1.6771448413101453,-2.6468539016472588,70
-1.5408635732437979,-2.6684554514660688,70
-1.5816105831759708,-2.6640897775703163,70
-1.5086549425554134,-2.6488549871108376,70
0.7099710022178972,0.304997110179927,37
0.7043515940474991,0.289856643273151,37
0.6482276589784679,0.34355981497493976,37
0.6073518588333994,0.31517197536393826,37
0.749475557656316,0.30142441209246,37
0.6742943328796955,0.244830970176211,37
0.8657623777630368,0.3226636276365806,37
0.826408180320455,0.3440610983430345,37
0.7067334544967989,0.27152680654921413,37
0.665733977493924,0.2764362240675056,37
0.7099710022178974,0.30499711017992703,37
0.7043515940474997,0.28985664327315097,37
0.6482276589784681,0.34355981497493976,37
0.6073518588333994,0.31517197536393826,37
0.7494755576563158,0.30142441209246,37
0.6742943328796955,0.24483097017621108,37
0.8657623777630367,0.3226636276365807,37
0.8264081803204548,0.34406109834303455,37
0.7067334544967988,0.27152680654921396,37
0.665733977493924,0.2764362240675056,37
-1.361906941355937,-2.8680797057203438,69
-1.3743179703791593,-2.8779744767139697,69
-1.4153494322111386,-2.92717065538975,69
-1.3420338328679502,-2.8737813397687506,69
-1.3619069413559375,-2.8680797057203455,69
-1.3743179703791617,-2.8779744767139688,69
-1.4153494322111386,-2.9271706553897485,69
-1.3420338328679486,-2.8737813397687493,69
1.5930490346448356,0.31585333766319285,19
1.495422448545793,0.26214646713630174,19
1.546191474814439,0.23731329006084576,19
1.513525782673499,0.32624105418481353,19
1.4654452936998943,0.21815076512619797,19
1.5100122469849568,0.2727449693139827,19
1.4925101333803321,0.23303943338828412,19
1.4126593141577397,0.1864102256268745,19
1.462759461830406,0.23553505338573202,19
1.3772555084629055,0.14095865522471776,19
-1.178422867942557,-2.7356991384728517,69
-1.3774970285781654,-2.902369213955752,69
-1.3478200888254201,-2.8573761972649354,69
-1.3875306315649991,-2.915703625960376,69
-1.29587826827258,-2.8157261152946202,69
-1.178422867942557,-2.7356991384728526,69
-1.3774970285781651,-2.902369213955752,69
-1.3478200888254206,-2.8573761972649345,69
-1.3875306315649993,-2.9157036259603766,69
-1.2958782682725805,-2.8157261152946216,69
-2.7118496811268686,-1.624288444244124,76
-2.8067108727182193,-1.7323582644613258,76
-2.737497950111311,-1.6952595198341236,76
-2.77476547914497,-1.6576438026023959,76
-2.711849686823799,-1.624288436582601,76
-2.8067108725374137,-1.7323582647668314,76
-2.737497938408844,-1.6952595370011692,76
-2.7747654794406187,-1.657643802180949,76
-0.47702690100464684,1.6210979253993976,29
-0.5464900280517259,1.6462228908990568,29
-0.5452822187562338,1.6559373699644513,29
-0.5687573991682041,1.711232997387526,29
-0.48889376498419806,1.5182379903902632,29
-0.4094389837007515,1.6523391255483506,29
-0.474938507311738,1.7183849557127773,29
-0.4504137951265621,1.5741212534251874,29
-0.5646926022071838,1.7430035794341274,29
-0.44870238793347506,1.523632070964017,29
-2.1448767660710426,-1.6463776437133086,76
-2.6514816097426404,-1.737414174243906,76
-2.8317391726675605,-1.7494657855651305,76
-2.722349052339158,-1.6768449687419336,76
-2.726519665341392,-1.748630653425856,76
-2.144876765939796,-1.6463776438656248,76
-2.6514816215108037,-1.7374141613898213,76
-2.8317391699884777,-1.749465789760649,76
-2.7223490508808914,-1.676844970829293,76
-2.7265196872067974,-1.7486306225288328,76
-2.335815293370039,-1.7318188900816769,76
-2.7892785326658602,-1.7413020004007886,76
-2.847986874399389,-1.7606524488679693,76
-2.7641267328457344,-1.7483941367577085,76
-2.6960189327780077,-1.7309302985823205,76
-2.3358153069050696,-1.7318188766731761,76
-2.789278562099173,-1.741301952962168,76
-2.8479888411059697,-1.7606493412726851,76
-2.7641266611125386,-1.7483942482747363,76
-2.696018919634036,-1.7309303152565603,76
-0.41743038343651195,1.4568369482266919,29
-0.36020981126329255,1.4043199599834988,29
-0.45427713112403373,1.4680577702434636,29
-0.5020688271891943,1.4364326440081703,29
-0.31149911383016526,1.3395413532840175,29
-0.39165886630494007,1.3442176822954608,29
-0.41541286075919964,1.5115514616997776,29
-0.4083056820059026,1.5084096187700402,29
-0.3729752904863402,1.3364327128672568,29
-0.39029428530519183,1.283007231351953,29
-0.4174303834365122,1.4568369482266925,29
-0.36020981126329404,1.404319959983498,29
-0.45427713112403373,1.468057770243465,29
-0.502068827189253,1.4364326440081923,29
-0.3114991138301656,1.3395413532840186,29
-0.3916588663049774,1.344217682295478,29
-0.41541286075919126,1.5115514616997745,29
-0.40830568200589257,1.5084096187700353,29
-0.3729752904863406,1.336432712867257,29
-0.39029428530519245,1.2830072313519534,29
-2.3124335505476274,-2.2680788642938285,75
-2.341684089034997,-2.32280842739011,75
-2.325032817107625,-2.3155990965260997,75
-2.3225231123797827,-2.332992796166805,75
-2.3124335504091236,-2.2680788644343304,75
-2.3416840746869445,-2.3228084421514565,75
-2.3250328154145126,-2.3155990982740553,75
-2.322523118909268,-2.3329927893326574,75
0.5975563168617932,1.8640072079234515,23
0.4733743189122686,1.8247337285673872,23
0.4877455834644708,1.8234557526973756,23
0.4689787520077878,1.7811445718704286,23
0.4203181353857867,1.6293745019664445,23
0.6315956070656152,1.9863154853438776,23
0.6470854219954932,2.065756600265374,23
0.6323418956559256,1.9644834977586172,23
0.5664427755690797,2.0112256809272724,23
0.4988004882022039,1.866494374358239,23
-2.0384966300702354,-2.1109948131928435,75
-2.2389728683160084,-2.312380472193262,75
-2.280030562005757,-2.2559282046835767,75
-2.286002562412676,-2.2698689082330286,75
-2.207284492388873,-2.2341999200805867,75
-2.038496630070504,-2.110994813192648,75
-2.238972868298579,-2.3123804722115024,75
-2.280030562201337,-2.2559282044824758,75
-2.2860025622233566,-2.2698689084267816,75
-2.207284492387954,-2.2341999200815255,75
-1.4591052107716271,-2.0786039951595146,72
-1.4604195697829943,-2.174894613696048,72
-1.5053853630742926,-2.2377992221329954,72
-1.4229726583842985,-2.1566150652081735,72
-1.4591052107716258,-2.0786039951595146,72
-1.4604195697829945,-2.1748946136960483,72
-1.5053853630742913,-2.2377992221329976,72
-1.422972658384299,-2.1566150652081735,72
1.2994871742929193,1.116477581032792,35
1.286471898634107,1.0813809281625932,35
1.3372595026130931,1.1647575110372759,35
1.36981672198496,1.2186251380410364,35
1.1728702197330734,0.9629153164285813,35
1.2065145191029067,0.9874927656542436,35
1.2522142502389881,0.9756388137314974,35
1.1292236512050955,0.8924381767311403,35
1.2735366621760476,1.029511162620551,35
1.00225280597281,0.7646429406661199,35
-1.2264961209390801,-2.074872233518496,72
-1.461713679879126,-2.255061735835032,72
-1.4504373458469768,-2.229590183574172,72
-1.5127137474168622,-2.2605836623392865,72
-1.4052518943862553,-2.2636588746004103,72
-1.2264961209390806,-2.0748722335184953,72
-1.4617136798791275,-2.2550617358350338,72
-1.4504373458469757,-2.2295901835741723,72
-1.5127137474168602,-2.2605836623392865,72
-1.4052518943862558,-2.26365887460041,72
-1.2465879270694598,-2.086675924061638,72
-1.4667331973108755,-2.201239737358978,72
-1.4029606755558284,-2.170285927413472,72
-1.3977353716185257,-2.2633345115829693,72
-1.3851587366675953,-2.198319976537575,72
-1.2465879270694613,-2.0866759240616366,72
-1.4667331973108755,-2.201239737358978,72
-1.4029606755558266,-2.170285927413471,72
-1.3977353716185257,-2.2633345115829693,72
-1.385158736667596,-2.198319976537575,72
1.0003704854376536,0.7222657340712578,35
1.0765655151944589,0.6378074994439319,35
0.9497705090501064,0.7486810133164389,35
0.8653654545019437,0.5525878407749442,35
1.0211354120467857,0.6587749157658173,35
0.9503850504292392,0.4695938205475677,35
1.2502361571764207,0.8354673959938845,35
1.227468100477394,0.8740133537350495,35
0.9512705146999318,0.614546904031961,35
0.9196085964462816,0.47692185380526986,35
1.0003704854376534,0.7222657340712578,35
1.076565515194459,0.6378074994439311,35
0.9497705090501083,0.7486810133164391,35
0.8653654545019441,0.5525878407749438,35
1.0211354120467855,0.6587749157658169,35
0.9503850504292397,0.46959382054756765,35
1.2502361571753415,0.8354673959959176,35
1.2274681004774946,0.8740133537348731,35
0.951270514699931,0.6145469040319609,35
0.9196085964462819,0.47692185380526947,35
-1.2433046698463612,-2.606196825389701,71
-1.2231524315588027,-2.640075596627426,71
-1.2588065131789952,-2.7394426705430526,71
-1.2124143700679555,-2.6264898542608606,71
-1.2433046698463617,-2.6061968253897017,71
-1.2231524315588025,-2.640075596627425,71
-1.2588065131789952,-2.7394426705430517,71
-1.2124143700679564,-2.626489854260861,71
1.9442808448186542,1.3050798525363445,20
1.7801082877932384,1.2015859068729997,20
1.8715370459965808,1.2181831840766193,20
1.8489911355377182,1.3606372419844854,20
1.7502910715913749,0.9451011415818009,20
1.8674765867905831,0.9487597414351,20
1.8160129894119317,1.0000933458828167,20
1.797590967574708,0.8220924229462224,20
1.8138255756448847,1.029991575786228,20
1.6674656551090365,0.7135881834640265,20
-1.0794595120597843,-2.4710427468668175,71
-1.2578753444950026,-2.725379464367346,71
-1.214433340150088,-2.6126379176127643,71
-1.2516935842745827,-2.7272308979013284,71
-1.1722886243360853,-2.6940071338133786,71
-1.0794595120597854,-2.4710427468668157,71
-1.2578753444950033,-2.725379464367346,71
-1.214433340150088,-2.6126379176127643,71
-1.2516935842745822,-2.7272308979013293,71
-1.1722886243360842,-2.6940071338133786,71
-2.170821624761466,-1.760922112747327,74
-2.2482781207218223,-1.828163570661222,74
-2.276116983381636,-1.8406353249322298,74
-2.1824282222247984,-1.7951924102192998,74
-2.1708216247620893,-1.7609221127467023,74
-2.2482781207084543,-1.8281635706747752,74
-2.2761169829427583,-1.8406353253834242,74
-2.1824282222105307,-1.7951924102338117,74
0.12691825199604698,1.8542639276814488,27
0.09663927981851134,1.7909114801900583,27
0.10297077386718073,1.8107382593234127,27
0.1425536524684949,1.8414638038297801,27
0.05091795419124309,1.600569635413364,27
0.17662174189643262,1.9151068163634817,27
0.14204853746871876,1.8555688195196895,27
0.081322657265482,1.8183583377377455,27
0.090370019012861,1.8584960856406554,27
0.03934071782186638,1.6307519472137482,27
-1.8722254879010947,-1.7801694123692895,74
-2.1750326876161727,-1.8683859767552553,74
-2.2719086401212345,-1.883582353602974,74
-2.236816397551818,-1.8354655074069204,74
-2.1975251685277897,-1.9073319429035276,74
-1.8722254879241513,-1.7801694123518497,74
-2.175032687624854,-1.8683859767471298,74
-2.271908640108748,-1.8835823536155296,74
-2.2368163975484867,-1.835465507410266,74
-2.1975251685143173,-1.9073319429159328,74
-1.9288841279494986,-1.7704640823387565,74
-2.3916978047239352,-1.9515669407885736,74
-2.3602496974175824,-1.9172798700359395,74
-2.356229726130488,-1.9599019604219532,74
-2.248922098050808,-1.9072061376116063,74
-1.9288841279423734,-1.7704640823442133,74
-2.3916977866558864,-1.9515669604770591,74
-2.3602497008596512,-1.9172798665121105,74
-2.3562297261820624,-1.959901960368119,74
-2.248922098069301,-1.9072061375932776,74
0.07187123116600588,1.5559720502440622,27
0.14886863451262985,1.367725439679464,27
0.02288890026477155,1.5903021432064868,27
0.05244990887170061,1.2927838004492562,27
0.07670281076172082,1.4755489403245339,27
0.09484469018554582,1.2622544412249992,27
0.10057489601186138,1.7627645793910662,27
0.13198872013038646,1.6265786368682897,27
0.01866817405546705,1.4610130448321246,27
0.055724365077289194,1.1652385061041266,27
0.07187123116600456,1.5559720502440606,27
0.14886863451262985,1.3677254396794616,27
0.022888900264765,1.590302143206487,27
0.05244990887170072,1.292783800449256,27
0.07670281076172022,1.4755489403245337,27
0.09484469018554569,1.262254441224999,27
0.10057489601192994,1.7627645793910816,27
0.13198872013038018,1.6265786368682886,27
0.01866817405546524,1.461013044832124,27
0.05572436507728961,1.165238506104127,27
-2.0232293858731145,-2.2252402397258195,73
-2.0513320151398338,-2.292981960122154,73
-2.12504636706538,-2.367420692494155,73
-2.0543670559008183,-2.3244633896644507,73
-2.023229385869687,-2.225240239728428,73
-2.0513320151462793,-2.2929819601163937,73
-2.125046367315594,-2.3674206922751053,73
-2.0543670557513245,-2.324463389794713,73
1.1198841587561739,2.3681813700918815,23
1.0632163004824746,2.4109350663216977,23
1.084505241134154,2.3974744986738123,23
1.1027197650687488,2.3745029161868048,23
1.0163853491881987,2.244181121936702,23
1.1424391201033264,2.4209124141335625,23
1.1082753348378405,2.4261479842105813,23
1.0736203787979315,2.3926595265649784,23
1.0753462682167134,2.346062347583859,23
0.9877646082379593,2.2852377805942035,23
-1.5031995720654876,-2.388510409053272,73
-1.9872184429827968,-2.3759622139655887,73
-1.9976263149051758,-2.229406683598305,73
-2.0604684667299344,-2.322488763089684,73
-1.769835396138754,-2.4613252882215275,73
-1.5031949009295458,-2.388514088759984,73
-1.9872184442786536,-2.3759622130832594,73
-1.9976263149028186,-2.2294066835999904,73
-2.0604684667745548,-2.322488763049962,73
-1.7698356446918384,-2.4613251504232276,73
3.3387098350296833,-0.9721062450588467,39
3.4604093238722133,-1.0513669472160958,39
3.4789322388509487,-1.0487380078991024,39
3.3670586316988778,-1.0061643115038803,39
3.3387098350296807,-0.9721062450588461,39
3.4604093238722853,-1.0513669472158134,39
3.478932238850949,-1.048738007899101,39
3.3670586316988746,-1.0061643115038814,39
1.2073703802617617,-1.9213799023557834,48
1.3210173049694873,-1.7222021754863674,48
1.3324048057211149,-1.7724700510080935,48
1.435402268574416,-1.651854384445081,48
1.2188069695299337,-2.0541518496877953,48
1.289681341178632,-1.8117691523852022,48
1.3014205090701185,-1.7582767604602914,48
1.3639009622435205,-1.725332236975449,48
1.405702505789432,-1.7325603680727757,48
1.2205167332899451,-1.9670181362007673,48
3.5752142989990863,-0.9506098707928151,39
3.479764079936499,-0.9036241196348852,39
3.4976486699995712,-1.0067611536548877,39
3.5450344729000443,-0.9808346648725919,39
3.510100378098158,-1.0040138337992779,39
3.575214298999104,-0.9506098707927573,39
3.479764079936498,-0.9036241196348871,39
3.4976486699995455,-1.0067611536549967,39
3.5450344729000274,-0.9808346648726658,39
3.5101003780970155,-1.0040138338039049,39
3.6026639217185057,-1.0552123296039928,39
3.5375660715933273,-1.0431123138174612,39
3.611144100566709,-1.0033940762089062,39
3.7706035780176688,-1.0481061559316036,39
3.6466384017859923,-0.983468050875793,39
3.602663921714687,-1.0552123296198197,39
3.537566071600863,-1.0431123137890885,39
3.6111441005666123,-1.0033940762092772,39
3.770603577994857,-1.0481061560266287,39
3.646638402929523,-0.9834680460541962,39
1.1711037487858955,-1.8703108697076452,48
1.1533905686624155,-2.053468749509024,48
1.1851300789377657,-1.664925941454862,48
1.2449074560914914,-1.7961757999334944,48
1.3136660348191207,-1.7183359639254632,48
1.2613682353061388,-1.8127593215369464,48
1.1754311056624107,-1.6709590388113074,48
1.3763328931402123,-1.6836513113069653,48
1.286461055692146,-1.7081130500471968,48
1.246502148820944,-1.8081945392711116,48
1.1711037487860447,-1.8703108697075077,48
1.1533905686631025,-2.05346874950842,48
1.1851300789377672,-1.664925941454861,48
1.2449074560915387,-1.7961757999334504,48
1.3136660348191194,-1.7183359639254638,48
1.2613682353061404,-1.8127593215369469,48
1.1754311056624118,-1.6709590388113056,48
1.3763328931402132,-1.6836513113069629,48
1.2864610556921456,-1.708113050047197,48
1.2465021488209382,-1.808194539271117,48
-0.04373297062938916,0.8760945646650592,32
-0.08552931641764369,0.8875765442597137,32
-0.06290138778774539,0.8850658270453182,32
-0.10035220767070788,0.9758896975913871,32
-0.06749768411387769,0.8586156003118344,32
-0.04217107923775043,0.8504663497766262,32
-0.055718239896181423,0.8475710834654399,32
-0.06983419570617985,0.7786964505579225,32
-0.11159673120713706,0.899788533905812,32
-0.03867174045295578,0.7359007187104963,32
-2.3024645673416555,-0.6808578081466183,80
-2.3024647403263003,-0.6808574028886766,80
-2.4518000695746682,-0.6258830700237736,80
-2.451800068854118,-0.6258830736136156,80
-0.06943071093122777,0.7158204461890552,32
-0.08146394028030735,0.6518927590265265,32
-0.06943071093122766,0.7158204461890552,32
-0.0814639402803074,0.6518927590265265,32
0.7590507202607596,0.8075463635654392,15
0.7356535030353776,0.7998148128361156,15
0.7542988888011345,0.7953400473969925,15
0.8003664559436475,0.8769344398183184,15
0.7107942718592284,0.7657715213942914,15
0.7301010950896746,0.791130397282958,15
0.7309656458844874,0.7243045830821263,15
0.719167086929797,0.6833171495452296,15
0.6945608891988847,0.7647594803918484,15
0.6822551578334145,0.6254801648109264,15
-2.074801298845705,-1.3698599776548603,80
-2.0748012988273294,-1.3698599776781266,80
-1.0187289474735621,1.8973396137653984,25
-1.048335491037601,1.9168776523001736,25
-1.066956912707509,1.9477513713000394,25
-1.074723849423532,2.0098650489629373,25
-0.9663036184978845,1.8302709195491633,25
-1.0617834742569703,2.0002166613042656,25
-1.0052533741468441,1.9347244016318108,25
-1.0444076316761834,1.9239674194725342,25
-1.0989887705576775,2.0127812531510796,25
-0.9197594143887954,1.8113843575957558,25
-2.825456858462085,0.34613612695021023,84
-2.825456858462085,0.34613612695021023,84
-2.947325351287093,0.4376075686810833,84
-2.9473253512792534,0.4376075687107562,84
-1.0794891787198457,1.7862768429484484,25
-0.9756498138064114,1.6666909538657297,25
-1.0794891787198442,1.7862768429484475,25
-0.9756498138064118,1.6666909538657302,25
-0.16483281714288178,1.808901731591319,21
-0.21693429994474123,1.9059876321819595,21
-0.17620158695329308,1.9790294295770474,21
-0.16935567614278532,2.0259773052193517,21
-0.09834887230712461,1.8032533159932305,21
-0.17354004379108479,2.148928309200774,21
-0.12888187939433995,2.089074480067385,21
-0.1709575274996953,2.1622710051742664,21
-0.17158217012556337,2.1135660844824877,21
-0.14452400213691377,2.0171276497293102,21
-2.8217625007850042,-0.2525475700477405,83
-2.821762500785002,-0.2525475700478124,83
0.16964138117700717,1.3679519166106804,30
0.1399843798571702,1.400052610100786,30
0.19520881146978566,1.4378384481144768,30
0.22670557772636657,1.427981531756738,30
0.15953659655916477,1.2497651784616648,30
0.112546320999952,1.2214784245350963,30
0.09579418824652552,1.255133848058719,30
0.04924320160777943,1.1487825829222882,30
0.07298329583874542,1.2631616027726975,30
0.06596562698794313,1.1022402560989522,30
-2.2370671672927362,-0.8047918056214972,78
-2.2370671783739025,-0.8047917786509919,78
-2.0648958607095147,-0.7164011071132017,78
-2.064895860762729,-0.7164011069873637,78
0.02421483711046845,1.0797622269047615,30
0.08228744466556341,1.006100834573901,30
0.024214837110468478,1.079762226904761,30
0.08228744466556327,1.006100834573901,30
1.1249249538600912,1.749352539333576,20
1.077849537207998,1.7124280408929256,20
1.1142918948237452,1.7234094866023406,20
1.1438124490613761,1.6846326438089885,20
1.0896190413589144,1.4939913472728077,20
1.0291362323809075,1.5688135952476117,20
1.0697928441666213,1.5297348962559973,20
1.0433573342329907,1.4608679640904945,20
1.0389520376931478,1.4978710853605754,20
0.9930189050688711,1.2459543812947464,20
-1.7999088686031883,-1.60818786834158,77
-1.7999088678766997,-1.608187869175827,77
-0.5719869303984436,2.027030248456769,24
-0.5767460946422621,2.0331174512618704,24
-0.5948683459728041,2.0778559538939017,24
-0.4999547382122721,2.043474454011447,24
-0.5250160528432323,1.9110567481920042,24
-0.5680329989127277,2.1394061527428683,24
-0.5651257405692482,2.061861011186891,24
-0.636105989258531,2.0472843060101398,24
-0.5868988936665854,2.055122395083888,24
-0.5927841454754225,1.9531645790505883,24
-2.992821584729694,0.22849120488571167,88
-2.992821584729002,0.22849120488873687,88
-2.885568987172049,0.3742742898012677,88
-2.8855689871720505,0.37427428980126665,88
-0.671648757668608,1.8610338966277298,24
-0.5415340885573439,1.6097553413583292,24
-0.6716487576686087,1.8610338966277322,24
-0.5415340885573441,1.6097553413583292,24
0.412871811419966,2.3684156414112247,22
0.3680197362973808,2.489712441088271,22
0.4240806155916178,2.4823291250152604,22
0.4365971783314667,2.449546148704476,22
0.4466412631253226,2.3374035720524944,22
0.4411860328915287,2.5183470098239025,22
0.39561406366727664,2.472147319974085,22
0.3795081492189902,2.5225875520035284,22
0.36524124390770335,2.430954728771946,22
0.36191400877013796,2.407677254466936,22
-2.8538759117829176,-0.4186371538668303,87
-2.8538759117830725,-0.4186371538614445,87
1.1165554790987222,-1.5612436771424432,50
1.0764911039840102,-1.5945727467936182,50
1.1725354652588287,-1.5377922507310706,50
1.1551590187712582,-1.5844503229277216,50
1.0107713628426434,-1.9457629358866753,50
0.9761569066685394,-1.6401548127023944,50
0.8861542727067069,-1.8386763225553453,50
0.9941645284363267,-1.761124830584864,50
0.9364007790653053,-1.8430563685406323,50
0.8867968197855938,-2.0862994707638975,50
3.340010442150801,-0.85601178404412,38
3.3400104421508012,-0.8560117840441203,38
3.326464121396265,-0.8709990397259071,38
3.326464121396265,-0.870999039725907,38
1.0293418961668959,-1.6551133895458245,50
1.0506667623309756,-1.9139940814135772,50
1.0293418961668954,-1.655113389545824,50
1.0506667623310466,-1.913994081413509,50
-0.23782970145967094,0.9587009903309617,32
-0.32286824737787934,0.9549288067697953,32
-0.26794128203748985,0.9750029328915918,32
-0.2790972905831378,1.0248110557075296,32
-0.28567242994424935,0.9408539353523144,32
-0.2628089662926576,0.9318246843717549,32
-0.29397112479639964,0.9448121014783094,32
-0.31244218995967826,0.9011949716952372,32
-0.3520816346968224,1.0118201207307735,32
-0.282756175994592,0.8623524832294166,32
-2.6261114840556457,-0.3729586916050352,80
-2.6261114843907993,-0.3729586906805451,80
-2.806072037965898,-0.2801660357799079,80
-2.8060720379635775,-0.28016603579522265,80
-0.2229104147312217,0.8126901876166797,32
-0.21912195757145547,0.7637568769140312,32
-0.22291041473122145,0.8126901876166799,32
-0.21912195757145536,0.763756876914031,32
0.6147448772217429,0.942877146117299,15
0.4710620190013063,0.9335372015742008,15
0.5754379633536275,0.9430338379763987,15
0.5673529035078083,1.0533109127025897,15
0.5012872817721039,0.9251366085062228,15
0.4908368248559113,0.9249198608738891,15
0.39540409495742834,0.8949229031172261,15
0.42623541968710954,0.837294333272641,15
0.32896907033934303,1.00448834594815,15
0.3854831743444092,0.8017408040331192,15
-2.3277572919008316,-1.1083620760074362,80
-2.327757291897032,-1.1083620760113901,80
-1.281957564306123,2.0623757838992147,25
-1.3187215565650585,2.052325995350247,25
-1.3768875462424506,2.135335828018963,25
-1.28541647127123,2.0857305298807614,25
-1.2117182197976781,1.92137878729006,25
-1.319624446201835,2.177847766630588,25
-1.2794210720497776,2.0754304106584716,25
-1.34809554397035,2.115288239938345,25
-1.3693132641477324,2.1631230923818827,25
-1.2203697123655277,1.9827071784489174,25
-3.0262074971078254,0.7276267521286625,84
-3.0262074971078308,0.7276267521286465,84
-3.1762988940522203,0.8180079725709842,84
-3.176298894052225,0.8180079725709716,84
-1.2570362727574769,1.9040126576776168,25
-1.1332326307383305,1.7724264925402806,25
-1.2570362727574769,1.9040126576776164,25
-1.1332326307383294,1.77242649254028,25
-0.4502539715358257,2.1962490674531736,21
-0.5583082245851035,2.221239868153129,21
-0.498890152208611,2.3343064754722027,21
-0.47871966770436564,2.279746447057399,21
-0.4635839438782823,2.113573642636596,21
-0.47825987645725015,2.327455824585581,21
-0.45329858011570306,2.3376747810754126,21
-0.4847275484624102,2.4505952562415154,21
-0.5017385442092922,2.373832312866876,21
-0.4818221772334567,2.286932639039347,21
-3.030542756184556,-0.06435616080820444,83
-3.0305427561844254,-0.06435616080175777,83
-0.05501048201257622,1.5581922555075098,30
-0.11730824043676984,1.4814456508494525,30
-0.048772302330758945,1.5984848293376472,30
0.013777168197143622,1.557166797938919,30
-0.08716360915025896,1.3887301333907718,30
-0.1204490495051071,1.3863504240027649,30
-0.1705290777341883,1.4112980282280363,30
-0.2012806475293568,1.3252141209364274,30
-0.1688320899524192,1.4274792561292815,30
-0.1895004384071027,1.2431285344716456,30
-2.7181512856622265,-0.23638253339321813,78
-2.718151285662199,-0.23638253339331672,78
-2.5545609773785944,-0.17817806430574187,78
-2.5545609773814215,-0.178178064280542,78
-0.1547114615952869,1.1783009669559115,30
-0.10007692937073792,1.130254237852183,30
-0.1547114615952873,1.1783009669559117,30
-0.10007692937073792,1.130254237852182,30
0.9356675717110714,1.8898721091813029,20
0.8495032607173582,1.8975918912560314,20
0.9457229747093661,1.9976674652138808,20
0.901236852890168,1.8916507470812836,20
0.8368574671749565,1.7595971938555048,20
0.8020111412456195,1.7402273399492074,20
0.7911645835353766,1.7907753309620074,20
0.788255677490558,1.7996449749879184,20
0.7629677717936891,1.7631043370758435,20
0.6719143175700353,1.6358076552488447,20
-2.354995439107488,-1.2247734048484007,77
-2.354990464026228,-1.224779146149663,77
-0.7847646620557163,2.230343607396612,24
-0.8688853197750687,2.100486765931558,24
-0.8603908224769589,2.2174453961089555,24
-0.7398896102824681,2.123603597352184,24
-0.786974046442487,2.0018693290111287,24
-0.8147891134806717,2.286076974633399,24
-0.8632928478235026,2.1466050887098693,24
-0.9356798131480599,2.2175641511290802,24
-0.8778075778669167,2.1293949459130914,24
-0.8912718190762056,2.061952827001635,24
-3.3151764090680116,0.5985363224393451,88
-3.315176406751452,0.5985363310874395,88
-3.2088559793195164,0.7490356722492209,88
-3.2088559793172284,0.7490356722553795,88
-0.8358033877955348,1.9750048662695756,24
-0.6935682771806484,1.7328627897176823,24
-0.8358033877955346,1.9750048662695767,24
-0.6935682771806484,1.7328627897176807,24
0.20391889492666743,2.6592850233976804,22
0.049547178043288426,2.658700043885198,22
0.13083341411001387,2.700141629043182,22
0.1561158625136741,2.6426580887267,22
0.12656277347808645,2.5096942458315197,22
0.14090179714595674,2.6610766949439366,22
0.08282759760342018,2.598402410243286,22
0.07974048187027348,2.722984464055963,22
0.07183499238609965,2.5994395517409403,22
0.05200454918566413,2.594176148022486,22
-3.1373277128484083,-0.22553453013398153,87
-3.13732771281925,-0.22553452394038992,87
0.8923986257811539,-1.7420931974146217,50
0.8687945484200067,-1.6860277112019133,50
0.9407459276649612,-1.6883480323264017,50
0.9893236977086302,-1.6766282237318368,50
0.8648932039871591,-2.067148711493526,50
0.8683384118297445,-1.8214743397457782,50
0.8018503188024778,-1.8030193830720398,50
0.8570800234106671,-1.831895164265585,50
0.881720423120673,-1.8219632370645709,50
0.8358973534997998,-2.0644206946087316,50
3.301021299124016,-0.8318297983698391,38
3.301021299124015,-0.8318297983698383,38
3.2137505538292808,-0.8782810510310262,38
3.2137505538292794,-0.8782810510310317,38
0.8460313220450442,-1.8713838457296672,50
0.9244983112104902,-1.9813736381522613,50
0.846031322045055,-1.8713838457296572,50
0.9244983112094969,-1.981373638153174,50
-1.6464325944569131,2.3123618936125094,33
-1.7386242446326479,2.342084882324354,33
-1.6782598249097374,2.383427354873873,33
-1.561782184700836,2.3607248652938386,33
-1.705421704391766,2.3847656774572044,33
-1.7006532731993194,2.253377569295856,33
-1.6865667919556526,2.2556163724635594,33
-1.7417449479623106,2.1992839430604647,33
-1.677730625715362,2.2700934581274854,33
-1.7813331326653374,2.2640149661529705,33
2.9009448574757326,-0.31096309792322574,86
-0.7893357801743661,-3.0998252852910273,86
0.4350285969505884,3.3900263991609716,15
0.4597760404247734,3.4093148273521447,15
0.5264596862955072,3.430991715928555,15
0.6451013273551673,3.343724715085904,15
0.5837649178487551,3.3952861094804296,15
0.3874101531569119,3.232092093288498,15
0.5219589710337482,3.2934797306986416,15
0.4339254028379343,3.2601924839751137,15
0.5277302295286098,3.2325109593877013,15
0.4135458787411953,3.265078222863668,15
-2.2429200407102803,1.4803319892558324,80
-2.2429200406727925,1.4803319893012588,80
-1.9805647308451435,2.8950364937352804,25
-1.990365822843874,2.9535604006094753,25
-1.9973622794447008,2.9861906622158885,25
-1.0630696102944925,-3.0412125517148936,25
-1.9716314734946179,2.965002496564382,25
-1.962581853516199,2.8437364935248572,25
-1.9662804634440691,2.9129772283262256,25
-2.0288862176869475,2.833401522077471,25
-1.9336847787147853,2.9685073044396257,25
-2.0211197803995957,2.851553959657741,25
-2.9184274012106917,2.4158970299474336,86
-2.918427401210694,2.4158970299474305,86
-1.3018509507482148,3.501875020481675,18
-1.34837406710233,3.499851084196272,18
-0.8538739287446213,-3.3443142931055396,18
-1.2200321046942955,3.4785565773355174,18
-1.3503378192113078,3.420496097517115,18
-1.414817319173287,3.448849157787462,18
-1.3226634043233534,3.490304695664179,18
-1.4824100263148212,3.483332824497996,18
-1.3006000386610874,3.4253097601438474,18
-1.5245438553439141,3.387805868291796,18
-2.210568146778414,1.6364745018482616,86
-2.210568146778414,1.6364745018482616,86
-0.3628850606920487,3.025203598531577,31
-0.3768852742648547,3.056498492674116,31
-0.28683546111427644,3.125951302195068,31
-0.20542319932414765,3.1274589322631234,31
-0.33705805438960784,3.117345758711045,31
-0.5335372219494516,2.9135561483894734,31
-0.4597577845296317,2.9982292057720765,31
-0.5769939277657301,2.8706260929862606,31
-0.4903752785213318,3.051551814065325,31
-0.7093503915586712,2.8850216856064717,31
-0.7967458760836305,-3.0779087197962904,86
-2.6705911409952496,2.066376229956735,86
0.6417457773222927,3.2561777049994585,17
0.6731260640278761,3.2960285555618065,17
0.7188560543623552,3.2911134710809558,17
0.7929664379044735,3.264943801312544,17
0.6687030600286713,3.3092056213680916,17
0.606558119109218,3.095070502527458,17
0.6428395025001105,3.2147189153833025,17
0.643582341231154,3.151974167328892,17
0.6161064524502495,3.1678023105374904,17
0.5591101922794925,3.1363133032692536,17
-2.5687370163198735,1.5770581275898699,77
-2.568737016319887,1.5770581275898523,77
-1.4195599384088926,3.1661142591656777,24
-1.4077918568905787,3.2158657564525996,24
-1.3925344319221051,3.2305155961955023,24
-1.3259001212628334,3.2626143955322093,24
-1.4728482283857305,3.198312214018052,24
-1.4541042761933212,3.062189363544454,24
-1.4517590656505903,3.107118924229445,24
-1.515627767548047,3.0422020282582842,24
-1.4471202340830183,3.1322602912295308,24
-1.6168306458772457,2.9808992337772406,24
-2.9568087099077385,2.3271213253783913,86
-2.9568087099108724,2.3271213253743097,86
-0.5064724553620658,-2.981441318724622,17
-0.5366493422662063,-2.938944401520072,17
-0.47525017005911024,3.598668490470627,17
-0.43221447585601946,3.5212434087862934,17
-0.630400875258461,3.4758300129546167,17
-0.588414019706784,3.506829101943675,17
-0.5722609529886822,3.5133791380732533,17
-0.6491994672159612,3.5669897331260296,17
-0.6103286683015495,3.4466906441234744,17
-0.803777023434425,3.431025836814046,17
-2.540609369176368,1.7497156707359467,86
-2.5406093691763685,1.7497156707359456,86
-2.7951309639440485,1.7065296993106602,47
1.147709922775919,-3.158227110173488,47
1.1479363318870648,-3.1542882201589837,47
-2.911244289775851,1.8367822234496824,47
0.9177666205886793,-3.36467006856162,47
0.8139121666279572,-3.1746713751196576,47
0.6411520441518704,-3.3726529869297326,47
-2.9931698766684662,1.6590486495849186,47
0.8942611100456725,-3.2207409024021647,47
0.8661377803958926,-3.396675030069068,47
3.898502238017526,-1.2272418900297613,38
-2.808805761695466,2.9353281328732335,38
-2.807104403446142,2.9775347977026474,38
3.9125248893462974,-1.3287284941440862,38
-2.86821516606709,1.6720065513532523,47
-3.071042878033525,1.4796388970915815,47
1.0963499369526333,-3.150686655717919,47
1.0271155444594013,-3.248376576105453,47
-1.5668837099591664,2.3564253348560547,33
-1.6271055079660337,2.3785401197792178,33
-1.5786706939677737,2.4424264657338255,33
-1.4432492383802824,2.4265150342489985,33
-1.584760509890319,2.424257746763776,33
-1.6493299729422057,2.318172937545206,33
-1.6005923619664912,2.2774958072925884,33
-1.6686305637868866,2.2636447303068397,33
-1.644165930450206,2.3622552115302446,33
-1.6862975255321297,2.3283806581848414,33
-2.6964758095088404,2.002549773680369,86
-2.69647580951434,2.002549773673504,86
0.5120530701252464,3.3870664395394217,15
0.5617443844876479,3.4090876326905053,15
0.6096217285040403,3.4423502602233036,15
0.7287312343633422,3.340961483022971,15
0.6473972136976716,3.384347655872781,15
0.4741854301519563,3.2335181150063264,15
0.5740674860369561,3.2610748381817176,15
0.5228139637279237,3.2571273827816496,15
0.5576636024023154,3.242378408566746,15
0.5018938053891286,3.255605345622559,15
1.6852964589973423,-0.5586962941624979,80
-2.1999280793634957,1.370651249932865,80
-1.9133177648888509,2.983251400681511,25
-1.884108228610379,3.0138292295168996,25
-1.8773596644252049,3.0744033355752047,25
-1.8058291884842192,3.1368919834342086,25
-1.859442592011261,3.071029793470433,25
-1.917099829648376,2.9466231928923245,25
-1.8507484813068613,2.950402615444631,25
-1.9369696699886902,2.8999741004661184,25
-1.8455211999027068,3.035817052510975,25
-1.9227837700012744,2.9074439973085777,25
-2.9602902629666263,2.3254216645223265,86
-2.960290262966531,2.3254216645224464,86
-0.6809860174340685,-3.1546176063689138,18
-1.211408763613203,3.487459025422023,18
-1.2198908726003286,3.5658291122605665,18
-1.0606830304111752,3.489559861648629,18
-1.1978150577015105,3.4277237505123894,18
-1.291946512334603,3.43252502190591,18
-1.153206224074305,3.4796068520524934,18
-1.3144974445300506,3.513258540249458,18
-1.1478851965661376,3.4402860395915575,18
-1.3820048030378096,3.3829478651065346,18
-2.239092021865913,1.5726258180882724,86
-2.239092021865911,1.572625818088271,86
-0.25658746480682476,3.082738437382552,31
-0.25819339910811423,3.1385255032200243,31
-0.19645187375355405,3.18987755640692,31
-0.07096179844601469,3.1649005561641963,31
-0.26174476940776786,3.1530773806728933,31
-0.4136873818184433,2.984486893117405,31
-0.37363423865923634,3.044017476142035,31
-0.4143612790509908,2.99125639793554,31
-0.40949082778539564,3.091207202743464,31
-0.5400199876732692,2.9470186095693167,31
-2.682120104005161,1.9868389407526648,86
-0.7780364925940373,-3.0450002956598845,86
0.6898462995778045,3.2596542125975714,17
0.6992080707107681,3.3135260036987253,17
0.7517798536291717,3.322936074262322,17
0.8361342032173531,3.2917976464964616,17
0.7020717039918764,3.2926200493287854,17
0.6390667511509754,3.088722758264611,17
0.6464944622930899,3.21192276642598,17
0.6460135126805845,3.1791842125335847,17
0.627760042120508,3.1655359541633925,17
0.5512665454592367,3.144103347869149,17
-0.6729948200703977,-2.706451333781216,77
-2.541738569967754,1.4858914633240474,77
-1.346221202851481,3.221598174143132,24
-1.3194870194020523,3.2590337286659414,24
-1.3076105642536655,3.304910103830577,24
-1.2272879785271875,3.2990302191970167,24
-1.3689954600764833,3.259897690103174,24
-1.3746075816128764,3.1392364418767813,24
-1.3506726067460615,3.1621680984701177,24
-1.4122271549853265,3.1400607725539427,24
-1.362091362068533,3.148279788597929,24
-1.5179463729897293,3.0445398906210035,24
-3.0029148481782566,2.2495073628356446,86
-3.0029148481818817,2.2495073628309212,86
-0.4664459146644849,-2.8572742501892217,17
-0.3831946978939452,3.537565018603346,17
-0.3823868544599842,3.577537506785949,17
-0.32156364890490385,3.517357643727323,17
-0.4993486068280265,3.4534016985448197,17
-0.48936368726035206,3.4684455591848304,17
-0.47134467671025193,3.490378405597289,17
-0.539885085486742,3.5365766541250974,17
-0.5043898094692946,3.4353060979208676,17
-0.6992631238083848,3.4013915393888245,17
-2.5727918090460324,1.6525721196081198,86
-2.572791809046031,1.652572119608121,86
1.002921022704991,-2.9367769149984655,47
1.1495499662874242,-2.971831730745707,47
1.1332330303357598,-2.994566983885169,47
1.2235261788336271,-2.986127676694802,47
0.9730785886949088,-3.1548842463491074,47
0.9034640039508303,-2.924103324493383,47
-2.7449491829760055,1.523242744162911,47
1.0333311896165702,-3.0061486070578907,47
0.9908736722517669,-2.935943028041281,47
0.9057667318287056,-3.142993669598654,47
3.913665230208909,-1.2474829019693756,38
3.9136662191302047,-1.2474793812976792,38
-2.9067023602894295,2.9717676713853103,38
3.952704043806844,-1.3962561475447235,38
-2.66107749181563,1.5194318764868537,47
-2.8261480040828335,1.3753053553024592,47
1.065581701092854,-2.969133014112243,47
-2.8261478907307236,1.3753055615262586,47
-2.801802439684774,1.1935947595343177,80
-2.8227693213331846,1.1558527717517775,80
-2.9014945545351285,1.2756692578427342,80
-2.957145622488656,1.2051279678114624,80
-2.8018024396845065,1.193594759534968,80
-2.8227693213359757,1.155852771744491,80
-2.901494554535007,1.2756692578430067,80
-2.9571456224880404,1.2051279678128666,80
-1.3802625637089248,2.240011130608665,33
-1.493378262256627,2.302019559091816,33
-1.441440308290271,2.3881257757812175,33
-1.2777096568353998,2.386860388741946,33
-1.4111360276247895,2.304284889140168,33
-1.4292603693626835,2.171592210553207,33
-1.4329034038360546,2.1216770504408875,33
-1.5535008232545684,2.13085498953077,33
-1.4749093343952968,2.168720467718164,33
-1.4900188445193516,2.0936401889911433,33
-2.6523645350159426,1.3432814366504313,86
-2.8646584009558334,1.1691435086899775,80
-2.7159037298626787,1.1818425396391676,80
-2.867227889086738,1.3106904143526517,80
-2.7791230780410436,1.2763959219156662,80
-2.6523645348052085,1.3432814370104758,86
-2.8646584009570173,1.169143508687028,80
-2.7159037298621067,1.1818425396405783,80
-2.867227889086075,1.3106904143540528,80
-2.7791230780405685,1.276395921916661,80
-2.531123591487985,0.5010438790065929,80
-2.44881337576837,0.4707906584723886,80
-2.6358457810714624,0.6727770841366196,80
-2.500364080157062,0.5129065930692955,80
-2.531123591323882,0.5010438630446931,80
-2.44881337269262,0.47079092401046546,80
-2.635845783527417,0.6727770624815737,80
-2.5003640795197373,0.512906543897323,80
0.9864109049012302,2.993844329407149,15
0.8065338424076206,3.1122781324765483,15
0.9154606324192048,3.147436019363411,15
1.0117855274390843,3.0540680480765734,15
1.0484903272590949,3.001009529377852,15
0.9122113720629662,2.836084892473471,15
0.9562665133066436,2.96640697638458,15
0.9776028137717592,2.9385868254500984,15
0.8125748808016097,2.96398507121097,15
0.9425977132592096,2.872677782311329,15
-2.199193462665599,0.48969627547357325,80
-2.6068347294107244,0.48453351419878554,80
-2.4577018850444867,0.48696753291550676,80
-2.6358582275652758,0.7312089206114283,80
-2.4405884231148125,0.5106615073549556,80
-2.1991880091571496,0.4897574763313349,80
-2.6068347299753833,0.4845335908395469,80
-2.457701884546043,0.4869675524210149,80
-2.6358579740036086,0.7312103813608689,80
-2.4405884315813844,0.5106613426129574,80
-2.934289013413133,1.7293173637369683,84
-2.94635193845454,1.6819910742337516,84
-3.013250144519504,1.7516432290322774,84
-3.0357562026344813,1.7568909049483497,84
-2.9342890134131334,1.7293173637369672,84
-2.946351938454532,1.6819910742337632,84
-3.013250144519503,1.7516432290322768,84
-3.035756202634015,1.7568909049491384,84
-1.6793219156150987,2.816666384543538,25
-1.670013425726723,2.8719939178166767,25
-1.7020047960571254,2.921230713212601,25
-1.6234511647125252,3.024891824619393,25
-1.6491646114053364,2.839664495820346,25
-1.6326815491820563,2.815436958580998,25
-1.5418395891481578,2.854489129406652,25
-1.660101944440747,2.7880053146553103,25
-1.5649386277379034,2.911765262349075,25
-1.6316157432736327,2.6984098884695844,25
-2.821564648475733,1.7406485072223146,84
-2.9703661952920966,1.6943361401019974,84
-2.904495665524211,1.7003200584592055,84
-2.994951074610338,1.7577636739570095,84
-2.9575104199417797,1.7527551293255867,84
-2.821564648475733,1.740648507222314,84
-2.9703661952920943,1.694336140101995,84
-2.904495665524211,1.7003200584592062,84
-2.9949510746103387,1.7577636739570106,84
-2.9575104199417797,1.7527551293255865,84
-2.4988429563250425,1.1856295403372088,83
-2.5962571408150015,1.136561359239183,83
-2.6025502340457924,1.2137511868499897,83
-2.636933949389125,1.1563228224757445,83
-2.4988429563250425,1.1856295403372097,83
-2.5962571408150006,1.1365613592391821,83
-2.6025502340457667,1.213751186849999,83
-2.636933949389124,1.1563228224757442,83
-0.3687444894975036,3.231857755129522,18
-0.42783415668184854,3.287290083195394,18
-0.45531710456373214,3.329466903650691,18
-0.3102861560103355,3.295355802110249,18
-0.3498587714056163,3.206731205275364,18
-0.4801907088307196,3.2106614320398066,18
-0.3490408698383147,3.286131541991098,18
-0.5342207200600012,3.3259805518848475,18
-0.3987560893792039,3.2754635507754672,18
-0.4925430462814571,3.2075679201332177,18
-2.3887331724320275,1.1446487475161837,86
-2.4861048198251483,1.129712455637948,83
-2.555053977257271,1.1652667159687342,83
-2.587665683554005,1.2357539235280999,83
-2.464553801126893,1.1577730551717924,83
-2.3887331724320258,1.1446487475161817,86
-2.486104819825147,1.1297124556379494,83
-2.555053977257274,1.1652667159687349,83
-2.5876656835540044,1.2357539235281014,83
-2.464553801126895,1.157773055171792,83
-2.684966853556928,1.1672489191940878,78
-2.714966937104957,1.1688609369523921,78
-2.8579752684701782,1.2569727154051489,78
-2.7976239414187813,1.2309635811860726,78
-2.6849668535569786,1.167248919193976,78
-2.7149669371037084,1.1688609369554657,78
-2.8579752684667787,1.2569727154127253,78
-2.797623941373433,1.2309635812885162,78
0.16942269393561005,3.1539968534089344,31
0.15359549048728255,3.206709091998077,31
0.30131383625523683,3.2899705910895447,31
0.258880729902021,3.184876596769686,31
0.10594248689217727,3.132731975012739,31
0.010799890499378354,2.9631034472385513,31
-0.05537297994076138,2.9842223734304962,31
0.04101177635179622,3.0770882435465854,31
-0.1257982155825171,3.0042967825105267,31
-0.2992168972256127,2.8847438464703474,31
-2.649980299832783,1.4553140734004804,78
-2.779420109929979,1.1660455651404744,78
-2.6456263855406794,1.2255829681647972,78
-2.816684076879037,1.283519366683103,78
-2.792273297803659,1.3338465264061679,78
-2.649980299832781,1.455314073400487,78
-2.7794201099299656,1.1660455651405024,78
-2.645626385541587,1.2255829681630028,78
-2.8166840768783312,1.2835193666846432,78
-2.7922732978025606,1.333846526408367,78
-2.5688056323979134,0.5239451950005868,77
-2.519800751320962,0.4843846338955928,77
-2.7672347455822077,0.6843957429566149,77
-2.603419343641638,0.569526727101567,77
-2.568805632397932,0.5239451950014279,77
-2.5198007512704534,0.48438463253737063,77
-2.7672347455885,0.684395742910723,77
-2.6034193436414883,0.5695267271132204,77
1.0779056064432198,3.080781739134648,17
0.9612969815669087,3.1422791726333914,17
1.0532529224572618,3.1377621473681487,17
1.0391034760124684,3.106359891419825,17
0.970124559036703,3.0543712336135647,17
1.0045268198581243,2.867669909596532,17
0.9949070177972018,2.970089299505309,17
1.0174901166348624,2.958032921025996,17
0.9208165691561777,2.9302040182353073,17
0.880847964630607,2.877458678018498,17
-2.5901634015837027,0.7752937740728292,77
-2.700670182554587,0.5743669555476856,77
-2.529633922150563,0.5314655033939197,77
-2.7509937234612813,0.7138629136663969,77
-2.610358046845039,0.6749415624620765,77
-2.5901629435131435,0.7752956271435042,77
-2.7006701825558643,0.5743669555313613,77
-2.5296339221438644,0.5314655032791471,77
-2.7509937234488633,0.7138629137497792,77
-2.6103580611891513,0.6749414417463795,77
-2.8838710275530235,1.6650827289814587,88
-2.887076519452939,1.5823020737112157,88
-2.9783309859393765,1.6680121444391585,88
-3.009782529210095,1.6717700176498602,88
-2.8838710275530235,1.6650827289814611,88
-2.88707651945294,1.5823020737112157,88
-2.978330985939375,1.6680121444391587,88
-3.0097825292137896,1.671770017643424,88
-1.062056152763595,3.0991919835926782,24
-1.0556872926366967,3.130385272918384,24
-1.0462359376326762,3.1929987599240017,24
-0.9908101150658944,3.1841784709749144,24
-1.1537539294670842,3.048604299634424,24
-1.181455062545429,2.963378756424622,24
-1.0794973340056653,3.0409428045924742,24
-1.148885467300261,3.021009623776859,24
-1.1335318859670935,3.0143021246546895,24
-1.2787689698829214,2.8860316186585155,24
-2.980751632244378,1.7611090431244167,88
-2.9110968090756697,1.6386552040452151,88
-2.855454690496144,1.6346078014841772,88
-2.9272670932953906,1.682793988372476,88
-2.9426357051589807,1.7297066582224696,88
-2.9807516322009455,1.7611090431965426,88
-2.9110968090756684,1.638655204045216,88
-2.8554546904961446,1.6346078014841798,88
-2.927267093295392,1.6827939883724772,88
-2.942635705158976,1.7297066582224712,88
-2.558337722260971,1.0812778470331157,87
-2.5357600156323996,1.0988712346279168,87
-2.664166287121406,1.1281818181963625,87
-2.601578914617057,1.1067901780018252,87
-2.5583377222609713,1.0812778470331157,87
-2.5357600156324005,1.0988712346279161,87
-2.664166287121408,1.1281818181963619,87
-2.601578914617107,1.1067901780017313,87
0.2815661078680663,3.2881036454228805,17
0.2377861463174789,3.310358144573638,17
0.2548855095188839,3.3496179064255585,17
0.27752064710499247,3.2780746934617637,17
0.20403326814956677,3.2106565706078722,17
0.13701849109829178,3.2430694418521,17
0.17518786255679453,3.2788286241520708,17
0.12810831259977098,3.3533716236135995,17
0.0924997258573941,3.2485194297839857,17
0.02874190877017011,3.2189821396934777,17
-2.6473365091146346,1.1809098750259868,87
-2.594979395460753,1.057492046810845,87
-2.554261754883805,1.1190407959483073,87
-2.639597985759638,1.13632978710063,87
-2.5609662060938567,1.172376027772655,87
-2.6473365091153513,1.1809098750243647,87
-2.5949793954607507,1.0574920468108457,87
-2.5542617548838042,1.119040795948312,87
-2.6395979857596377,1.1363297871006295,87
-2.5609662060938536,1.172376027772662,87
3.4286224028429038,-0.999800350314612,38
3.4988787964153913,-1.1208064050347324,38
3.449333348632277,-1.0061894439215442,38
3.4838734472945077,-1.086201612332401,38
-2.4584832976374296,2.561484480058723,38
3.498878796199503,-1.1208064059863827,38
3.4493333486013285,-1.006189444039264,38
-2.5369109898618523,2.5793420955346464,38
1.5140948052125627,-1.9355802082289268,47
1.6904458507252103,-1.8846301334367452,47
1.6369325761822369,-1.905713469379551,47
1.7138786336585723,-1.9305395057845771,47
-2.367865333520827,1.030348946252389,47
1.6165607547215988,-1.794064762516842,47
1.0652208416531366,-2.5254671651319947,47
1.5542836673436202,-1.9501481076591007,47
1.5946050877635565,-1.9612509168530052,47
1.0430919444652431,-2.751145713814228,47
3.655762193268373,-0.9566001467468608,38
3.6465745339912052,-0.9952867663083655,38
-2.56368262663311,2.603398522895546,38
3.5527776540160434,-1.0373377232691179,38
-2.617678613461263,2.5862723271901764,38
3.6557621900025774,-0.9566001654442102,38
3.6465743528144188,-0.9952876660634343,38
3.522525789591688,-1.1237390588522203,38
3.552777839521576,-1.0373369568924924,38
3.5382655501613303,-1.114705490343978,38
3.680791281290348,-0.9634043570267001,38
-2.4718827062380275,2.569165798017944,38
-2.5072964657465606,2.6513876200003033,38
3.5536752657222346,-0.9444922055268531,38
3.563997750269137,-0.9348505644579498,38
-2.5142831715752103,2.8169739133506293,38
3.4319657258840595,-0.9676516016189606,38
3.5281094749557385,-1.024167515035299,38
-2.4514389552798628,2.7256486039010706,38
3.563997750247399,-0.9348505645228861,38
1.5234386688853438,-2.110454764667268,47
1.291161250111673,-2.6038091303946507,47
1.5023710568170612,-1.8214464373981687,47
1.5172232716211789,-2.340149079578662,47
1.4355589571255356,-2.0305203462644386,47
-2.1262390676134535,0.9639688230287327,47
-1.5534602018552637,0.9184823765594536,47
1.7380407080508828,-2.291469967511168,47
1.5543587937907348,-1.9021568075622814,47
1.4052971181808582,-2.526629297237324,47
1.53379142485498,-2.100091278158324,47
1.29019589502606,-2.6043647143614397,47
1.502394948772925,-1.821419025354249,47
1.4420601500151708,-2.3937601659914067,47
1.4441248056950882,-2.0224176396755786,47
1.5627814184000366,-2.405343240848827,47
1.0740251044314078,-2.345151194398729,47
-2.2299722845341887,1.311835547649949,47
1.554331517018574,-1.9021886732682902,47
-2.1603993749199377,1.10138324605874,47
-2.4057940141429714,-0.17857782008170098,81
-2.431332633384697,-0.1723278073688273,81
-2.411062868372937,-0.1502129889031534,81
-2.42140236033567,-0.08216069212115035,81
-2.4057940146193952,-0.17857781758615135,81
-2.4313326333972136,-0.17232780729055253,81
-2.4110628687427624,-0.1502129866162894,81
-2.4214023600028973,-0.0821606947354402,81
0.7640194161540816,0.6306869129290311,37
0.7360623443786397,0.6457032887322669,37
0.8082178961273392,0.6075698292090421,37
0.7857181090857667,0.6790287263919532,37
0.7750218213859645,0.6182821714905496,37
0.8137390902333982,0.6138090767492779,37
0.7800081991144148,0.6568239464157551,37
0.7537081763830003,0.5893645779520986,37
0.8412690390349206,0.6449712647826097,37
0.679306672326559,0.6521071961915385,37
-2.040110307964921,-0.2571307477771793,81
-2.304565007374068,-0.32507840254060955,81
-2.3021125485753835,-0.164440990064972,81
-2.3564661099370676,-0.1788143991451495,81
-2.2538172392456897,-0.20404449394103838,81
-2.040110308023444,-0.25713074755132137,81
-2.3045650073842237,-0.3250784025121305,81
-2.3021125487418375,-0.16444098932380535,81
-2.356466109048507,-0.1788144026451442,81
-2.25381723911323,-0.2040444943535333,81
-1.9950210837913072,-0.9519364694925954,82
-1.928519186891161,-0.9971130225919085,82
-1.9671404643237433,-0.9498731689095082,82
-1.9023839461773064,-0.9750118880328066,82
-1.9950210837572813,-0.9519364695634516,82
-1.9285191869042595,-0.9971130225671226,82
-1.9671404643489336,-0.9498731688567275,82
-1.902383946176095,-0.9750118880352284,82
1.6704781827536301,0.46265711710811425,19
1.632420439022029,0.47047559172220615,19
1.7026822656554015,0.4161510429493156,19
1.6744891798267505,0.49372990915790543,19
1.5884466898907028,0.46286719842842605,19
1.722744667643881,0.49258009746547443,19
1.7332814891119481,0.4914487938310711,19
1.730267963165643,0.4334161126527984,19
1.7213059075387178,0.5033340498886868,19
1.6149900680325653,0.4832920095657542,19
-1.6608961761141927,-0.872506131557354,82
-1.8685176945384883,-1.0165978291500464,82
-1.8324979200268752,-0.9117357656437582,82
-1.9132924417324702,-0.9142973479746556,82
-1.777389969268525,-0.9416477936695614,82
-1.6608961761114727,-0.8725061315638641,82
-1.8685176945566384,-1.0165978291158424,82
-1.8324979200257558,-0.9117357656462319,82
-1.9132924417658328,-0.9142973479002813,82
-1.777389969268294,-0.9416477936700629,82
-2.444472960054112,0.7863807702237893,85
-2.5030603587917946,0.6681381851037984,85
-2.4448282623106907,0.7192373721239246,85
-2.5132326942169345,0.750801096719149,85
-2.444472960054116,0.786380770223788,85
-2.5030603587917937,0.6681381851037967,85
-2.4448282623106894,0.7192373721239251,85
-2.513232694216936,0.7508010967191471,85
-0.33466094698023235,1.7631120713920352,29
-0.48175973307866804,1.8844428245346487,29
-0.46010653388921235,1.8456879003656188,29
-0.49104268481393115,2.0179066739806784,29
-0.47042694579670136,1.825331536827621,29
-0.2657501680725299,1.8681226476235202,29
-0.35706131472247593,1.9567778913611078,29
-0.38107328330792395,1.8344073005490984,29
-0.4183407302725517,1.9840526285813054,29
-0.4470389116615856,1.8689819223987234,29
-2.1547481472420182,0.6555006714413609,85
-2.3994346888651394,0.683732098182833,85
-2.4128345479223228,0.6755482715964176,85
-2.3838616974303197,0.7266246598753902,85
-2.3779204590907788,0.7119701854592029,85
-2.154748147242019,0.6555006714413598,85
-2.3994346888651408,0.6837320981828321,85
-2.412834547922324,0.6755482715964166,85
-2.3838616974303206,0.7266246598753908,85
-2.3779204590907783,0.7119701854592024,85
-2.269378017690674,0.16162265914973795,83
-2.3240942624139307,0.11753760591578732,83
-2.309800945647873,0.16519388290915063,83
-2.330735045435725,0.11084624992967368,83
-2.2693780176906753,0.1616226591497379,83
-2.324094262413934,0.11753760591578731,83
-2.309800945647871,0.1651938829091509,83
-2.3307350454357256,0.11084624992967364,83
0.8074803586515169,2.315207025520278,21
0.6937158983209505,2.370592962632553,21
0.763575895781993,2.367508829979447,21
0.7198796179641438,2.3094604946755775,21
0.6301569880868383,2.192852958486011,21
0.8631949149272187,2.4327905135634236,21
0.8235673247646914,2.4792013768854932,21
0.8508541217675114,2.50569610348278,21
0.7675314858534698,2.4182491579285093,21
0.7281134692680484,2.4360748696249432,21
-2.027181466455302,0.05662102112238585,83
-2.156760559974353,0.07370623373635658,83
-2.2328257600757615,0.16595323305942902,83
-2.23097377133464,0.1636615470720042,83
-2.19721136223927,0.12955653833075953,83
-2.027181466455302,0.05662102112238569,83
-2.156760559974352,0.0737062337363567,83
-2.2328257600757606,0.16595323305942872,83
-2.23097377133464,0.1636615470720042,83
-2.1972113622392717,0.12955653833075925,83
-1.804653713776128,-0.14454457465298057,79
-1.8489943356539529,-0.22907813088367102,79
-1.873123693162933,-0.18633478405874446,79
-1.8350602049200997,-0.18253802576282474,79
-1.8046537137761276,-0.14454457465298093,79
-1.848994335653951,-0.22907813088367124,79
-1.8731236931629325,-0.1863347840587443,79
-1.8350602049200986,-0.18253802576282485,79
0.8998773617849466,1.2487748039961182,35
0.8254632854141805,1.1823716765448267,35
0.9309234522776852,1.1995765022257745,35
0.927204982881934,1.2123484227901942,35
0.8657745179565689,1.1525447857947697,35
0.928046346599097,1.1608541849448413,35
0.8644891667866276,1.0740065023119725,35
0.8721317331036363,1.0842418868546844,35
0.8676407213611511,1.0755097569316021,35
0.7982640387304416,1.0403770062401485,35
-1.6199992662039224,-0.16469039609855443,79
-1.857144513081635,-0.2387377086538876,79
-1.8215571182124035,-0.21244079075094566,79
-1.914658368265983,-0.17749928497806874,79
-1.8825614285186687,-0.18276416685408814,79
-1.6199992662039207,-0.16469039609855454,79
-1.8571445130816355,-0.23873770865388771,79
-1.8215571182124044,-0.2124407907509456,79
-1.914658368265983,-0.17749928497806922,79
-1.8825614285186683,-0.18276416685408875,79
-1.807065167637329,-0.7398674657250904,77
-1.7835951844842626,-0.8086644215697082,77
-1.8138270645095693,-0.8221468544424712,77
-1.7857478300475722,-0.8129466734304992,77
-1.8070651676373293,-0.7398674657250909,77
-1.7835951844842641,-0.8086644215697059,77
-1.813827064509566,-0.8221468544424768,77
-1.7857478300475722,-0.8129466734305001,77
1.6744215597485648,1.5398142626265658,4
1.5840728123389431,1.3950686244003472,4
1.644034155940148,1.398290427402259,4
1.6260567227046825,1.4589026027723997,4
1.558860232709168,1.3282870168730452,4
1.6844432673541574,1.356384401588882,4
1.6421942907281093,1.3679029581719064,4
1.674026010941565,1.3815161895277255,4
1.6172323637802453,1.3450455661784193,4
1.5693366740778467,1.3074631539878938,4
-1.5961371386397583,-0.8552365171215975,77
-1.7961325241280341,-0.7937768216248569,77
-1.7230558847710984,-0.7896289518154768,77
-1.8167782982906442,-0.7927686022374747,77
-1.7170310095629495,-0.8331593006165443,77
-1.5961371386398486,-0.8552365171213999,77
-1.7961325241280348,-0.7937768216248566,77
-1.723055884771099,-0.789628951815477,77
-1.8167782982906457,-0.7927686022374696,77
-1.7170310095629522,-0.8331593006165402,77
-2.216851425489741,0.565532290048897,89
-2.261899630616584,0.4579572010726407,89
-2.2362235199420986,0.5172653678103527,89
-2.2996277527749474,0.518640734239747,89
-2.216851425489741,0.565532290048897,89
-2.261899630616585,0.45795720107264026,89
-2.236223519942099,0.5172653678103523,89
-2.299627752774947,0.5186407342397469,89
0.056162185911429865,1.987338014454906,27
-0.02153924835939401,1.9685409101948106,27
0.02132223018406004,2.0270102399179595,27
0.0108681800481581,2.0191277842860886,27
-0.018434412840349756,1.9235341430621293,27
0.09319637331254736,1.97608499650677,27
0.04266481028449648,1.9487879373446448,27
0.03478982813020936,1.97590163333614,27
-0.005589729073466697,1.9595203171230848,27
-0.031176784141020025,1.9488709382525906,27
-2.2304449625648286,0.5166577985712225,89
-2.208303198850812,0.4661379136818115,89
-2.2182760282424687,0.45281679377766104,89
-2.244967232057315,0.508063690571449,89
-2.281842635273226,0.5061983553307,89
-2.230444962564825,0.5166577985712234,89
-2.2083031988508117,0.4661379136818123,89
-2.218276028242466,0.4528167937776622,89
-2.244967232057315,0.5080636905714495,89
-2.281842635273223,0.5061983553307001,89
-2.224091612579657,0.09163638866901225,87
-2.2102950571137603,-0.009140126891941915,87
-2.2679420353564383,0.025267025826927202,87
-2.214464255338517,0.004548190775481935,87
-2.22409161257966,0.09163638866900455,87
-2.2102950571137603,-0.009140126891941528,87
-2.267942035356437,0.025267025826930137,87
-2.214464255338516,0.004548190775484072,87
0.9900187389276351,2.365518325917721,22
0.9584487660141332,2.428227083451342,22
0.9895348742013748,2.41393311672018,22
0.9804978247134598,2.380543510276502,22
0.9023675148071141,2.254792493114542,22
1.0213190470511435,2.3894257464928974,22
0.9991369739864994,2.4267143270113762,22
1.0036976925965837,2.5176991294548787,22
0.9396456916217504,2.338879710402285,22
0.9238404634032209,2.429987158751761,22
-2.1635132570725326,-0.037096292828431854,87
-2.2289529434587845,-0.05969906238848914,87
-2.161242580096876,0.029841050399534476,87
-2.248750371325459,0.026231992798635,87
-2.146327645565997,-0.027042774444955772,87
-2.1635132570725224,-0.037096292828554936,87
-2.228952943458784,-0.05969906238849004,87
-2.161242580096875,0.0298410503995231,87
-2.248750371325463,0.02623199279862707,87
-2.1463276455659996,-0.027042774444956008,87
2.9718096382068313,-1.4134494298260167,40
3.196586927398257,-1.5179898451635807,40
3.1199495702387265,-1.4431105797895138,40
3.067621205129514,-1.427503400591883,40
2.971809638206831,-1.4134494298260176,40
3.1965869273982555,-1.5179898451635865,40
3.1199495702387265,-1.4431105797895167,40
3.067621205129515,-1.4275034005918843,40
1.5104149571102699,-2.277674553432317,49
1.6047066279099687,-2.1721430653902543,49
1.6131212256824858,-2.184505904387376,49
1.7131718424715785,-2.1854487818531063,49
1.516238372389811,-2.5598497682546966,49
1.5380506371558877,-2.170215341990239,49
1.5191567460023734,-2.3403028996007023,49
1.5446654720960675,-2.2993645417380466,49
1.5982798694946734,-2.284741169150437,49
1.4673827602639626,-2.580927486604583,49
3.086480229020568,-1.3203356348288955,40
3.1142879476549328,-1.3910265678622662,40
3.1964775145235707,-1.4283264853321747,40
3.0838865489626377,-1.3611023878640995,40
3.118753071918546,-1.4238025640208214,40
3.086480229020352,-1.320335634829504,40
3.114287947654222,-1.3910265678643903,40
3.1964775145263005,-1.4283264853251005,40
3.0838865489626377,-1.3611023878641026,40
3.1187530719168857,-1.4238025640255783,40
3.158794715480007,-1.3867830613041856,40
3.076671606886583,-1.3210422408393867,40
3.260278005657594,-1.3979402206130511,40
3.3106955478798303,-1.3224513509979765,40
3.2354944830410193,-1.3572191485711935,40
3.15879471548029,-1.38678306130342,40
3.0766716068865594,-1.3210422408394407,40
3.260278005657877,-1.3979402206122458,40
3.3106955478792868,-1.3224513509997138,40
3.235494483041826,-1.3572191485688998,40
1.4716842289718812,-2.3598984966501835,49
1.557329473579393,-2.5881422940713,49
1.4958682177115965,-2.197369695049857,49
1.7013716360745312,-2.4044080481062573,49
1.4924903135128627,-2.3643402431929483,49
1.6572490210842525,-2.493568205896147,49
1.3354299418173008,-2.271275937123523,49
1.6979221643958067,-2.2798216198666,49
1.614189598487297,-2.2410808476264648,49
1.7224466114824777,-2.5012512188757263,49
1.4716842289763183,-2.3598984966467835,49
1.557329473526014,-2.588142294106078,49
1.4958682177116505,-2.197369695049806,49
1.7013716360733349,-2.4044080481072236,49
1.492490313434965,-2.364340243253104,49
1.6572490217984326,-2.493568205384469,49
1.335429941839171,-2.271275937105749,49
1.6979221643957927,-2.2798216198666137,49
1.6141895984869241,-2.2410808476268107,49
1.7224466114731236,-2.5012512188826137,49
-2.234354145390429,-0.2764118110183335,81
-2.210033969324723,-0.27302259707907045,81
-2.2730454439043757,-0.23466712166346196,81
-2.2030646676218515,-0.22139005986480587,81
-2.2343541453903235,-0.27641181101871676,81
-2.210033969323928,-0.27302259708196075,81
-2.2730454439080825,-0.23466712165092238,81
-2.2030646676207173,-0.22139005987013602,81
0.8697258236471173,0.5779999639634096,37
0.8523337564612666,0.5931565150682597,37
0.9436101971944324,0.5343935275524512,37
0.8698712797009152,0.6033318669605456,37
0.8959813000706371,0.5517349919689449,37
0.9151230543095742,0.5702002789520599,37
0.8970842782265123,0.6170322127177761,37
0.8676509584759073,0.5473925355955945,37
0.9224268178038756,0.6039819173378712,37
0.7833134927929791,0.619194069213708,37
-1.8149640315173654,-0.29093062919673807,81
-2.165134952825805,-0.39732017971598027,81
-2.0960435577757717,-0.2466235975623954,81
-2.2096125728158573,-0.2592884603580453,81
-2.0546724380175996,-0.2519636022626981,81
-1.8149640315177429,-0.2909306291947193,81
-2.1651349528259534,-0.39732017971560313,81
-2.0960435577757286,-0.24662359756260352,81
-2.2096125728186,-0.25928846034792535,81
-2.0546724380176156,-0.2519636022626161,81
-1.8958339437258973,-0.9398855975299716,82
-1.822492695970263,-0.9570500155174211,82
-1.8683964916924451,-0.965877314517525,82
-1.8176802442808937,-0.9378122946243004,82
-1.8958339437251552,-0.9398855975315942,82
-1.8224926959712513,-0.957050015515271,82
-1.868396491699952,-0.96587731450157,82
-1.8176802442803355,-0.937812294625557,82
1.7038386700044157,0.4541769850746419,19
1.6438789285313862,0.45980065393438674,19
1.721654184816972,0.39744065421553093,19
1.689955436372163,0.4493007930072223,19
1.6324169710165246,0.41653531522861303,19
1.7453524330906924,0.46253522757369386,19
1.7247939621436754,0.47327292085394307,19
1.7348550964649398,0.4056820539217259,19
1.7070820395192696,0.4930383633679337,19
1.6218238652382682,0.4698903361027082,19
-1.5619631161618748,-0.8001428259621216,82
-1.7835817779666836,-1.0196556006280364,82
-1.7516654110061882,-0.8918325595079701,82
-1.8315346424865482,-0.9068597953338045,82
-1.7124598225678653,-0.9177023640289848,82
-1.5619631161618905,-0.80014282596208,82
-1.7835817779665906,-1.0196556006282216,82
-1.7516654110062628,-0.8918325595077944,82
-1.8315346424882704,-0.9068597953297914,82
-1.7124598225678986,-0.9177023640289147,82
-2.4152658674425487,0.709151014042143,85
-2.45276085386045,0.6397272807395059,85
-2.430755507623955,0.6543069283204122,85
-2.461267810571628,0.7229396187160732,85
-2.415265867442548,0.7091510140421422,85
-2.4527608538604504,0.6397272807395064,85
-2.4307555076239535,0.6543069283204115,85
-2.4612678105716284,0.7229396187160725,85
-0.22444686599235483,1.7385438406929592,29
-0.3918786042044472,1.842232278031642,29
-0.3569154016615933,1.8069186007443028,29
-0.40935960802268084,1.9568262836809844,29
-0.37563280515997843,1.8089684407169335,29
-0.1426728046513484,1.834668844978485,29
-0.25996511678466666,1.9309859010545443,29
-0.2647154690857137,1.808103582091418,29
-0.30090998865535895,1.942034582556699,29
-0.3455636376174891,1.8556630399464698,29
-2.112408406872798,0.634737590200263,85
-2.379872223326028,0.6152905190029222,85
-2.367641078208928,0.653792876604072,85
-2.38154827714647,0.657362787665107,85
-2.3292987871760396,0.688507703155069,85
-2.1124084068727975,0.634737590200263,85
-2.379872223326028,0.6152905190029224,85
-2.3676410782089263,0.6537928766040733,85
-2.381548277146472,0.6573627876651068,85
-2.329298787176038,0.6885077031550695,85
-2.2478117186095883,0.17637497661201015,83
-2.25673131285526,0.14441645505164563,83
-2.2899280209360313,0.1598234980374639,83
-2.26055189143046,0.13903998438930115,83
-2.2478117186095914,0.1763749766120102,83
-2.2567313128552584,0.14441645505164583,83
-2.28992802093603,0.15982349803746396,83
-2.260551891430461,0.13903998438930126,83
0.8342898151391608,2.166544326429593,21
0.7460790620527941,2.255161597178331,21
0.795542611452476,2.2201805554446046,21
0.7807126478371085,2.1900679784314465,21
0.7029804842774945,2.083360633864997,21
0.9066590592534587,2.3023633631726916,21
0.8486698915565668,2.3381078836479467,21
0.8832289612523122,2.394588948052193,21
0.7897819637916147,2.285985417499714,21
0.772603656600687,2.333146715452981,21
-1.9626578471831033,0.04020207143590878,83
-2.159672806435214,0.03727585023475321,83
-2.2058731061728274,0.1966633396642212,83
-2.2337711388893906,0.1406525685672545,83
-2.1532291094164204,0.15055346780637638,83
-1.9626578471831033,0.04020207143590867,83
-2.159672806435215,0.037275850234753646,83
-2.2058731061728283,0.19666333966422117,83
-2.2337711388893906,0.14065256856725447,83
-2.153229109416422,0.15055346780637627,83
-1.7022106367727246,-0.18592607946897147,79
-1.7124555696459902,-0.21270926513391344,79
-1.7625890992154765,-0.2175690680384175,79
-1.7002351347707232,-0.16011220998962783,79
-1.702210636772724,-0.18592607946897094,79
-1.7124555696459889,-0.2127092651339133,79
-1.7625890992154765,-0.21756906803841738,79
-1.7002351347707239,-0.16011220998962764,79
1.0678298631812169,1.2395551249470702,35
0.9815247495271742,1.1646494327130432,35
1.106044918188581,1.1961490714704321,35
1.091433963543138,1.2014744116913965,35
1.072712232665878,1.1492905320447155,35
1.0948558612932675,1.1554905497874823,35
1.0266758623182988,1.0821061199906332,35
1.0280243879922297,1.081313497432469,35
1.0238528075709432,1.0865272358257319,35
0.9622038336142154,1.0634773336945438,35
-1.453108364502195,-0.10981986337932793,79
-1.7514370113660123,-0.27197760161351636,79
-1.6824745307149132,-0.20237301713969447,79
-1.790457270232454,-0.22147863747199276,79
-1.6819820312572138,-0.18579845788083194,79
-1.4531083645021945,-0.10981986337932766,79
-1.751437011366013,-0.2719776016135165,79
-1.6824745307149125,-0.20237301713969483,79
-1.7904572702324524,-0.22147863747199267,79
-1.6819820312572138,-0.18579845788083205,79
-1.7080002712814195,-0.7060038867174989,77
-1.6631187737682924,-0.7358384943064241,77
-1.7046067200571016,-0.817481042164713,77
-1.659302628761314,-0.7283144117046632,77
-1.7080002712814195,-0.7060038867174993,77
-1.663118773768292,-0.7358384943064219,77
-1.704606720057102,-0.8174810421647128,77
-1.6593026287613144,-0.7283144117046628,77
1.7357576609976448,1.4656410707223981,4
1.6868909288480864,1.4204145826232333,4
1.7370991963093716,1.3729974729133179,4
1.7376892927355192,1.4738101847988727,4
1.652317772029596,1.292470068303918,4
1.7607557057524683,1.2765156340385175,4
1.7219874657160208,1.3025975936495262,4
1.749796468952092,1.3079446450316876,4
1.7080540038591197,1.3240984137097414,4
1.6445072046748392,1.2417514280540198,4
-1.5068267744348434,-0.7643873058170734,77
-1.720806937445151,-0.7866449864701085,77
-1.6125939317538065,-0.7139434585772546,77
-1.7169548510856034,-0.7936361876351073,77
-1.5840645397882593,-0.7467197475619518,77
-1.5068267744348338,-0.764387305817074,77
-1.720806937445149,-0.7866449864701088,77
-1.6125939317538054,-0.7139434585772552,77
-1.7169548510856063,-0.7936361876351065,77
-1.5840645397882602,-0.7467197475619525,77
-2.175499962714081,0.5064017335565748,89
-2.1809931518369114,0.4431233179955389,89
-2.1893422439669195,0.4550328205034804,89
-2.2243233724752725,0.5137211367274122,89
-2.1754999627140807,0.5064017335565748,89
-2.180993151836911,0.443123317995539,89
-2.18934224396692,0.45503282050348076,89
-2.224323372475272,0.5137211367274117,89
0.15488016404687102,1.985819235866251,27
0.07338977785335044,1.950082577141449,27
0.10897470146459881,2.0032419310386786,27
0.1015109719874143,1.994171041472805,27
0.0811394659505184,1.9327287262976394,27
0.17334363902232505,1.9483934663692815,27
0.12282423226332789,1.9529027018853757,27
0.12137793211409709,1.9495222391992273,27
0.08319623602624128,1.9687010456000176,27
0.061057856133268466,1.9428120742904982,27
-2.152302820639652,0.5084761474669829,89
-2.17257737065275,0.4117806302748345,89
-2.1449393384249493,0.43165025482307223,89
-2.191352705399139,0.4590089683287488,89
-2.153985613285627,0.4886156005285618,89
-2.1523028206396546,0.5084761474669836,89
-2.17257737065275,0.4117806302748343,89
-2.1449393384249533,0.43165025482307207,89
-2.1913527053991397,0.4590089683287487,89
-2.153985613285628,0.48861560052856157,89
-2.198055733936736,0.10709769440546921,87
-2.1480339657520973,0.04195452884073928,87
-2.202964696143947,-0.03707601911279852,87
-2.1757136877495293,0.07040218807902437,87
-2.1980557339367355,0.10709769440547046,87
-2.1480339657520977,0.04195452884074368,87
-2.202964696143942,-0.03707601911281044,87
-2.175713687749539,0.07040218807912117,87
1.0792825664248633,2.3055323035371793,22
1.0408117577059004,2.3724151125374555,22
1.0728176551441735,2.357643621500763,22
1.071857834365596,2.33396136005046,22
1.0032125107943686,2.2079329074824963,22
1.1126061415726054,2.3311873319702463,22
1.0856742457997821,2.3746173343996535,22
1.087912098448355,2.4572753207261906,22
1.037164817354903,2.299937987307161,22
1.0085565348993417,2.377312864658384,22
-2.0829956631001934,-0.09248904246953168,87
-2.1826573308293344,-0.09842710254356038,87
-2.1126042083752936,0.07414640906484805,87
-2.1609775215952816,-0.08148719415104766,87
-2.0512952403498947,0.032210989012176075,87
-2.082995663100191,-0.09248904246954132,87
-2.1826573308293336,-0.09842710254356041,87
-2.112604208375293,0.07414640906485269,87
-2.1609775215952833,-0.08148719415104748,87
-2.0512952403498956,0.03221098901217616,87
2.8343805300043434,-1.4163486969317227,40
3.098423128429397,-1.5644627757296181,40
3.017535516388873,-1.4706775216428785,40
2.9970881284658053,-1.472084424237865,40
2.8343805300043434,-1.416348696931724,40
3.098423128429399,-1.5644627757296237,40
3.017535516388873,-1.4706775216428802,40
2.997088128465806,-1.4720844242378635,40
1.5165595925031148,-2.3444142718435224,49
1.6192799041750143,-2.2067668168269146,49
1.6164919946832426,-2.2433092530865513,49
1.7006227148303543,-2.1943157654053933,49
1.4965032232989968,-2.5748373198766488,49
1.546855296524273,-2.2653133747474707,49
1.556753728805767,-2.3276643272771333,49
1.5971653179879326,-2.3206959375251284,49
1.6285966083532608,-2.2643441177841024,49
1.523425737745427,-2.556969577401261,49
2.92246491285965,-1.3657027415565348,40
2.967644006428968,-1.4018714552868585,40
-2.085891126975142,2.1518781434887746,40
2.9668539426366287,-1.3731535886894561,40
2.9996126543379047,-1.4341436261097558,40
2.922464912859647,-1.3657027415565386,40
2.967644006428964,-1.4018714552868627,40
3.066136784322945,-1.471216279612665,40
2.96685394263663,-1.3731535886894555,40
2.9996126543379047,-1.4341436261097575,40
3.0199749580073463,-1.4282545742337183,40
2.9783502708075154,-1.347645858884067,40
-2.100097773509699,2.2879037219212806,40
3.196034053518665,-1.3145191267660488,40
3.10331067997384,-1.3769469807897545,40
3.0199749580073467,-1.4282545742337152,40
2.978350270807516,-1.347645858884067,40
3.1337892475819,-1.4511559878863103,40
3.1960340534803104,-1.3145191268758136,40
3.1033106799736845,-1.3769469807902124,40
1.4542309178136354,-2.3967499567070334,49
1.518618208401161,-2.5711168162696367,49
1.5251724559769715,-2.1656895410862784,49
1.6532290833345407,-2.3627081235094436,49
1.5315361579932092,-2.3299228277379713,49
1.6575568729201926,-2.438123010203028,49
1.404205100785553,-2.260981156285283,49
1.654913246366816,-2.257290406220421,49
1.6044008959268035,-2.271417635236498,49
1.6765588903255362,-2.4498827983749236,49
1.45423091781606,-2.3967499567052637,49
1.5186182084119555,-2.571116816262519,49
1.525172455976988,-2.1656895410862615,49
1.653229083333889,-2.362708123509985,49
1.5315361579942375,-2.3299228277371546,49
1.657556872918571,-2.438123010204289,49
1.404205100788176,-2.260981156283147,49
1.6549132463668428,-2.2572904062203927,49
1.6044008959269564,-2.271417635236362,49
1.6765588903226312,-2.4498827983771485,49
-1.655550881412668,-1.3730930034999431,81
-1.7052231368185884,-1.3932788789867143,81
-1.714482281548282,-1.3973173411054405,81
-1.685004070825853,-1.2805053021491737,81
-1.6555508814127593,-1.3730930034997881,81
-1.7052231368178463,-1.3932788789879118,81
-1.7144822815487397,-1.397317341104712,81
-1.6850040708258671,-1.2805053021491475,81
1.2477253834953084,0.41417041214830397,37
1.230973172539865,0.430857700501715,37
1.321692559167384,0.41426815323681776,37
1.2884304292691993,0.4496489948266418,37
1.3152351728479397,0.3662498357349102,37
1.3372165006924108,0.3410591903415801,37
1.3751455415602536,0.40396655668760334,37
1.2913823882074096,0.3515188417441809,37
1.399804398450649,0.36637067868847495,37
1.1954187928317144,0.38087970459008497,37
-1.3786133076017153,-1.4464042164970596,81
-1.615807986973027,-1.4717954799460369,81
-1.6170884609752108,-1.386556175852056,81
-1.693234400128435,-1.3890365245659135,81
-1.6084691165392822,-1.370494586370165,81
-1.3786133076017164,-1.4464042164970585,81
-1.6158079869730215,-1.471795479946043,81
-1.6170884609752387,-1.3865561758520093,81
-1.6932344001298067,-1.3890365245636895,81
-1.6084691165392349,-1.370494586370243,81
-1.4385279612942738,-2.0356732404444005,82
-1.426058099603744,-2.051230091447948,82
-1.4535427803097107,-2.1199017187898557,82
-1.4000716270656204,-2.011463284618694,82
-1.4385279612942408,-2.035673240444436,82
-1.4260580996037355,-2.0512300914479544,82
-1.4535427803075183,-2.1199017187918923,82
-1.4000716270656228,-2.011463284618691,82
1.9080475798625758,0.39016531772177926,19
1.779849133967812,0.38261837485183375,19
1.8946079341442277,0.359636718439575,19
1.8524737997592564,0.4030264603782384,19
1.8347091665677435,0.34397378668948275,19
1.9170574265492994,0.37197434174485283,19
1.881217337080862,0.3540103644009767,19
1.8799952872300272,0.32204639795350976,19
1.8579915845370143,0.3644030979329004,19
1.7870880522879151,0.31329789766638827,19
-1.212110447549569,-1.936373687957648,82
-1.3975670593507221,-2.0596804762866214,82
-1.3956551501135699,-2.00013268105327,82
-1.4512680865977858,-2.079978135320673,82
-1.353077695513092,-2.000419460935464,82
-1.2121104475495696,-1.9363736879576485,82
-1.3975670593507246,-2.059680476286617,82
-1.3956551501135697,-2.00013268105327,82
-1.451268086597375,-2.0799781353210762,82
-1.3530776955130945,-2.0004194609354635,82
-2.0694021442694495,-0.02583532100561437,85
-2.2203483717807098,-0.0897532033419508,85
-2.1412197025097304,-0.06966749767975106,85
-2.204570638411052,-0.0020461617549437424,85
-2.0694021442694495,-0.02583532100561962,85
-2.2203483717807027,-0.08975320334202105,85
-2.141219702509735,-0.0696674976796524,85
-2.2045706384109955,-0.002046161755590307,85
0.12223524986492071,1.6879487662195785,29
-0.028562328580051283,1.7511429869450963,29
0.02875143360529308,1.7282005485974061,29
-0.03965832917960266,1.9084228789295852,29
-0.001861620098880027,1.712643983529208,29
0.23435762426839746,1.7394177416084218,29
0.16871325226079506,1.8400264604572065,29
0.14083163707217913,1.738581568982468,29
0.12896241116286433,1.8883409348595712,29
0.08333339045300564,1.7392755237384185,29
-1.847756583721936,-0.13268704649864033,85
-2.0622839028158575,-0.1964012990033283,85
-2.208444433321835,-0.05040273987198129,85
-2.1333566035708658,-0.061141501659820734,85
-2.164649549176315,-0.009336587018432697,85
-1.8477565837219365,-0.13268704649864013,85
-2.0622839028158646,-0.19640129900329947,85
-2.2084444333217585,-0.05040273987362197,85
-2.1333566035708644,-0.06114150165982626,85
-2.164649549176301,-0.009336587018610972,85
-1.9743744169092048,-1.011391710840894,75
-2.0486026362664296,-1.0788640749931873,75
-2.051499444077099,-1.086953990827212,75
-2.03950998662059,-1.0767185473282748,75
-1.974374416901605,-1.0113917108613515,75
-2.0486026362643917,-1.0788640749978475,75
-2.0514994440758865,-1.0869539908298798,75
-2.0395099866262405,-1.0767185473153216,75
1.2119937541965184,2.106613740357524,21
1.0840606353214208,2.144088815199222,21
1.1456756858767645,2.1354261928019778,21
1.1069316530145366,2.0965554619176454,21
1.074878727914527,2.0408373894292025,21
1.2369617459439497,2.1295757368647488,21
1.1907510756710036,2.2211141609918896,21
1.2393008810423258,2.1980395617575774,21
1.106188131274881,2.1281954770452414,21
1.1545767245111962,2.2046752377796484,21
-1.7394124273636855,-1.0895387341213734,75
-1.932301937248581,-1.1114506817762286,75
-1.9845106530765324,-1.079453456427708,75
-2.0059388571704364,-1.0605895205807339,75
-1.908193430698788,-1.05462170639828,75
-1.7394124273589269,-1.0895387341312135,75
-1.93230193724742,-1.1114506817785899,75
-1.9845106530676282,-1.0794534564479523,75
-2.0059388571687373,-1.0605895205847315,75
-1.9081934307023662,-1.0546217063898427,75
-1.496330997992517,-1.046683635575617,79
-1.5494891407531146,-1.0860614498233185,79
-1.5664345398785795,-1.1469986684665958,79
-1.5348403850894945,-1.0228895718754227,79
-1.4963309979925177,-1.046683635575617,79
-1.5494891407531135,-1.086061449823317,79
-1.5664345398785804,-1.1469986684665967,79
-1.5348403850894943,-1.0228895718754223,79
1.5472645844406923,1.1452147789189564,35
1.4530628409700883,1.0598112985241162,35
1.5753669626194897,1.133122951448296,35
1.5427586860858513,1.1853617956569735,35
1.476242918145052,1.049874679992675,35
1.5364014545700106,1.059415248164672,35
1.4775188910571226,0.9791549562992397,35
1.5270776566223383,0.963643076377017,35
1.4903943240255246,0.9852061599895685,35
1.393860023193669,0.8819885280325601,35
-1.2661004787232897,-1.1311086085956044,79
-1.5056969836220335,-1.2386076641766142,79
-1.507163244785673,-1.1426453334336577,79
-1.558070297953913,-1.2099291742502056,79
-1.5143738658043069,-1.2093027184853027,79
-1.2661004787232892,-1.1311086085956026,79
-1.5056969836220342,-1.2386076641766146,79
-1.5071632447856729,-1.1426453334336595,79
-1.5580702979539143,-1.2099291742502067,79
-1.514373865804307,-1.209302718485303,79
-1.461638317524065,-1.7254177736401721,71
-1.4563725877399858,-1.7749033096135682,71
-1.4813766294300466,-1.853304364277575,71
-1.4419582472412118,-1.73562722158917,71
-1.4616383175240648,-1.7254177736401735,71
-1.4563725877399867,-1.7749033096135676,71
-1.4813766294300474,-1.8533043642775753,71
-1.4419582472412118,-1.73562722158917,71
1.9871577306361365,1.2036201208338249,4
1.8907799865076407,1.11882700505225,4
1.9457606719771845,1.130489265430994,4
1.924730551677169,1.241811654157433,4
1.8684176812759556,1.0640247171448578,4
1.982977577407426,1.0356420419439036,4
1.9410934515397675,1.0249721816727813,4
1.9720833252433518,0.999125631732288,4
1.9121215468346382,1.0335544209388166,4
1.8566678286254978,0.9227659647753014,4
-1.2426262596298918,-1.8274663897809256,71
-1.4439662947448972,-1.7831139689155053,71
-1.3985098805903091,-1.803684883841723,71
-1.452639478839065,-1.8708043361023696,71
-1.3818482830840069,-1.8146022143449847,71
-1.2426262596298914,-1.827466389780927,71
-1.443966294744897,-1.7831139689155047,71
-1.3985098805903098,-1.8036848838417208,71
-1.4526394788390657,-1.8708043361023696,71
-1.3818482830840069,-1.8146022143449856,71
-1.9593216738897021,-0.31105703773444393,89
-2.0566147696241255,-0.39534202534912466,89
-2.014533298852005,-0.3912020726186889,89
-2.0839288646264977,-0.3422386155263426,89
-1.9593216738897026,-0.3110570377344445,89
-2.056614769624124,-0.3953420253491207,89
-2.014533298852007,-0.39120207261868245,89
-2.0839288646265017,-0.34223861552632295,89
0.6562638821985392,2.011268498735129,27
0.486518535116789,1.9346596444692277,27
0.5850347363648934,2.0157102389701445,27
0.5478565330977366,2.028509577212044,27
0.5202378259211276,1.9464492821365058,27
0.663122982881626,1.9332222744017316,27
0.5727133940795869,1.9493597957725133,27
0.5890078029850059,1.9345663091433272,27
0.5062042515060856,1.9425196120169173,27
0.4774194086562853,1.8657110670018577,27
-1.890344397292799,-0.5410529578643142,89
-1.9618055638562484,-0.5633116087643628,89
-2.0571533683562304,-0.4950522465006672,89
-1.9866892759035297,-0.453526168662456,89
-2.0413935146523374,-0.5114899118930665,89
-1.8903443972927998,-0.5410529578643021,89
-1.9618055638562477,-0.5633116087643643,89
-2.0571533683562184,-0.4950522465007419,89
-1.9866892759035293,-0.4535261686624563,89
-2.041393514652293,-0.5114899118932759,89
-2.0080489823287273,-1.2148655911581994,73
-2.031694972970819,-1.3122745207761333,73
-2.0938933814238356,-1.3910998139622444,73
-2.01909649910444,-1.2790471260859382,73
-2.0080489823033014,-1.2148655912066917,73
-2.031694972887412,-1.3122745209511346,73
-2.093893381529205,-1.3910998137408852,73
-2.0190964991185085,-1.2790471260561094,73
1.4380891269884764,2.277759592311423,22
1.340890208176698,2.307123091572275,22
1.3957684155824317,2.3193373847133003,22
1.3762444092361423,2.305670656603247,22
1.3204379817370735,2.192321245585004,22
1.4560544735334218,2.272423030000725,22
1.351520514583578,2.2580529819687842,22
1.4207109043492574,2.35865174955507,22
1.3169947726206834,2.1894753753059484,22
1.3075614957487736,2.2814230367909696,22
-1.78143449760544,-1.554798219060045,73
-1.931394846712995,-1.3754023596342189,73
-1.9767423806728985,-1.3472374416350832,73
-1.9790636308259275,-1.3901730662963032,73
-1.8859022422999698,-1.3523437576673214,73
-1.7814344965055477,-1.5547982206411775,73
-1.9313948467148032,-1.3754023596312581,73
-1.9767423806401265,-1.3472374416992043,73
-1.9790636307954859,-1.390173066353122,73
-1.8859022421991665,-1.352343757837995,73
3.031447647372928,-1.3064641233507475,40
3.3449352582779395,-1.3856542805307934,40
3.3016093749970366,-1.39869053991935,40
3.1310803924694435,-1.2589146964479783,40
3.0314476473728202,-1.3064641233510628,40
3.344935258295966,-1.3856542804780976,40
3.3016093749603113,-1.3986905400210643,40
3.1310803924688146,-1.2589146964496525,40
1.6179782291254243,-2.095881456379189,48
1.6362994920371206,-1.9305360647134924,48
1.6489905398685145,-1.9709940349555561,48
1.7219412277152308,-1.931106472753429,48
1.5740051667351576,-2.3401285296514307,48
1.6584767290948121,-1.95925252109856,48
1.6451379596738172,-2.0275125389040274,48
1.6918570773258226,-1.9866202526238597,48
1.7178577130777184,-2.0037118287839184,48
1.629700812621302,-2.283457383207045,48
3.1815176235837366,-1.1718814390380057,40
3.114429406295709,-1.3480390323052829,40
3.322745925063801,-1.3079741603884125,40
3.2141796489045316,-1.2979700980025275,40
3.1039914803004884,-1.2642058664741158,40
3.181517623583751,-1.1718814390379648,40
3.1144294062995423,-1.348039032294866,40
3.3227459250975664,-1.3079741602790427,40
3.214179648946622,-1.2979700978702724,40
3.10399148030133,-1.2642058664717055,40
3.2956675211061848,-1.2526428396058946,40
3.2704114255497276,-1.3892871490271643,40
3.479316977137674,-1.3568849530429128,40
3.4709362935435237,-1.382944929791542,40
3.336935341486091,-1.2872624627204508,40
3.2956675211145403,-1.2526428395775913,40
-1.997973796631929,2.5845672549028573,40
3.4793169771281547,-1.3568849530699887,40
3.470936248349722,-1.3829450609012268,40
3.3369353414808005,-1.2872624627379359,40
1.6142583796893664,-2.134633136796657,48
1.6214175161386695,-2.333141673428744,48
1.5999234337846302,-1.8763123207932182,48
1.7001695564344093,-2.089522244715229,48
1.6126935282000754,-1.9419773969014342,48
1.66810412316718,-2.1696871994773597,48
1.5276866850353343,-1.8952854864712294,48
1.6474512198206142,-1.9047006941231366,48
1.6824312180786987,-1.989125575804535,48
1.7324314836352197,-2.1562256750691127,48
1.614258379689357,-2.134633136796667,48
1.6214175161434015,-2.3331416734247505,48
1.5999234337846318,-1.8763123207932175,48
1.700169556434409,-2.0895222447152264,48
1.6126935282000752,-1.9419773969014342,48
1.6681041231671707,-2.1696871994773637,48
1.5276866850353332,-1.89528548647123,48
1.6474512198206148,-1.9047006941231377,48
1.6824312180787002,-1.9891255758045394,48
1.7324314836352235,-2.1562256750691096,48
-2.3273542452713176,-0.2801906295850714,81
-2.3455908867002693,-0.262721522343033,81
-2.3932180684543085,-0.2632707262360947,81
-2.333002494770149,-0.1935709487542249,81
-2.3273542452977836,-0.2801906295059334,81
-2.3455908867149313,-0.2627215222956438,81
-2.393218068536626,-0.263270725947793,81
-2.3330024945377943,-0.19357094968705835,81
0.7612487727073478,0.6241669443776765,37
0.7453503349895465,0.61765579333213,37
0.8267666949032071,0.58090099249978,37
0.7774540298764991,0.6670105028814284,37
0.7635236107934981,0.5706969838165907,37
0.8182643141150052,0.604577587375832,37
0.8233965585156383,0.6134427257914725,37
0.7825786076527812,0.5643550213628769,37
0.8441286543844909,0.626636714207862,37
0.6849654466241328,0.6025066475941239,37
-1.8775559004265274,-0.31698089527240153,81
-2.3164233188897203,-0.38317996344271515,81
-2.2355228976878743,-0.27325194337936537,81
-2.3303442839913298,-0.2908043943629497,81
-2.179632357109025,-0.2959399583877245,81
-1.8775559004260423,-0.3169808952743433,81
-2.316423318877863,-0.38317996347869687,81
-2.2355228976856183,-0.2732519433867347,81
-2.3303442840226523,-0.2908043942699414,81
-2.179632357109275,-0.2959399583869643,81
-1.9305566334523152,-1.0457282657421403,82
-1.8911559179678457,-1.0470594158602669,82
-1.9194912457526414,-1.061165296927699,82
-1.8661526164193056,-1.0584476217609395,82
-1.9305566334500979,-1.0457282657462683,82
-1.8911559179667456,-1.0470594158623578,82
-1.9194912457537312,-1.0611652969257308,82
-1.8661526164189632,-1.0584476217616083,82
1.6318961665383072,0.49322622012775835,19
1.606316664180333,0.46326250015434833,19
1.6577311326216768,0.42583148989275255,19
1.630780708641056,0.4605411371492523,19
1.5344136089013043,0.4681596597525261,19
1.6792483072913602,0.47480731131956594,19
1.6929848978047692,0.4727496556476457,19
1.6666877717531594,0.42588500617677266,19
1.6661372573889468,0.5066747953558206,19
1.5228805086893622,0.4672143964918461,19
-1.596819414616648,-0.8962959437610015,82
-1.8344058733105177,-1.1235764006843458,82
-1.7920806397274325,-0.9819144830914402,82
-1.8980296491103155,-1.009543052114822,82
-1.7292722363242181,-1.023018107827438,82
-1.596819414616653,-0.8962959437609946,82
-1.834405873311391,-1.1235764006828328,82
-1.7920806397275386,-0.981914483091229,82
-1.8980296491090118,-1.0095430521173263,82
-1.7292722363242172,-1.0230181078274385,82
-2.4880820434740687,0.7297157282114489,85
-2.501076312661196,0.5947843646503994,85
-2.504051747170774,0.6583881077805488,85
-2.5110063588801155,0.6891713333803512,85
-2.4880820434740696,0.7297157282114488,85
-2.5010763126611963,0.5947843646503992,85
-2.5040517471707724,0.6583881077805492,85
-2.5110063588801177,0.6891713333803511,85
-0.3537658401519446,1.6999125937220572,29
-0.5005032018072457,1.8158460553106555,29
-0.47165449729849723,1.781104603030521,29
-0.5111370325105558,1.9324530693940951,29
-0.4500571082359501,1.7668487676010718,29
-0.3180625236486633,1.766087343665868,29
-0.4128024753277778,1.8866823418408092,29
-0.4307388393234481,1.7703533510338467,29
-0.4631219557663212,1.9125613552578398,29
-0.46001361060967894,1.7884184848700477,29
-2.1879293534367097,0.6020728595152265,85
-2.480722548967207,0.6067819118314346,85
-2.447947137738659,0.6572599919300561,85
-2.465785198306582,0.6708740297083402,85
-2.3930546488004745,0.6672980653879373,85
-2.18792935343671,0.6020728595152255,85
-2.4807225489672065,0.6067819118314355,85
-2.4479471377386544,0.6572599919300521,85
-2.465785198306582,0.6708740297083403,85
-2.393054648800474,0.6672980653879378,85
-2.3280407116267585,0.06803298243887625,83
-2.3459782888326695,-0.0008738065968474977,83
-2.3256700997576045,0.043751717248412175,83
-2.3693440926690483,-0.007389066293847759,83
-2.3280407116267585,0.06803298243887597,83
-2.3459782888326695,-0.0008738065968480835,83
-2.3256700997576027,0.043751717248412175,83
-2.3693440926690483,-0.007389066293847761,83
0.7119665428582946,2.298260742126697,21
0.6485176806579314,2.4012844982472523,21
0.6968907126153758,2.3569850514545765,21
0.6768028027236179,2.28417160776803,21
0.6157654655598994,2.238223351594231,21
0.7538141982432556,2.364206184622062,21
0.7588963068087792,2.4321657694179106,21
0.7620054731098078,2.4167615002963156,21
0.7179561308635004,2.363701068058092,21
0.6642582736305775,2.3692892083152817,21
-2.042889121420212,0.0076568144258520226,83
-2.228959504753974,-0.016635300525885906,83
-2.289667422009786,0.09665969663208682,83
-2.2655360986043585,0.0510952858673414,83
-2.2199397012295115,0.04440890615701939,83
-2.0428891214202123,0.007656814425852102,83
-2.228959504753974,-0.01663530052588585,83
-2.289667422009786,0.09665969663208675,83
-2.2655360986043607,0.05109528586735182,83
-2.2199397012295115,0.0444089061570194,83
-1.7680938620819155,-0.237964332090851,79
-1.7830380798114744,-0.30077770799827014,79
-1.8352386244068672,-0.30489149868610405,79
-1.782461802900476,-0.2459757265627921,79
-1.7680938620819209,-0.23796433209085266,79
-1.7830380798114738,-0.3007777079982698,79
-1.8352386244068661,-0.30489149868610405,79
-1.7824618029004744,-0.24597572656279193,79
0.9149888421176814,1.1675690439865036,35
0.8586304628635507,1.1231125036727454,35
0.9590692379353178,1.1704577265124712,35
0.939179079182901,1.2077509505735293,35
0.8481989913920084,1.0821894151699996,35
0.9703900526639692,1.1641499689201495,35
0.9316851940695594,1.0766865454454178,35
0.9116913628031796,1.0720598757108133,35
0.9384593608221667,1.1088034761748988,35
0.8122666869610713,1.0185390184226346,35
-1.5000589897326164,-0.21818974302488017,79
-1.8316628850952843,-0.3371651371470328,79
-1.7394762445146346,-0.2853905714918382,79
-1.8536730624177007,-0.3004221575717734,79
-1.7459858907881418,-0.27423911892478753,79
-1.5000589897326158,-0.2181897430248801,79
-1.8316628850952832,-0.33716513714703295,79
-1.7394762445146343,-0.28539057149183794,79
-1.8536730624176976,-0.30042215757177354,79
-1.7459858907881407,-0.2742391189247877,79
-1.7323002679535828,-0.8623025878761348,77
-1.6797914726370469,-0.8977164993128969,77
-1.7288081188924733,-0.9482654821800769,77
-1.695955438303332,-0.9384556968237366,77
-1.732300267953581,-0.8623025878761356,77
-1.6797914726370486,-0.8977164993128977,77
-1.7288081188924762,-0.9482654821800726,77
-1.695955438303333,-0.9384556968237328,77
1.6569419617800516,1.4363888602791768,4
1.6354531411116855,1.4313312463710681,4
1.6706317332939882,1.4374827772325685,4
1.6600901854521128,1.4693012866064274,4
1.5447069865867673,1.2627991761227444,4
1.6527262030559038,1.2984187478196874,4
1.6516143191967225,1.296290446910645,4
1.6703594730886664,1.300715394373355,4
1.6459251674282434,1.3489989670853406,4
1.5496483681999402,1.1597973638580086,4
-1.4904975431806446,-0.9033999353384946,77
-1.736000890566069,-0.9658353329858498,77
-1.6104977145562198,-0.863321707444805,77
-1.7330617034806788,-0.9209057626961442,77
-1.6120536984070508,-0.9059641720877089,77
-1.4904975431806444,-0.9033999353384945,77
-1.7360008905660687,-0.9658353329858452,77
-1.610497714556218,-0.863321707444803,77
-1.733061703480678,-0.9209057626961464,77
-1.6120536984070513,-0.9059641720877074,77
-2.214291911628411,0.4561984556505405,89
-2.231504433204045,0.35373785516595374,89
-2.222537965669454,0.3912082192717062,89
-2.2786030000109294,0.4155984923534534,89
-2.21429191162841,0.4561984556505405,89
-2.231504433204046,0.3537378551659539,89
-2.222537965669457,0.39120821927170674,89
-2.27860300001093,0.41559849235345364,89
0.010346713785714381,1.891782298260045,27
-0.05932081602067138,1.8716139330510193,27
-0.02215657320250984,1.904990094955329,27
0.007115669238453646,1.9082175838282995,27
-0.018005534654098716,1.8416649805089123,27
0.05986657287460324,1.8713407142190757,27
0.04577044526615789,1.8839710869174813,27
-0.01723170930424576,1.8536483907314836,27
0.002885758122557826,1.8930803757196417,27
-0.02931266056850136,1.8397522179610437,27
-2.1187021513665902,0.38363432531521524,89
-2.2216382077049466,0.350061915111783,89
-2.1975614105431363,0.3541179057669305,89
-2.223138440043623,0.3943544041337923,89
-2.203408660370593,0.4045470005791232,89
-2.1187021513665902,0.3836343253152151,89
-2.221638207704947,0.3500619151117831,89
-2.197561410543135,0.3541179057669307,89
-2.2231384400436225,0.39435440413379214,89
-2.2034086603705925,0.404547000579123,89
-2.2274542417523997,-0.10358751199773782,87
-2.2029494578695,-0.1558470697310194,87
-2.2414805073131365,-0.16329294695840565,87
-2.2004179117766025,-0.17066587372922595,87
-2.2274542417524,-0.10358751199773765,87
-2.2029494578694995,-0.15584706973101942,87
-2.2414805073131387,-0.16329294695840674,87
-2.200417911776604,-0.17066587372922612,87
0.9255310642586284,2.3166703293558277,22
0.8969549524733275,2.377167388458317,22
0.914826389922745,2.363972279653046,22
0.9361651257734247,2.329987598159036,22
0.8623865837721779,2.2308235257604507,22
0.9777835136238886,2.3509379724106694,22
0.9745768518373101,2.383480639000508,22
0.954492541783286,2.4030933454362406,22
0.9249581369424031,2.3209859957205476,22
0.8922509382746194,2.368060789452371,22
-2.0786758280233064,-0.18659184158720452,87
-2.1453949682077798,-0.26861158911105765,87
-2.1589647744894465,-0.11776105020791146,87
-2.179783252643148,-0.17599841074759795,87
-2.046400436484024,-0.16693151158525857,87
-2.078675828023307,-0.1865918415872044,87
-2.14539496820778,-0.2686115891110579,87
-2.158964774489447,-0.11776105020791137,87
-2.179783252643148,-0.1759984107475977,87
-2.046400436484022,-0.16693151158525912,87
2.931906372796442,-1.39446613271564,40
3.1556058472149244,-1.4971828315495297,40
3.113417269888257,-1.4391186801221347,40
2.99048825070771,-1.342134155185581,40
2.9319063727964423,-1.39446613271564,40
3.15560584721554,-1.497182831547892,40
3.1134172698882563,-1.4391186801221352,40
2.990488250707707,-1.3421341551855805,40
1.5071492399028907,-1.9691165969985678,49
1.6163898857525272,-1.9216103115293754,49
1.6275405220566443,-1.9432697484813979,49
1.687407138784369,-1.9172548684062969,49
1.5545994346784817,-2.2367142638489304,49
1.4844079251981492,-1.853627057683076,49
1.5553054542695317,-2.0022189587191175,49
1.5518530145178597,-1.968116322917876,49
1.6235445926098497,-1.959772612490818,49
1.5214541082112443,-2.2852429021520146,49
3.1342114533867567,-1.27836314959241,40
3.0722667139780415,-1.3841128577743915,40
3.1311029858389534,-1.3930451461102435,40
3.058789236685607,-1.3255014109548329,40
3.035688772782821,-1.3127312389473582,40
3.134211453384819,-1.2783631495978398,40
3.07226671397804,-1.3841128577743844,40
3.1311029858390875,-1.3930451461098587,40
3.0587892366856,-1.3255014109548553,40
-1.9835636258141442,2.10132995337953,40
3.1744027560926735,-1.3683887942593667,40
3.096711501147949,-1.357302931290512,40
3.276436255117849,-1.440862977644248,40
3.3308590907944406,-1.3823560215131538,40
3.222244136066023,-1.3278587050346613,40
3.174402756094951,-1.368388794252968,40
3.096711501148057,-1.3573029312902047,40
-2.1714097590192387,2.523293548277293,40
3.3308590907657023,-1.3823560215978716,40
3.2222441360251306,-1.3278587051636754,40
1.4805699546431128,-2.0595375905948754,49
1.6130481232932876,-2.2554784880017587,49
1.5133251994941705,-1.8502907166208786,49
1.673191604187369,-2.0168075354485717,49
1.5266217434920912,-2.026257481970911,49
1.6857338166540836,-2.1282731930421592,49
1.3724828309660264,-2.0034401587164385,49
1.696566864093269,-1.9425572031472713,49
1.5996526704604075,-1.9188330324472032,49
1.742813492165555,-2.165697111290554,49
1.4805699546431346,-2.0595375905948585,49
1.613048123292828,-2.2554784880021685,49
1.513325199494171,-1.850290716620877,49
1.6731916041873696,-2.0168075354485713,49
1.526621743492089,-2.0262574819709096,49
1.685733816654082,-2.1282731930421592,49
1.3724828309660146,-2.003440158716449,49
1.6965668640932692,-1.942557203147271,49
1.5996526704604066,-1.918833032447205,49
1.7428134921655536,-2.1656971112905548,49
-2.1259053051913175,-0.3477458998102607,81
-2.187365035066379,-0.3103314482635416,81
-2.2395754291697645,-0.24973164327937336,81
-2.146893347538833,-0.2589762954171138,81
-2.1259053051911354,-0.34774589981083803,81
-2.1873650350655933,-0.3103314482660036,81
-2.2395754291678562,-0.24973164328593478,81
-2.1468933475397356,-0.25897629541322226,81
0.8527854927336797,0.6247992401374068,37
0.8373920028211271,0.6398914154009292,37
0.9341695753869431,0.5875594663596182,37
0.8498760826604198,0.6702808258105696,37
0.8903424968538941,0.5714279097674202,37
0.9072648906071134,0.6405179354085112,37
0.9174110370207729,0.6672711861642024,37
0.8804943093663935,0.6006995645057251,37
0.9346209619249513,0.6760301417211071,37
0.7453125241623851,0.6557526715544933,37
-1.6992181623322076,-0.3308739726034661,81
-2.1125460881497875,-0.4462964717950979,81
-2.078992116387733,-0.27395691952364415,81
-2.170305209670137,-0.28605412381047485,81
-2.014694657346618,-0.28580865424955154,81
-1.6992181623322715,-0.33087397260314305,81
-2.112546088144758,-0.44629647180888915,81
-2.0789921163878455,-0.27395691952316326,81
-2.170305209670694,-0.28605412380851664,81
-2.014694657348493,-0.28580865424100077,81
-1.7916130796176726,-0.9838965025529249,82
-1.7754324516354745,-1.0044175677286886,82
-1.783480308746612,-0.9988325975952416,82
-1.7388385659049403,-1.0136311015760406,82
-1.791613079617178,-0.9838965025539348,82
-1.7754324516354731,-1.0044175677286888,82
-1.7834803087464108,-0.9988325975956621,82
-1.738838565904883,-1.0136311015761554,82
1.6872886351847503,0.5633027031844603,19
1.6426147946613534,0.5418890658738028,19
1.6998158293259913,0.48342932134431466,19
1.6698917883726174,0.5397877258912868,19
1.5809091810318165,0.5256176755746151,19
1.689683172233616,0.5491196365848645,19
1.7050087454840548,0.5612291170298153,19
1.6837608444908987,0.513334702757876,19
1.685148434140102,0.5795868721618989,19
1.5162698027743402,0.5942881163945699,19
-1.466970557346442,-0.8236780635505654,82
-1.7190715136624242,-1.0627785150766995,82
-1.665907432678669,-0.9417788917079141,82
-1.7778888739367344,-0.9277121615714924,82
-1.625039275977621,-0.9537563398953482,82
-1.4669705573464413,-0.8236780635505649,82
-1.7190715136623993,-1.0627785150767453,82
-1.6659074326786774,-0.9417788917078974,82
-1.777888873936966,-0.9277121615709618,82
-1.6250392759776244,-0.9537563398953441,82
-2.515252188958288,0.7425230533885996,85
-2.5098589272497747,0.6407465585354765,85
-2.5463401663586405,0.6722545679129124,85
-2.502445979451957,0.7191413015641929,85
-2.5152521889582866,0.7425230533885993,85
-2.5098589272497756,0.6407465585354761,85
-2.5463401663586405,0.6722545679129124,85
-2.5024459794519567,0.7191413015641918,85
-0.34930964679560306,1.8067418835474447,29
-0.4803860713124837,1.933879018718498,29
-0.4691970950973628,1.90908339931417,29
-0.4865907377546657,2.084101680105245,29
-0.46223920472156776,1.9061268660389887,29
-0.27478631115021906,1.861708214769213,29
-0.3820396585654959,2.0495565501991657,29
-0.42598770483056164,1.9166632875650873,29
-0.4039838232955297,2.048902192723604,29
-0.46826464107446053,1.9409757574940136,29
-2.217818449714762,0.670626373294083,85
-2.5164067881382812,0.6192920575919246,85
-2.4645499958165935,0.696908029894298,85
-2.505281046593805,0.6764892383706905,85
-2.3914851284938656,0.7156908565074119,85
-2.2178184497147617,0.6706263732940826,85
-2.5164067881382817,0.6192920575919236,85
-2.4645499958165935,0.6969080298942975,85
-2.505281046593805,0.676489238370691,85
-2.3914851284938683,0.7156908565074125,85
-2.196404575963455,0.06508243998256437,83
-2.231614048448232,-0.009561291443425072,83
-2.217898098018333,0.05300233221847341,83
-2.246858904120235,-0.01864609229972745,83
-2.1964045759634545,0.06508243998256433,83
-2.2316140484482347,-0.009561291443424765,83
-2.217898098018335,0.05300233221847079,83
-2.246858904120236,-0.018646092299727458,83
0.7453169782182522,2.2780984325585147,21
0.6800949486136849,2.3703505365059194,21
0.7196473525579904,2.326967618674235,21
0.7208934344304213,2.259748911448777,21
0.635034517340608,2.2077898996499234,21
0.7692821676570394,2.344575626609641,21
0.7699385145634786,2.396746673153773,21
0.763985549620557,2.418985442631879,21
0.744741042880788,2.337942642030501,21
0.6551889430017094,2.414306922088716,21
-1.9567673863321844,0.0014259326831784168,83
-2.1261274553995024,-0.0250962524027313,83
-2.1863564543638225,0.08913726549352263,83
-2.1959447086237143,0.08819200739045796,83
-2.1067811071088545,0.05903368750479552,83
-1.9567673863321837,0.0014259326831783457,83
-2.1261274553995033,-0.025096252402731306,83
-2.1863564543638234,0.08913726549352233,83
-2.1959447086237116,0.08819200739045768,83
-2.106781107108857,0.05903368750479546,83
-1.6102712283813778,-0.2180863784402462,79
-1.6504499545691071,-0.24873588185886672,79
-1.7041111698008156,-0.26732642156670317,79
-1.6290941785269335,-0.2032865313596097,79
-1.6102712283813783,-0.21808637844024606,79
-1.6504499545691103,-0.24873588185886814,79
-1.7041111698008151,-0.267326421566703,79
-1.629094178526934,-0.20328653135960964,79
1.0294623925495794,1.3311969255105878,35
1.020843985029134,1.2557098149851929,35
1.0953469968184473,1.2981727824407618,35
1.0671904515652968,1.378306798575666,35
0.9801719600770096,1.2315054695887624,35
1.095441242521212,1.265435843307284,35
1.0952398337440903,1.2108546569048824,35
1.0534789881058133,1.2000131152232398,35
1.0815515006355851,1.236619627994662,35
0.9608629613991124,1.1537659082988196,35
-1.3289715358671075,-0.12909649678181276,79
-1.7156283272314354,-0.32907195969783953,79
-1.5931741490821316,-0.23900674800500354,79
-1.7293735670590873,-0.2803235819530564,79
-1.5873223663279177,-0.22386558738890802,79
-1.3289715358671068,-0.1290964967818126,79
-1.7156283272314379,-0.32907195969784026,79
-1.593174149082132,-0.23900674800500338,79
-1.7293735670590877,-0.2803235819530564,79
-1.5873223663279172,-0.22386558738890786,79
-1.6091466183130918,-0.8010878029165123,77
-1.5856348314333006,-0.8268470615468243,77
-1.6325293145033601,-0.8709025633040071,77
-1.569623910358955,-0.8347006631316589,77
-1.6091466183130925,-0.8010878029165132,77
-1.5856348314332993,-0.8268470615468233,77
-1.6325293145033621,-0.8709025633040071,77
-1.5696239103589547,-0.8347006631316594,77
1.6856358504477553,1.528540203105351,4
1.6731809948860674,1.4898308214845415,4
1.6956214374322265,1.4468674522572826,4
1.6887489064582228,1.487165729595087,4
1.5873683841338027,1.343790893601075,4
1.714839923601639,1.4119684103010814,4
1.7235093740096152,1.3650047128401945,4
1.7025415191977489,1.3418872074298802,4
1.7019939788707714,1.3965396887969732,4
1.5814006134840297,1.2479982423381415,4
-1.3845197597075491,-0.8422925865316042,77
-1.6153923913380361,-0.8858687984172937,77
-1.5075241033072928,-0.7783982566633366,77
-1.632055435574062,-0.838419536495639,77
-1.4883415502660438,-0.8030525603389222,77
-1.3845197597075496,-0.8422925865316039,77
-1.6153923913380355,-0.8858687984172917,77
-1.5075241033072928,-0.7783982566633368,77
-1.6320554355740615,-0.8384195364956387,77
-1.4883415502660453,-0.8030525603389215,77
-2.1719632296027815,0.450489369778272,89
-2.175253303712806,0.3886291008319762,89
-2.200083760708225,0.3878524730607023,89
-2.19822212939819,0.44834750416608216,89
-2.171963229602782,0.450489369778272,89
-2.1752533037128057,0.3886291008319759,89
-2.2000837607082255,0.38785247306070236,89
-2.198222129398189,0.4483475041660825,89
0.04085050371446578,1.9849961493189583,27
0.002436318003850392,2.008744509163264,27
0.005594276149600483,2.0609210161956875,27
0.025485653665630183,2.056223320530533,27
0.009879665134787857,2.008282306324716,27
0.09727896674870272,1.9760501890988351,27
0.09910507767427193,2.00408133611512,27
0.039536753951750096,1.979854514238467,27
0.05240052827149391,2.018696960459396,27
0.02352441233917808,1.9709515363520789,27
-2.0308143574391813,0.43240721492939566,89
-2.231770556522108,0.35751479930596963,89
-2.136677384191319,0.3974490926783677,89
-2.20244436064132,0.39087142910186046,89
-2.1076202060675318,0.44949111226819505,89
-2.030814357439179,0.4324072149293957,89
-2.231770556522108,0.35751479930596886,89
-2.136677384191317,0.39744909267836803,89
-2.202444360641321,0.39087142910186057,89
-2.107620206067532,0.44949111226819516,89
-2.088964527315007,-0.08557796289495827,87
-2.095248370411808,-0.1294424264328459,87
-2.156392019302353,-0.15200456461030457,87
-2.080555860994622,-0.11946511911031889,87
-2.0889645273150066,-0.0855779628949581,87
-2.0952483704118086,-0.129442426432846,87
-2.156392019302353,-0.15200456461030468,87
-2.080555860994622,-0.11946511911031894,87
0.9786856443265564,2.3343271305730395,22
0.9689507945365371,2.409765385491642,22
0.9695596726499464,2.396017259096652,22
1.0051034371952465,2.385684755182885,22
0.9357672229590945,2.303192365325966,22
1.0166942012195586,2.3727956298579964,22
1.0281920145889014,2.3746606066652514,22
1.0080912939596904,2.46088352449156,22
1.0087518691051185,2.3564078223914318,22
0.9677642413971788,2.441582732248045,22
-1.9666389640607176,-0.15647348299896213,87
-2.0482649536333772,-0.2648121883929918,87
-2.0276823084839135,-0.08920120032456039,87
-2.0906459462550253,-0.15592857245327213,87
-1.9275635944037544,-0.12397961362039643,87
-1.9666389640607171,-0.15647348299896222,87
-2.048264953633378,-0.26481218839299203,87
-2.0276823084839126,-0.08920120032456062,87
-2.0906459462550244,-0.1559285724532722,87
-1.9275635944037544,-0.12397961362039647,87
2.920890983249389,-1.533325649878747,40
3.172697703151987,-1.6647160552847609,40
3.1157687582373983,-1.5674953603670772,40
3.000241069374695,-1.501601439926865,40
2.9208909832493872,-1.5333256498787458,40
3.1726977031519827,-1.664716055284764,40
3.1157687582373996,-1.5674953603670754,40
3.0002410693746957,-1.501601439926866,40
1.4876761503216622,-2.1541196205845607,49
1.5968183167854721,-2.0262802730371714,49
1.6133278714780035,-2.075769409134727,49
1.6457192794359823,-1.972817012692589,49
1.493634183139894,-2.322659742824125,49
1.4516511933445195,-2.042380341932925,49
1.5400606270014805,-2.060579148055418,49
1.5634003012094382,-2.0637967564843804,49
1.5675974370061678,-1.9712678260826102,49
1.5266162115094077,-2.3178598997001942,49
2.972390788116721,-1.4084165952029304,40
3.0359909669394574,-1.4981443937238499,40
3.138015181656105,-1.5402035929516078,40
3.053899889472282,-1.4520424186741645,40
2.9820955370989854,-1.429752562944318,40
2.9723907881167215,-1.4084165952029288,40
-2.1017299642498823,2.1172393340295534,40
3.1380151816561046,-1.5402035929516098,40
3.053899889472286,-1.4520424186741645,40
2.982095537098988,-1.4297525629443149,40
3.083714538670307,-1.496847855967837,40
3.0369052147046545,-1.4539852491599266,40
3.2156390739528398,-1.559086301074235,40
3.269548044674894,-1.479499477422546,40
3.139037278064169,-1.4398977090759504,40
-2.0631698891165517,2.1667414896615376,40
3.036905214704655,-1.4539852491599174,40
3.2156390739528398,-1.5590863010742406,40
3.2695480446765095,-1.4794994774185468,40
-2.090592761165488,2.2920898089358763,40
1.3972257970984443,-2.2097050880719804,49
1.5108234778697358,-2.3278088813355224,49
1.488167137486339,-1.9213431683083204,49
1.6159956835251845,-2.026640928015978,49
1.5117446570738458,-2.0942748555392448,49
1.6477691122652116,-2.1524188665933517,49
1.34674816658556,-2.096756109694236,49
1.6271199127331677,-1.9672599891159717,49
1.5526740633595149,-2.0037426058491956,49
1.6590560811435364,-2.162283130632854,49
1.397225797098574,-2.2097050880718716,49
1.5108234779035687,-2.3278088813089606,49
1.4881671374863383,-1.9213431683083206,49
1.6159956835251854,-2.026640928015979,49
1.5117446570738893,-2.094274855539204,49
1.647769112265184,-2.15241886659338,49
1.3467481665901553,-2.0967561096901877,49
1.6271199127331666,-1.967259989115971,49
1.5526740633595144,-2.003742605849197,49
1.6590560811435366,-2.1622831306328556,49
-1.7483298724529093,-1.2335898736390565,81
-1.7713952023937782,-1.2106377646145228,81
-1.7994768860176136,-1.2741309302819037,81
-1.7369797462749275,-1.1320161117170153,81
-1.7483298724529397,-1.2335898736390016,81
-1.771395202393665,-1.2106377646147188,81
-1.7994768860174437,-1.2741309302821853,81
-1.736979746274349,-1.1320161117180836,81
1.0896132536149896,0.5611299135141169,37
1.050190939536167,0.546930724456891,37
1.1409212199001075,0.501649255394098,37
1.103921448465907,0.5899219177705066,37
1.0797256338111005,0.49810678961050286,37
1.2098580525118696,0.47850722119882977,37
1.1994413134783184,0.5015432748388549,37
1.1114142823440845,0.4713887362132516,37
1.218288402600754,0.5017789168714335,37
1.0139622578834357,0.4873649776896745,37
-1.4303184804903408,-1.2171769992594084,81
-1.7188363747875721,-1.3609685999145218,81
-1.7203600472292737,-1.2343450932287416,81
-1.7818307931305297,-1.2921667533197438,81
-1.6604419640900483,-1.2256702623739895,81
-1.43031848049034,-1.217176999259407,81
-1.7188363747875905,-1.360968599914497,81
-1.720360047229325,-1.2343450932286504,81
-1.78183079313147,-1.2921667533181822,81
-1.6604419640900383,-1.2256702623740088,81
-1.5561568063626405,-1.970333123653881,82
-1.5726186446207306,-1.9454473552115008,82
-1.5964348529260768,-1.998485850709431,82
-1.5393554401155394,-1.9356237523983144,82
-1.5561568063625852,-1.9703331236539359,82
-1.5726186446207366,-1.945447355211498,82
-1.5964348529257906,-1.9984858507097103,82
-1.539355440115542,-1.9356237523983113,82
1.722134577855314,0.4806302428285092,19
1.6814935539340587,0.4537883834578695,19
1.7380767278382396,0.4290307122325755,19
1.7026102938684968,0.4396721098676078,19
1.621021497545878,0.4078373116499231,19
1.712029770319637,0.40905025947922646,19
1.7841471679946797,0.4394043543647766,19
1.7290996157839151,0.3946630577587343,19
1.7478028140574438,0.43083126518974874,19
1.6169328682645079,0.42337600774449435,19
-1.28946543514891,-1.839791472105857,82
-1.501718438628327,-1.9721954797306478,82
-1.4898040150552927,-1.9511801032286338,82
-1.5725656830606678,-1.9934242221545715,82
-1.4454177582562733,-1.9265617921696365,82
-1.2894654351489099,-1.8397914721058575,82
-1.501718438628329,-1.9721954797306451,82
-1.4898040150552903,-1.9511801032286373,82
-1.572565683060477,-1.9934242221547631,82
-1.4454177582562733,-1.9265617921696363,82
-2.1796189559704167,0.06891715353063313,85
-2.2557001257818796,0.031592440714681376,85
-2.2402579897178665,0.07023927832834923,85
-2.268109861845673,0.1017599895433474,85
-2.1796189559704193,0.06891715353063274,85
-2.255700125781882,0.03159244071469682,85
-2.240257989717867,0.07023927832834996,85
-2.268109861845674,0.10175998954334775,85
-0.07808257346445169,1.7368641057329683,29
-0.25409256057934115,1.7863191618090106,29
-0.20812716321415026,1.7966082718837655,29
-0.30563925584473495,1.9405576187145532,29
-0.19759010896311086,1.7485389414898993,29
-0.04135309028123824,1.7108135862704286,29
-0.09039812688713564,1.872202188794066,29
-0.10362342732332326,1.7320029552910614,29
-0.14151085147001136,1.8848528822202382,29
-0.13047828643891385,1.7344140439668465,29
-1.9387810105806025,-0.04242244877114861,85
-2.2000993464608714,-0.06923721628171128,85
-2.2635360786529533,0.04849535390531241,85
-2.2417070448768954,0.05693716558317632,85
-2.230667928430738,0.05978821406320498,85
-1.9387810105806023,-0.04242244877114866,85
-2.2000993464608705,-0.06923721628170806,85
-2.2635360786529524,0.04849535390530299,85
-2.2417070448768954,0.0569371655831775,85
-2.230667928430737,0.05978821406320984,85
-2.1158777967660702,-0.7943720757497645,75
-2.210930347138154,-0.9060980074603578,75
-2.2206323930455443,-0.9107998161778486,75
-2.178786019696089,-0.8704474631628402,75
-2.115877796765151,-0.7943720757549637,75
-2.210930347146206,-0.9060980074274385,75
-2.2206323930517433,-0.9107998161537941,75
-2.1787860196842557,-0.8704474632349734,75
0.9465424528787033,2.0870652633078888,21
0.8495756063359554,2.1142027993297754,21
0.8705293315322836,2.0529098220369395,21
0.8564808022151024,2.045685460421335,21
0.8014528403568246,2.010954942350662,21
0.9587436774674026,2.045806516246665,21
0.9422750346682985,2.1019900902517747,21
0.952587150051436,2.0903614501930305,21
0.9027912290031394,2.043012299905733,21
0.8556749450359409,2.078219886366378,21
-1.901320804639929,-0.8794392774005722,75
-2.0973502586175643,-0.9633776639917326,75
-2.1791348924815646,-0.8701569920858926,75
-2.1827042557706275,-0.9170004440179909,75
-2.0961352523504324,-0.8789183151892214,75
-1.9013208046398897,-0.879439277400714,75
-2.097350258617525,-0.9633776639918721,75
-2.1791348924723324,-0.8701569921435012,75
-2.1827042557678538,-0.9170004440292566,75
-2.0961352523495558,-0.8789183151933883,75
-1.5369217604209262,-0.9774171258784098,79
-1.5488534033430215,-1.0133576567154252,79
-1.6153335190315974,-1.0644136180155832,79
-1.5244191711713804,-0.963436894057575,79
-1.5369217604209273,-0.9774171258784093,79
-1.5488534033430201,-1.013357656715425,79
-1.615333519031596,-1.064413618015582,79
-1.5244191711713813,-0.9634368940575747,79
1.316308563689727,1.2300850417836433,35
1.2646656295940817,1.1650101466396017,35
1.3418884498205224,1.2452363871799046,35
1.3264032188868582,1.3218201874798317,35
1.2631727939585777,1.1387640337575085,35
1.3464527971535132,1.1898900336215623,35
1.3503087301198378,1.1163089754543933,35
1.3124404575334208,1.0960287276030074,35
1.3363809468748795,1.1662287336255457,35
1.19986524468899,1.0062729938418513,35
-1.2821592537823605,-0.9873080720144898,79
-1.5410583367005035,-1.148030862431524,79
-1.5290554728657562,-1.0473487751779829,79
-1.5968476678612509,-1.0824733987441901,79
-1.5073616970386448,-1.0474073371741133,79
-1.2821592537823605,-0.9873080720144902,79
-1.5410583367005026,-1.1480308624315245,79
-1.529055472865757,-1.0473487751779824,79
-1.5968476678612502,-1.0824733987441901,79
-1.5073616970386439,-1.0474073371741124,79
-1.553753102560837,-1.7577933675470305,71
-1.509540458692073,-1.7917967350180843,71
-1.5494140837899337,-1.9078520741440839,71
-1.4894051223250233,-1.7567566686714455,71
-1.553753102560837,-1.7577933675470307,71
-1.5095404586920715,-1.7917967350180848,71
-1.5494140837899337,-1.9078520741440839,71
-1.4894051223250246,-1.7567566686714469,71
1.7761210862793242,1.225396077492128,4
1.707681920064333,1.1559988410445963,4
1.7544268911442134,1.1966111377391522,4
1.7423781834028542,1.2075368425878863,4
1.6654760293777064,1.0461018301106673,4
1.7877328348313855,1.0957627824269602,4
1.7604060532065433,1.0165841544105039,4
1.7467194737705622,1.018665458471688,4
1.7206285675480877,1.0425072559250712,4
1.6395765401239595,0.9216394648736017,4
-1.3304333229366831,-1.7978588590241424,71
-1.5229947475196683,-1.8325183004048535,71
-1.450810314251606,-1.7686705228140187,71
-1.536892590885438,-1.856173658432695,71
-1.4412557636751206,-1.7786409713693558,71
-1.330433322936683,-1.797858859024143,71
-1.5229947475196672,-1.8325183004048544,71
-1.4508103142516062,-1.7686705228140183,71
-1.536892590885437,-1.8561736584326962,71
-1.4412557636751204,-1.778640971369356,71
-2.0004382013133393,-0.24573889823804904,89
-2.066938812161817,-0.34707950345461647,89
-2.06096277900723,-0.27398928997066857,89
-2.0668979929379074,-0.28286870474700687,89
-2.000438201313339,-0.2457388982380494,89
-2.0669388121618177,-0.3470795034546166,89
-2.06096277900723,-0.27398928997066885,89
-2.066897992937906,-0.2828687047470068,89
0.2912472616765605,1.9703359299507015,27
0.21674660708057913,1.9326374609368613,27
0.2414584587001971,1.9617177729350945,27
0.2519827879739732,2.0202335894423076,27
0.24400188689300856,1.9343915861268777,27
0.34932819749295513,1.9102740527920365,27
0.3529810514612018,1.9293947437834258,27
0.2720985165868181,1.839241545261922,27
0.26925315518570037,1.9126064448284168,27
0.26162068267662303,1.806264637224038,27
-1.8598378866236642,-0.42387852142269034,89
-1.9902042648014782,-0.4607258447336356,89
-2.0614631406510995,-0.37634076349850387,89
-2.038264543827126,-0.3217456240189978,89
-2.0278898493576984,-0.3642918960125405,89
-1.8598378866236633,-0.4238785214226904,89
-1.9902042648014795,-0.4607258447336357,89
-2.0614631406511013,-0.3763407634985032,89
-2.038264543827126,-0.3217456240189976,89
-2.027889849357698,-0.3642918960125422,89
-2.063245295328716,-1.1332630514478705,73
-2.1018455153399627,-1.2336276302699245,73
-2.1338745437443802,-1.3216292853122455,73
-2.077105438840291,-1.1840700025570396,73
-2.0632452953290157,-1.1332630514472677,73
-2.101845515337927,-1.2336276302739033,73
-2.13387454373558,-1.32162928533257,73
-2.0771054388408383,-1.1840700025559991,73
1.1767564789980889,2.239688126240482,22
1.1381781258123556,2.274547671077632,22
1.1417340723203846,2.2436454214124546,22
1.15916580914405,2.2375042819876567,22
1.1121367212559476,2.1546771181547224,22
1.2013944963219945,2.200933792771243,22
1.2130062645722417,2.2343251645613518,22
1.1998835385375668,2.2288951313907166,22
1.1418146333747747,2.148284943112341,22
1.1342711402991228,2.1941365978607443,22
-1.9081506393761076,-1.3497244469918768,73
-2.02772240293337,-1.3028716851027982,73
-2.0499824147666126,-1.1997569542353193,73
-2.072441527955924,-1.2491392186994417,73
-1.9610388823473954,-1.2020042593719853,73
-1.9081506397050076,-1.3497244464510798,73
-2.027722402933372,-1.3028716851027953,73
-2.049982414766386,-1.1997569542357558,73
-2.0724415279564727,-1.249139218698367,73
-1.961038882345576,-1.2020042593754272,73
3.1266782462936127,-1.2766479560378532,40
3.461612182451751,-1.4320464259488115,40
3.400291408129678,-1.3762995436612064,40
3.2547557844058366,-1.287114015851018,40
3.1266782462899765,-1.276647956047624,40
3.461612182445696,-1.432046425964764,40
3.4002914081018507,-1.3762995437444117,40
3.2547557844113633,-1.2871140158328809,40
1.5539288259660333,-2.0165042401947573,48
1.6228811401130636,-1.8572269788684377,48
1.6058770819869153,-1.9110038193427388,48
1.6680008159173976,-1.8416606701409157,48
1.565035218613359,-2.151917159732732,48
1.5425693192495695,-1.8755438200835854,48
1.6051889056684638,-1.9200894709081733,48
1.6483013135335465,-1.8721946472656072,48
1.6274923722363752,-1.8766983774535353,48
1.5960545700356634,-2.1508167034462806,48
3.2997337818964545,-1.18399858895139,40
3.1811693121655833,-1.332677384723799,40
3.4367149713154515,-1.3292461751287712,40
3.36012311539187,-1.3011641775696865,40
3.264245246091354,-1.2100024594196268,40
3.2997337818964474,-1.1839985889514208,40
3.1811693121702835,-1.3326773847100797,40
3.4367149713158187,-1.3292461751276183,40
3.3601231153765476,-1.3011641776208032,40
3.2642452460912565,-1.210002459419953,40
3.46838037825593,-1.3369082724451418,40
3.33627850101024,-1.3644675533733348,40
3.6080568294336777,-1.436661437592529,40
3.5911367487466617,-1.4058440557689327,40
3.429139747679234,-1.2848167394957661,40
3.468380378341988,-1.3369082721879701,40
3.336278501099572,-1.364467553104536,40
3.6080568293617983,-1.436661437778255,40
3.591136748175549,-1.4058440572922386,40
3.4291397476793324,-1.2848167394954497,40
1.5117666571734565,-1.9742445903464447,48
1.5425486308300909,-2.210663416311974,48
1.4969673735726534,-1.7848651581980273,48
1.605880824700121,-1.9300974843314747,48
1.55376336529203,-1.8342187805942771,48
1.6114333352761563,-2.0729016551354875,48
1.4384195751386615,-1.8035507073604937,48
1.6034802689029122,-1.8019585437405161,48
1.5979862570612422,-1.8209947643657063,48
1.6173474653771784,-1.994073379580885,48
1.511766657173455,-1.974244590346443,48
1.5425486308270244,-2.21066341631469,48
1.4969673735726527,-1.7848651581980268,48
1.6058808247001208,-1.9300974843314762,48
1.5537633652920313,-1.8342187805942787,48
1.6114333352761574,-2.0729016551354875,48
1.4384195751386608,-1.803550707360492,48
1.6034802689029108,-1.8019585437405168,48
1.5979862570612446,-1.8209947643657058,48
1.6173474653771793,-1.9940733795808847,48
-0.9192089173947823,2.4546400545491,33
-0.9390924939404763,2.608912136402443,33
-0.8951644366988708,2.4496902910126805,33
-0.5924054192717295,2.6073136408516246,33
-0.9412869134284526,2.390900074631802,33
-0.9191354682890248,2.46923716931481,33
-0.8049750141857636,2.7133118989075444,33
-0.9513065004712263,2.4701752496287934,33
-0.8739997542592973,2.6900633777324567,33
-1.0186052130512635,2.5255102582192497,33
-2.7770674293584867,1.9771525355155655,86
-2.777067429359421,1.9771525355142843,86
0.5801689599572584,3.333396819096347,15
0.690782354770286,3.3899093350260205,15
0.7428962024710207,3.30797823034891,15
0.8292131339307676,3.3179263982205778,15
0.6475525109575689,3.298895962887394,15
0.6069228499796413,3.324074002385865,15
0.7466307467554572,3.4741375209589385,15
0.634609814694971,3.407573723767394,15
0.7481299298887744,3.4684576736585266,15
0.6483560029083538,3.4329401880514347,15
-0.9652745590417305,-2.7820525994057226,86
-0.9652745590417348,-2.782052599405713,86
-1.5400532545772563,2.9444561708604207,18
-1.564571290121474,2.95532720273897,18
-1.5603243284721184,2.9206564274560325,18
-1.5639747951763812,3.0612783528104623,18
-1.5604187571253203,2.9126244738018396,18
-1.3854104298216547,2.964358289677771,18
-1.4004860213780401,3.0601999099491546,18
-1.4363280308777366,2.906881816084803,18
-1.4363878253853644,3.1224629115477307,18
-1.4496740865291218,2.96221684571265,18
-2.903422681322366,2.2264402086294037,86
-2.9034226813223714,2.2264402086293984,86
-0.7385984603390198,3.675127344349357,18
-0.650858900026151,3.7205964864302157,18
-0.6780396348428002,-3.2390257531925593,18
-0.5932800341068765,3.6896422166821274,18
-0.7197984653816242,3.625900707369335,18
-0.6157822067841923,3.7335243955087183,18
-0.5511847083962712,3.8411763454263874,18
-0.6557811990405203,3.832206419323518,18
-0.5689532393244777,3.8097631217230132,18
-0.7102250030818679,3.7938183256253333,18
-2.699719781723125,1.9545519884145774,86
-2.6997197817231253,1.9545519884145768,86
-0.01971144392793039,2.956387314498892,31
-0.011946380894881248,3.005340208581581,31
0.022213573809059157,2.8931961345312462,31
0.0799677905190208,2.9903133082072144,31
-0.047976898819857956,2.9388194364043576,31
0.05978839571875489,2.9151536489240315,31
0.06139801664814786,3.0241743117795448,31
0.017265382663720703,2.840592869839273,31
0.02926309312774908,3.0090648962573368,31
-0.024456246614465438,2.88015986869571,31
-2.706979521365899,2.081693338612272,86
-2.706979521378471,2.081693338596681,86
0.893573657748599,3.397005017664672,16
0.9131709713480167,3.461206313293068,16
0.9216909217781765,3.390518270283251,16
0.9926375162068789,3.4175189957697776,16
0.8465968947720283,3.378146897305549,16
0.9339685783126139,3.325388887660853,16
1.0253284163625622,3.479251136401457,16
0.947730440927685,3.381644479037603,16
0.9779254260743283,3.4265745818276616,16
0.8780425956069919,3.398537056113918,16
-2.7427053392207856,1.8895987046298537,86
-2.7427053392433574,1.889598704599858,86
-0.8588414119922941,3.3146705228773747,18
-0.9225824123616995,3.273616071607767,18
-0.9193798176788661,3.2431561256384995,18
-0.9070216652534855,3.3187180509092866,18
-0.9776993794624123,3.2673833612561043,18
-0.7546492005921503,3.2283876354410688,18
-0.7827187174712179,3.339124864344813,18
-0.7700371870264979,3.1674301635910522,18
-0.8284367505742389,3.3534955840464624,18
-0.8583327026052059,3.2257595107666006,18
-2.88368316848198,2.156896648985002,86
-2.883683168481931,2.1568966489850614,86
0.09121754445929482,3.7354491128163434,16
0.08291069909076088,3.702351558327549,16
0.08390671519516367,3.7069973437276533,16
0.12306060084148249,3.661231227998387,16
0.0069814426564004245,3.645962778395217,16
0.17699227656024363,3.723822808598442,16
0.15342893035983307,3.809262880991024,16
0.09920994485889797,3.8046536483366244,16
0.12607267135564423,3.7261136720335903,16
-0.004632608504388256,3.7864969364061034,16
-2.7006297479559342,2.0060847558331028,86
-2.7006297479544754,2.006084755834951,86
1.7766632221408574,-3.309293230855866,47
-3.101135727285497,1.9088071929790382,47
1.8176328632911245,-3.2528577872130104,47
1.9486245869906544,-3.253535548760379,47
1.7190026358721506,-3.495723219313543,47
1.4257088681871897,-3.4562353753319,47
1.5315194430310017,-3.5194920650038375,47
1.5673598857017743,-3.488097732730822,47
-3.301734077946053,1.7422089054023147,47
1.6251806371860698,-3.6152495091581316,47
3.467429779702461,-1.7322428183066065,38
3.467429615229773,-1.732243148384475,38
3.3778166409921937,-1.6107355499795366,38
3.3778166339319875,-1.6107355651107196,38
1.6110700871327104,-3.289246995910065,47
1.9289324847557112,-3.43618457562318,47
1.6110208577149028,-3.289267865834272,47
1.9397460809138198,-3.4300176264365243,47
-0.9066406982836752,2.565002516361874,33
-0.9030739037319067,2.7292576601775393,33
-0.8891390461090215,2.586273596457909,33
-0.5887037650248858,2.730137099059113,33
-0.9251444624084866,2.5573498273473256,33
-0.8710990896127008,2.5883336768517657,33
-0.7915355622668686,2.784565293241559,33
-0.9216358302251778,2.589902033303995,33
-0.8315264184790436,2.7873433636997156,33
-0.9877205173861964,2.641663405669019,33
-2.7755837612993925,1.9435714035703435,86
-2.77558376129932,1.9435714035704388,86
0.54239364280638,3.3814325204577287,15
0.6595029906215178,3.421232956480888,15
0.6984741366212953,3.3649889410636176,15
0.7972994133849175,3.3720838100798094,15
0.6015625564909122,3.34877846606743,15
0.5835935815848079,3.391707880140242,15
0.7136623054378965,3.5181812306914426,15
0.6099564388295211,3.4672365060619676,15
0.7201499255796812,3.5237435032348583,15
0.6169368608029743,3.4845939247295292,15
-2.7507650847589233,1.614412522160966,86
-2.7507650847598133,1.614412522159594,86
-1.5555977576563733,3.033843871581736,18
-1.5624259646409966,3.0422368520333194,18
-1.572531265955324,3.010944957728432,18
-1.5441417448566384,3.130581645675915,18
-1.5503203698512635,3.0092681786352444,18
-1.3969835383799682,3.054998892693223,18
-1.40719294788171,3.146011551503952,18
-1.4458430250837735,3.003918003154931,18
-1.440687523414918,3.203872055708146,18
-1.4466947730810598,3.0739588430336373,18
-2.92957180531176,2.1992180025831014,86
-2.9295718053117548,2.1992180025831076,86
-0.7372359881483211,3.695997928598151,18
-0.6566838002759012,3.7477206058385257,18
-0.6877512868826232,3.733917027547522,18
-0.619428466476648,-3.2159060344053354,18
-0.7252699091369098,3.6536885108316626,18
-0.6282651202456052,3.7577529092100264,18
-0.5707376562108065,3.8668914712682545,18
-0.6625150938600782,3.859356410331126,18
-0.5809365986421291,3.837428906871387,18
-0.6986397590139664,3.8262250796910693,18
-2.7157746042422155,1.9297521280434555,86
-2.7157746042422155,1.9297521280434555,86
-0.055691759918006706,3.0111547997879473,31
-0.028513896538542353,3.052045033462496,31
0.004771534889049345,2.952472523260081,31
0.08255348981503963,3.03632517594859,31
-0.06581792628586969,3.0072684880500713,31
0.020288106535190642,2.9706537964996143,31
0.035489572199330376,3.0799349708734796,31
-0.011963584051636616,2.9009911814361535,31
-0.007957264458731595,3.0580492990139168,31
-0.045772741796791715,2.949748255466619,31
-2.693163419744745,2.050914846512232,86
-2.693163419744745,2.050914846512232,86
0.8657358800417542,3.423119244160901,16
0.9113191675735939,3.478222196853878,16
0.9058420388522831,3.428034148488755,16
0.9907129345192527,3.4509731915053936,16
0.8288559437290947,3.4119435620172194,16
0.885986842112546,3.360242305971977,16
0.9916531844586131,3.509036611075519,16
0.9102432424839219,3.4124307200960957,16
0.9566096623102922,3.472300599643861,16
0.8446742305380883,3.4382246977669877,16
2.652940809517608,-0.33493045169787955,86
-2.757879036948718,1.8368517002296092,86
-0.87281896591691,3.3796675617615306,18
-0.9369121342308151,3.3384260094015983,18
-0.9367046610879662,3.313211812594394,18
-0.8995162343948853,3.355554449302349,18
-0.9699645320957764,3.333349243265588,18
-0.7769990749055284,3.2839657674482083,18
-0.8081817594851635,3.385972139759314,18
-0.7903115147468001,3.235714928805797,18
-0.8445330091979505,3.4076634754281434,18
-0.8785315863556556,3.2923924889797616,18
-2.909573356100482,2.11614456558263,86
-2.9095733770837344,2.116144538098312,86
0.07296197046301733,3.7531484584334325,16
0.06833464580439048,3.728067853914187,16
-0.32078864393390627,-3.1516708833076694,16
0.10424840808082327,3.692075831070827,16
-0.012806810295566346,3.6767516462045458,16
0.14497363737283064,3.7362336182059033,16
0.1186641824373997,3.829019725706982,16
0.06157799017222335,3.8185935566190135,16
0.09874835607225456,3.7610001674270452,16
-0.03229988696319644,3.8009065608313657,16
-2.7110229995479544,1.9423378014671222,86
-2.7110229995479567,1.9423378014671169,86
1.908486362765692,-3.1288024789713322,47
1.8898354640628001,-3.1405333267281947,47
1.9204813601202924,-3.10298127896525,47
-2.9915918535294086,1.9582998491181196,47
1.8609439928026084,-3.377789946507242,47
-3.1505917084720205,1.6388280636657455,47
1.672610693838799,-3.4336718328368385,47
-3.20191694383019,1.7712938327689136,47
1.7116708205545215,-3.3618192299232743,47
1.7656262487673389,-3.556535578215345,47
3.381983273353896,-1.7622222209600142,38
-2.7714669073448293,2.5289310098783355,38
3.3417126765431275,-1.682773485775896,38
3.341712675917053,-1.68277348704239,38
1.805699434633227,-3.1099335075319323,47
2.052563830305857,-3.3401293190192334,47
-2.9994511659305263,1.7079503340037117,47
-3.4493085409940987,1.677626832318632,47
-2.476661870443829,0.4596224744112627,80
-2.564958257730066,0.4624409159704462,80
-2.5646571358253167,0.45585656740459546,80
-2.618291175467523,0.5356719463922146,80
-2.4766618704438295,0.45962247441126214,80
-2.564958257730067,0.46244091597046505,80
-2.5646571358253096,0.4558565674048006,80
-2.6182911754675238,0.5356719463922129,80
0.027586150255323166,1.093147629313299,32
0.012784127601824322,1.1306660744216797,32
0.07523286447152713,1.0586481980537386,32
0.11766404722711059,1.1048993149201796,32
0.06656389467962083,1.0475775085123913,32
0.08752149265120202,1.0733016329285248,32
0.13088457586056307,1.077954759685043,32
0.07339470219051926,0.9890919219740718,32
0.1251667272313354,1.1221074833038893,32
0.05331394106967002,1.049271252008389,32
-2.469639758969716,0.7754470562043937,80
-2.497063821022136,0.37694943156447064,80
-2.4585912032032895,0.4080245888552673,80
-2.5182813466722638,0.4453748907587726,80
-2.4063769605568197,0.3907722706556033,80
-2.4696397589675163,0.7754470562114864,80
-2.4970638210221425,0.37694943156458827,80
-2.4585912032032926,0.4080245888552862,80
-2.5182813466722624,0.44537489075861597,80
-2.406376960556817,0.3907722706555777,80
-2.365431986252241,-0.23949648093754425,80
-2.2596203436696998,-0.3968327923629407,80
-2.315464342275135,-0.3846258546729368,80
-2.3375852142767055,-0.30795625599866366,80
-2.365431986023661,-0.23949648180296726,80
-2.259620343678825,-0.39683279234107915,80
-2.3154643422697347,-0.3846258546865158,80
-2.3375852142868347,-0.3079562559700712,80
1.1042511579000125,1.702600654574057,15
1.1396896475514782,1.767706332251832,15
1.230012204810047,1.4686702707069914,15
1.2604976196238749,1.685697649951867,15
1.187575374690491,1.4865635142145415,15
1.1416665452844594,1.8064890602480626,15
1.275920603159236,1.846603328453331,15
1.2369216278045692,1.5800505750369798,15
1.2881717781867184,1.876909986661554,15
1.149860143844202,1.6713382974969033,15
-2.3854225150724937,-0.03804512529230248,80
-2.3645351309903315,-0.3649208039973199,80
-2.170467463666876,-0.41511188512822694,80
-2.2778518523461524,-0.38866153094133027,80
-2.062927087884982,-0.4562050641810345,80
-2.3854225228366333,-0.03804507313127036,80
-2.364535131069434,-0.36492080380124076,80
-2.1704674636588077,-0.41511188514711567,80
-2.2778518520265103,-0.3886615316947871,80
-2.0629270878887414,-0.45620506417238815,80
-2.6094772896749925,1.2214232903399307,84
-2.611094177984904,1.1131220048089636,84
-2.6038030573735464,1.1662701330102485,84
-2.7032234615171498,1.1843415049673514,84
-2.609477289674992,1.2214232903399282,84
-2.6110941779849037,1.1131220048089578,84
-2.6038030573735425,1.1662701330102523,84
-2.7032234615171524,1.1843415049673498,84
-0.998681428233552,2.2611249399122433,25
-0.9481399469875783,2.31953348994006,25
-1.0350270234597512,2.2510382030690566,25
-0.9239181187418737,2.4390173720095567,25
-0.9547490317609397,2.2421037103900483,25
-0.7865194489378591,2.2829585611198775,25
-0.7068111960095809,2.3471519719408014,25
-0.8100775294468766,2.2161545367293267,25
-0.7954097740786858,2.438630509958457,25
-0.7326387197415235,2.2077652182532583,25
-2.614586596519069,1.2118267586579556,84
-2.5842216255327934,1.088999176713885,84
-2.5501437552176576,1.1092786945777016,84
-2.5485152659097277,1.144057735113021,84
-2.5329266483409536,1.076251072563506,84
-2.614586596519071,1.2118267586579552,84
-2.5842216255327943,1.0889991767138854,84
-2.5501437552176567,1.1092786945777016,84
-2.5485152659097285,1.1440577351130203,84
-2.5329266483409514,1.0762510725635062,84
-2.4812958019784355,0.6956927294920074,83
-2.4242294974044185,0.6031222430155393,83
-2.453260315536676,0.6188063020097568,83
-2.485665090516322,0.6225762030349167,83
-2.481295801978436,0.6956927294920079,83
-2.424229497404419,0.6031222430155393,83
-2.453260315536676,0.6188063020097648,83
-2.4856650905163207,0.6225762030349167,83
0.22791522716048598,2.7598367374062818,21
0.18922396059972982,2.851461094552697,21
0.18946614018964147,2.8199763299291782,21
0.2380405609835245,2.826412750276763,21
0.23037744656553075,2.66276666059285,21
0.2587269296231089,2.7865672781468143,21
0.31993587704044063,2.878814183311987,21
0.2825330339734883,2.8708192623979225,21
0.2600374550381127,2.874892230018995,21
0.2767121390561126,2.775248746421432,21
-2.475258092504545,0.6787071189983386,83
-2.473416997061902,0.5700260936540753,83
-2.4323538920061365,0.603817877153443,83
-2.477430547853595,0.5939349755441453,83
-2.3779122836052897,0.5180801528751331,83
-2.475258092504543,0.6787071189983432,83
-2.473416997061901,0.5700260936540753,83
-2.432353892006137,0.6038178771534427,83
-2.477430547853595,0.5939349755441459,83
-2.377912283605288,0.5180801528751341,83
-2.0793283626409527,0.3497948440652736,78
-2.119625388435679,0.2830004553614335,78
-2.152821828981277,0.2895960703140688,78
-2.1873066149725715,0.35785718516246323,78
-2.0793283626409527,0.3497948440652726,78
-2.1196253884356793,0.283000455361433,78
-2.1528218289812755,0.2895960703140684,78
-2.1873066149725733,0.35785718516246234,78
0.5433337871623674,2.0398715796721554,30
0.5476002901224365,2.0559387327615575,30
0.5641068934430216,1.9948594450868549,30
0.580532036968998,1.9363692860683643,30
0.3772077674222341,1.878909960724315,30
0.4693665369424611,1.8854082819108573,30
0.5333719956439517,1.9226242123679014,30
0.47596650710821237,1.7855114666503265,30
0.49555608201032864,1.8636412568273144,30
0.3662416339543787,1.7860548187924985,30
-2.2942859486482483,0.6719591172272215,78
-2.1351838988617104,0.27176134746561764,78
-2.0282884429037806,0.264386775690913,78
-2.1233181616794288,0.3076283712652408,78
-2.0774016783334885,0.3123125758939128,78
-2.294285948648271,0.6719591172270153,78
-2.1351838988617087,0.27176134746561514,78
-2.0282884429037815,0.2643867756909231,78
-2.1233181616794283,0.30762837126523546,78
-2.077401678333487,0.31231257589393435,78
-2.163797614591509,-0.41597261852606227,77
-1.984710144696043,-0.5024392302464237,77
-2.1191765849355995,-0.5111118845784279,77
-2.1313816069076488,-0.4361475717346948,77
-2.163797614592268,-0.4159726185242648,77
-1.9847101446960496,-0.5024392302464046,77
-2.1191765849442206,-0.5111118845611178,77
-2.1313816069059173,-0.43614757173880364,77
1.4242472793843712,2.583112508455007,20
1.380518279391155,2.6178278582222663,20
1.420274607166291,2.4951819742651753,20
1.4137373467070244,2.473390378247452,20
1.3206391166112854,2.408397836341723,20
1.3848608905701614,2.4661998697540284,20
1.507025313379958,2.581111187950826,20
1.4320519723079006,2.4956115985568075,20
1.4451650197162318,2.502539163572207,20
1.3820238448986046,2.5059923259852463,20
-2.3258726653563317,-0.1889145345269765,77
-2.210434367170271,-0.47918936722465677,77
-2.0218918901000786,-0.50363188019555,77
-2.1525759463052236,-0.45365971709951636,77
-2.017549575019732,-0.5152856482428104,77
-2.3258726647741983,-0.1889145368423625,77
-2.2104343671325473,-0.4791893672973826,77
-2.0218918900999583,-0.503631880195877,77
-2.152575946329878,-0.45365971704748664,77
-2.017549575019906,-0.5152856482423569,77
-2.441078070218056,1.0268341252757724,88
-2.450415857950924,0.9861194453038828,88
-2.3937864710683647,0.9574100278083203,88
-2.5124013344710088,1.0182703139047355,88
-2.4410780702180572,1.0268341252757724,88
-2.450415857950925,0.9861194453038817,88
-2.393786471068365,0.9574100278083195,88
-2.5124013344710088,1.0182703139047355,88
-0.25537944359468595,2.6783668453439415,24
-0.2406990999808453,2.669965601947564,24
-0.28630921090735006,2.640684030297477,24
-0.15207458884208624,2.70689326864661,24
-0.31818886011423825,2.5808575180916002,24
-0.16305095628407698,2.561202121082014,24
-0.13059342083871878,2.62854352738392,24
-0.16671435467991627,2.5122762641773,24
-0.18922086887311912,2.621629249424839,24
-0.2310628545232063,2.4830823466046086,24
-2.7246317626525025,1.1236347687544714,88
-2.3922966232614926,0.8814525494208334,88
-2.407744971380382,0.9482883630201925,88
-2.3630592587555173,0.949322744009175,88
-2.444841072473061,0.9522630705416517,88
-2.7246317626525016,1.1236347687544717,88
-2.3922966232614935,0.8814525494208332,88
-2.407744971380382,0.948288363020192,88
-2.3630592587555177,0.9493227440091759,88
-2.4448410724730603,0.9522630705416508,88
-2.388564352899774,0.49412091393238755,87
-2.3039026327981156,0.43592157815857296,87
-2.3336941618909206,0.3899625179960574,87
-2.390027302782355,0.4416334501780901,87
-2.3885643528997735,0.49412091393238755,87
-2.303902632798118,0.4359215781585717,87
-2.3336941618909206,0.3899625179960574,87
-2.390027302782355,0.4416334501780905,87
0.7078118801722437,2.9654154006343707,22
0.6893837367755475,2.9583684176776854,22
0.6846144829494875,2.94684810619353,22
0.7285942427446882,2.9132266830230895,22
0.6905466745048073,2.8156990825021215,22
0.7039088698587702,2.8942735811800597,22
0.7505182545664341,2.8931995297062483,22
0.6814590990341703,2.962209977132061,22
0.7051298697488497,2.84263528732718,22
0.6959207665352768,2.8987925070441904,22
-2.606795751617484,0.5792737967558368,87
-2.355364318569781,0.3352061362286895,87
-2.2740676134391173,0.39666320289702145,87
-2.2907284323485415,0.35642808209211135,87
-2.2246800225931262,0.3302087171891832,87
-2.606795751617484,0.5792737967558313,87
-2.355364318569783,0.3352061362286894,87
-2.274067613439117,0.3966632028970212,87
-2.290728432348539,0.3564280820921114,87
-2.2246800225931262,0.33020871718918343,87
2.9154310933221796,-1.2471904464480004,38
2.983114688064307,-1.3136268231932144,38
2.969430983449007,-1.2043538640792977,38
3.0133357705154347,-1.27058812348096,38
2.9154310933223924,-1.2471904464474721,38
2.9831146880641777,-1.3136268231935875,38
2.9694309834490125,-1.204353864079281,38
3.013335771663371,-1.2705881205560265,38
1.5297176881423113,-2.272830290916824,50
1.457969461293965,-2.4615661051164426,50
1.5530413237177825,-2.3052836694836305,50
1.5492545025521374,-2.425089651587577,50
1.4527105177777264,-2.7715163318633453,50
1.2982368037006256,-2.4875828995495,50
1.2207235408450234,-2.7776595242706343,50
1.3218694003393112,-2.68793180917393,50
1.2639343981068965,-2.7577345780890026,50
1.346753688033448,-2.9511978482977934,50
3.2043444233866536,-1.148406676353717,38
3.1519606744093998,-1.1746426724456638,38
3.0747119655996342,-1.2354037967343072,38
-2.1167981617554292,2.1995349587898123,38
3.07725089815199,-1.2045553435702216,38
3.2043444233867397,-1.1484066763534864,38
3.151960674412084,-1.1746426724387318,38
3.0747119656268973,-1.2354037966652982,38
3.060078234626986,-1.1149240817094928,38
3.0772508980995297,-1.20455534368574,38
3.176346607453179,-1.1097560845630663,38
2.9659788199405286,-1.0516398444584814,38
3.0551079167464867,-1.0766001890293222,38
3.1344022986524624,-0.9956077294088689,38
-2.168654279411327,2.3036551203946565,38
3.17634660745318,-1.1097560845630632,38
2.9659788199405273,-1.0516398444584807,38
3.0551079167464876,-1.07660018902932,38
3.134402298652464,-0.995607729408869,38
3.1273652106552716,-1.0703675608027545,38
1.4201203991084064,-2.3761109712584596,50
1.614408256840305,-2.6912297706677077,50
1.4176443366369094,-2.3336172723756303,50
1.6957962126093225,-2.6194326150043703,50
1.4098633662695654,-2.405006276914492,50
1.680942039941452,-2.5720642970056833,50
1.3154071018716356,-2.2651101190306466,50
1.6001972434356553,-2.5382423219573966,50
1.464085797987301,-2.352320729671592,50
1.6745525608204201,-2.7797557806049875,50
1.4201204010504822,-2.3761109698217915,50
1.6144082567620017,-2.6912297707154695,50
1.417644339209416,-2.333617270473672,50
1.695796212557669,-2.619432615040394,50
1.4098633667003155,-2.405006276625297,50
1.6809420400089568,-2.572064296958584,50
1.3154071030837595,-2.2651101179830473,50
1.6001972439188132,-2.5382423216274974,50
1.4640857957488407,-2.3523207313329753,50
1.6745525611659156,-2.7797557804000586,50
-1.3137638043235111,2.4280633326912215,33
-1.3121154166930518,2.6494734020947797,33
-1.2697068205009507,2.549679736965475,33
-1.0391774563824836,2.675642008535784,33
-1.3402786376895244,2.493743196380276,33
-1.350987039521775,2.4151688804398823,33
-1.3326495630614708,2.608257217127116,33
-1.462242544619901,2.3980357552857035,33
-1.273949791764393,2.621141657220614,33
-1.4503974125924366,2.523712147519483,33
-2.873747771324273,2.0652097816943478,86
-2.87374777132426,2.06520978169437,86
0.33999604515332427,3.5231637009998233,15
0.513934322220411,3.580439762255116,15
0.5328473480170863,3.554927536327156,15
0.6381254296408387,3.531959446629144,15
0.47244307324008283,3.50576471308086,15
0.3654960127006671,3.4314907268446873,15
0.501928252538874,3.622463282904226,15
0.3565162113826466,3.5509037569186908,15
0.5070502660902635,3.5835848368075642,15
0.41138052693622373,3.626010225982236,15
-0.8643101327585265,-2.9955007869492327,86
-2.809864425047841,1.6860787810678892,86
-1.685267424795471,2.989476782215528,18
-1.7171977333917454,3.0356263409264974,18
-1.6834650265013278,3.0080306055392767,18
-1.6694764873230523,3.0943609728856862,18
-1.72871888518856,3.0086845243507256,18
-1.5723164326135004,2.983515645740462,18
-1.5990280857533552,3.128549910990973,18
-1.6598059764562028,2.985614023826139,18
-1.5841530197636784,3.1477241483195493,18
-1.6828369580893583,3.0855184531354864,18
-2.990795963752564,2.3215151090092805,86
-2.9907959637525643,2.3215151090092814,86
-0.9218013617383023,3.7090030444237163,18
-0.9291567277502436,3.761788535796453,18
-0.9123038531341378,3.7896964793253534,18
-0.8317457392632047,3.7372265295740803,18
-0.7521439789896862,-3.3228198046683284,18
-0.9371082790206114,3.754393348860059,18
-0.9067316638433977,3.8529512540589548,18
-0.9766485620596077,3.86024446570798,18
-0.90946077584457,3.8052743766487374,18
-1.0439114352466377,3.82994940873753,18
-2.6805234057778033,1.9331486360672652,86
-2.6805234057778033,1.9331486360672652,86
-0.22339320440598823,2.9735509210803155,31
-0.23213823463593272,2.9380487628276906,31
-0.1734816343743129,2.9376181333528395,31
-0.13432143636746416,2.9570394009409147,31
-0.2821174347005046,2.938216304896679,31
-0.24507210393865206,2.8228157479090594,31
-0.2430342056740206,2.9935676798262887,31
-0.27828193738265405,2.812914582015343,31
-0.2573830892495645,2.9265267745397403,31
-0.3361838939988668,2.879960937776052,31
-2.827085468062913,2.1160536286426925,86
-2.827085468062756,2.1160536286428946,86
0.6830565114057526,3.4045792584650223,16
0.6893600644511317,3.440548203918192,16
0.6858417621125968,3.425370937899518,16
0.7919040406508331,3.3953021046350744,16
0.6034415901473641,3.3996412853377453,16
0.6845821556322917,3.2706848601519054,16
0.7030120866784183,3.491730167488325,16
0.6841009102428366,3.400579859532239,16
0.7030092345692169,3.390921218518185,16
0.5865317446697779,3.4368471091220756,16
-2.8073035581977206,1.8554923701825143,86
-2.807303558197719,1.8554923701825148,86
-1.0398322893455958,3.262932308861473,18
-1.0707756917741298,3.2188199021023203,18
-1.0570957310915532,3.2439386614959824,18
-1.0137915183097277,3.268720088047245,18
-1.1762537098097954,3.2194881962347695,18
-0.96692632825382,3.1405609190947255,18
-1.0331298568132052,3.2647339150916097,18
-1.0305623760493914,3.133560857053237,18
-1.0517380650950912,3.2421663185303475,18
-1.1262096005200457,3.1639561543691115,18
-3.0302122828121263,2.3019292655890307,86
-3.0302122828119833,2.3019292655892163,86
-0.11903449405515391,3.736136186430735,16
-0.14012996127687208,3.715157396994618,16
-0.12324512315949245,3.757427710859357,16
-0.09277271295922758,3.6866791284483647,16
-0.18457205162452978,3.692321252199756,16
-0.1326249272759311,3.6988429638848235,16
-0.178964192168535,3.78874878526905,16
-0.2088792751714238,3.8070921137500116,16
-0.19123234686835205,3.71368664518416,16
-0.34273465655696117,3.77545202578902,16
-2.802918442296697,1.996311052536612,86
-2.802918442303085,1.9963110525281516,86
1.648006383034432,-3.341712657480017,47
1.6944475603717597,-3.277889435021599,47
-3.0721527529759705,1.7704830866415895,47
1.9268893312590105,-3.18579496293129,47
-3.5290405479229907,1.4001202340513685,47
1.5311071930020574,-3.4457638844977456,47
1.554989679735628,-3.507085056122358,47
1.6383766277062155,-3.464560623720397,47
1.6488466170443072,-3.42595282507165,47
1.6731642150919066,-3.554807096810363,47
3.43725374960193,-1.8866871994575538,38
-2.9208474767709536,2.506248834537881,38
3.4736252284439257,-1.770948101411433,38
3.473625234342853,-1.7709480895620127,38
1.5850172014732637,-3.3258590667086794,47
1.741227646919823,-3.377205451067421,47
1.585008778871751,-3.3258624382243784,47
1.7424208272110582,-3.3766501726901166,47
-1.3229576505353593,2.4989616486587147,33
-1.293188865233134,2.696222919637279,33
-1.2523815535720098,2.627661203132385,33
-1.0437041949829768,2.7322767076601004,33
-1.3229232536655195,2.552731709535463,33
-1.2748492578235142,2.5589433473970598,33
-1.282725943379355,2.691171099306684,33
-1.4211748721842468,2.551154199037132,33
-1.269795324106423,2.691154396655303,33
-1.4283231295521157,2.6273077175250226,33
-2.8581653236709426,2.0330671085222924,86
-2.858165323670905,2.0330671085223475,86
0.2880849714831352,3.5651603357739003,15
0.450131232760711,3.621483567917,15
0.47891302907639083,3.5947172604722764,15
0.6158621957357471,3.5683711683648394,15
0.4389246232095718,3.547740963663692,15
0.310107524863401,3.4882838947886956,15
0.4380513615741461,3.6631833389037514,15
0.34040315733415866,3.604275162689749,15
0.45760112099154243,3.627266372404459,15
0.3593657159173851,3.6670859898230463,15
-0.8757414476347023,-3.0025523491701582,86
-2.838778254134475,1.6472362151660962,86
-1.7057009039656381,3.056209632391255,18
-1.7211351979215384,3.0918795368111183,18
-1.697485766745349,3.093877718531303,18
-1.663015502883923,3.1146379374243303,18
-1.7243766736743433,3.0604081456125294,18
-1.6000640253247556,3.0468809150508234,18
-1.6021177186552251,3.185549227985034,18
-1.6541371470503126,3.084624131083038,18
-1.5870271465149228,3.16867488567183,18
-1.6947818805873025,3.1679994158562597,18
-3.0610586476769375,2.3229213811914184,86
-3.0610586476769166,2.3229213811914446,86
-0.9207573626065912,3.7031594524327818,18
-0.9469831348262157,3.7555110022341944,18
-0.9097075908810125,3.784593604769859,18
-0.8506420876130039,3.729200692181144,18
-0.9433737372049494,3.686955832085176,18
-0.9334516248462431,3.7519757477595332,18
-0.9182523866677567,3.847644110551518,18
-0.9665793567908878,3.871712151868439,18
-0.9413438869166709,3.800374138602902,18
-1.0503399996003782,3.821061365203489,18
-2.7308356366914426,1.9135699457700737,86
-2.7308356366914417,1.9135699457700752,86
-0.28951541323064467,3.0057296762915535,31
-0.2622919788868175,2.990089018342826,31
-0.20947564348539105,2.98423502436986,31
-0.13751712055541976,3.0056805052506594,31
-0.30062674699655567,2.997757033477192,31
-0.28315284714926975,2.9103403390350424,31
-0.31236874399657377,3.0370914120565486,31
-0.32355278475560056,2.909417454582092,31
-0.3377607842574347,2.97604973790105,31
-0.37955436203801024,2.955547105918426,31
-2.8488421398385575,2.1162169659505286,86
-2.848842139827165,2.1162169659650836,86
0.6282168545894347,3.4372362431228614,16
0.6629337726290292,3.4523151750180907,16
0.6541354032582319,3.4481081625351524,16
0.7879063003710642,3.383504152682722,16
0.5890432453592319,3.3900191120305703,16
0.6273009945186581,3.314964040226183,16
0.6445002423371932,3.506549520066933,16
0.6275913008393628,3.459769920330278,16
0.6439915461850361,3.414033882787689,16
0.5456310397574352,3.4882226570077663,16
2.7601437545229377,-0.37338263001856653,86
-2.788080324625976,1.8204702438276301,86
-1.0821987195024154,3.2939817097702533,18
-1.0994496194782652,3.262491240825443,18
-1.104874355469643,3.298102964432247,18
-1.0255908520253687,3.2865854014552074,18
-1.1764320008076583,3.252769233046053,18
-1.0094287121123302,3.185460578531213,18
-1.081233074493801,3.2857970015877536,18
-1.082950289459938,3.193695561257662,18
-1.0852944781966964,3.2732642841307404,18
-1.190114018387472,3.252284083627737,18
-3.078063926078398,2.276001883293194,86
-3.0780639260762905,2.27600188329599,86
-0.14968883140769984,3.7404766900711603,16
-0.17687266811953237,3.7226518143601486,16
-0.14616407064377857,3.7791349263437324,16
-0.1159508443830681,3.6893762188990245,16
-0.2155236890580892,3.6878695785147797,16
-0.1958695768345382,3.69470159191566,16
-0.24955316766491265,3.7793275112232014,16
-0.27711113692664585,3.8197896482879936,16
-0.26448592545707006,3.712456364493831,16
-0.4375715200015198,3.777385043835365,16
-2.850563305348185,1.9594611859722375,86
-2.850563305348246,1.9594611859721538,86
1.6147890362750792,-3.279958246985764,47
-3.0197487374458296,1.7398432692752341,47
-3.017430701826343,1.7156783282348003,47
-2.9615215822859837,1.8155972870480035,47
1.6973963733599473,-3.3344981141299033,47
1.526205601470022,-3.3445587624351822,47
1.5636653745290998,-3.4036071642755976,47
1.6619020356796563,-3.381141378657085,47
1.6237235869695377,-3.3258428621932445,47
1.736064956755459,-3.445184934566812,47
3.416811804643804,-1.9599155231746954,38
3.4168118377656165,-1.9599154611496428,38
3.4539434696235216,-1.8557897274281105,38
-2.9465263150334557,2.4759757388792867,38
1.5966535494255116,-3.2437115144582576,47
1.8435898650937776,-3.242220390214751,47
1.5966753755092704,-3.2437020201308058,47
1.8436671865904264,-3.2421774817447897,47
-2.6003474334043615,0.7580943764607937,80
-2.704914117968504,0.8120243696896557,80
-2.6955621207355844,0.7616352342935772,80
-2.746451124993963,0.8537410139581886,80
-2.600347433404361,0.7580943764607966,80
-2.704914117968505,0.8120243696896555,80
-2.6955621207355853,0.7616352342935732,80
-2.7464511249939636,0.8537410139581821,80
-0.14712943325491615,1.146434173792293,32
-0.19243881294350848,1.2137378615502532,32
-0.14618664995112376,1.177641320668122,32
-0.07768612739891743,1.166706936570885,32
-0.09633643779796515,1.1022160237438512,32
-0.1000425330305498,1.1468250264056794,32
-0.15906737173768046,1.2007160060227569,32
-0.19194963841625853,1.1313698854493524,32
-0.17642804143461427,1.2229651957292658,32
-0.1837634315632826,1.170770221850691,32
-2.579271240989678,0.9730987619375018,80
-2.6164461324566686,0.6837299086996935,80
-2.537179678907246,0.7604024954113615,80
-2.604504094055375,0.7364090520519192,80
-2.535047394593789,0.7541253221194499,80
-2.5792712409896787,0.9730987619375085,80
-2.616446132456584,0.6837299087001565,80
-2.537179678907174,0.7604024954116029,80
-2.6045040940552906,0.7364090520522991,80
-2.5350473945938896,0.7541253221190884,80
-2.6071685348692357,0.08332245028238139,80
-2.5370660115346024,-0.11709882577068413,80
-2.5900320135966948,-0.10353125374921862,80
-2.5303105087303535,-0.027560176136758402,80
-2.607168538333075,0.08332248960466382,80
-2.5370660115334824,-0.1170988256887812,80
-2.5900320133808417,-0.10353125151046692,80
-2.530310506250511,-0.027560222549096132,80
1.1195643786743767,2.06373213186352,15
1.0716303263669966,2.132713309718021,15
1.1491166263033301,2.1047614282364147,15
1.148595090284054,2.0366488028049075,15
1.0695589852947844,1.9690634285398068,15
1.1440676903861948,2.0322496980911375,15
1.1451933841425186,2.170242111185655,15
1.1493775180105699,2.132779367260576,15
1.1566677265740426,2.195325487720847,15
1.0389640951622587,2.1431849507089056,15
-2.579994049849942,0.3128146483605723,80
-2.6139270105432657,-0.1620312116654797,80
-2.4534852321803284,-0.13085694207742457,80
-2.5418245392494407,0.027370391559546826,80
-2.3547324526177635,-0.14720642278024784,80
-2.579994048700939,0.3128146391871358,80
-2.613927010542232,-0.162031211656039,80
-2.453485232106537,-0.13085694296177583,80
-2.5418246051661155,0.027371139652782345,80
-2.354732452603313,-0.14720642285151608,80
-2.665224122587753,1.4243150655040215,84
-2.6884937635504573,1.3458075827059914,84
-2.6834263385739328,1.4064020034493452,84
-2.7655694502753674,1.3888052960901285,84
-2.6652241225877527,1.4243150655040215,84
-2.688493763550457,1.3458075827059919,84
-2.6834263385739328,1.4064020034493452,84
-2.765569450275366,1.388805296090129,84
-1.1432785113307982,2.211127867303667,25
-1.210993180223782,2.310430693211176,25
-1.208488890370821,2.2743361456993623,25
-1.2133591831507229,2.423410745889935,25
-1.1450079534145299,2.2135285983896233,25
-1.0439319928085873,2.250043191079746,25
-1.0709705602111996,2.387707405878393,25
-1.116331720178579,2.249026375474302,25
-1.1267993334044342,2.454445728761086,25
-1.0683551489786423,2.2358520575505088,25
-2.6895645210870116,1.4576544989059042,84
-2.6450179852711058,1.316681654092585,84
-2.6346308202525943,1.3593882676111335,84
-2.6502788015100065,1.4020035656894416,84
-2.612821529657475,1.3172176506796482,84
-2.6895645210870116,1.4576544989059042,84
-2.6450179852711044,1.316681654092585,84
-2.6346308202525943,1.3593882676111348,84
-2.650278801510008,1.4020035656894416,84
-2.612821529657474,1.3172176506796476,84
-2.5415960372000908,0.9451765329685278,83
-2.522506625756313,0.8771196548186196,83
-2.506939986701241,0.8720315046320756,83
-2.56388628553122,0.8993938738560354,83
-2.541596037200091,0.9451765329685268,83
-2.522506625756314,0.877119654818618,83
-2.5069399867012407,0.8720315046320752,83
-2.56388628553122,0.8993938738560352,83
-0.0017906518693585267,2.9892030275592822,21
-0.07882604442411928,3.084532047761419,21
-0.05012284249637678,3.103204051184666,21
-0.008220973742767755,3.0432120665405806,21
-0.006459369081352162,2.9004759774747124,21
-0.02662762915086913,3.0132868743060475,21
0.021622189681977714,3.093938532230337,21
-0.02027810174579255,3.1546267188951647,21
-0.042745072079429756,3.0617345775487332,21
-0.029813466223310183,3.038423739875045,21
-2.567028993397266,0.911210949074513,83
-2.499151163172711,0.8347079692585228,83
-2.5168146315698174,0.8739939374214846,83
-2.5211600533997367,0.8527789440883852,83
-2.4580022698797923,0.8247952067753496,83
-2.5670289933972645,0.911210949074513,83
-2.499151163172711,0.8347079692585228,83
-2.516814631569816,0.8739939374214848,83
-2.5211600533997367,0.8527789440883853,83
-2.4580022698797923,0.8247952067753499,83
-2.2399310170422297,0.6779557659973193,78
-2.2900031771485385,0.5994725689258213,78
-2.3066114305773695,0.6393653827751596,78
-2.3416898851577637,0.6607866571937763,78
-2.2399310170422297,0.677955765997319,78
-2.2900031771485363,0.5994725689258245,78
-2.3066114305773766,0.6393653827751344,78
-2.3416898851577628,0.6607866571937492,78
0.3166063671026477,1.8793487750988953,30
0.228229649619522,1.925687652995592,30
0.29965215043788085,1.8951310399081094,30
0.2877647354667133,1.881331663980707,30
0.17824819003646025,1.7400164803268228,30
0.30296990800806045,1.7670537317914718,30
0.2354118656006517,1.8858196715835007,30
0.23818482481038925,1.709075068299203,30
0.22216915256034903,1.8618589595027726,30
0.115870046960436,1.6994060530334891,30
-2.469375478728685,0.995795398606672,78
-2.277826162713819,0.623578592218662,78
-2.1904683484053487,0.5984796406740069,78
-2.2931026332487505,0.6571345659200136,78
-2.2426704348712616,0.6695258484756653,78
-2.4693754787287006,0.9957953986066445,78
-2.2778261627138203,0.6235785922186634,78
-2.190468348405346,0.5984796406740132,78
-2.29310263324875,0.657134565920014,78
-2.2426704348712607,0.6695258484756657,78
-2.3297463481358505,-0.016534036960225148,77
-2.253597134526096,-0.1660532654460691,77
-2.3845336765158445,-0.12698883666688662,77
-2.3275177940338523,-0.08679022709363327,77
-2.3297463482365104,-0.016534036381506943,77
-2.2535971345211987,-0.16605326546208252,77
-2.3845336766151544,-0.12698883609048642,77
-2.327517794070887,-0.08679022691601743,77
1.2405626225288273,2.5118418912113403,20
1.2071775870772679,2.5722772744208102,20
1.2356243362385564,2.5218434572144224,20
1.2249885438666044,2.478987675886737,20
1.1329238075894654,2.3647342668742124,20
1.1550548805217926,2.346568964443959,20
1.2430210394079242,2.5771611774632595,20
1.1910537023814192,2.4835071686560157,20
1.2141980268824994,2.50544465906205,20
1.136495998073242,2.4682651779951033,20
-2.5412545954108468,0.31370794128287405,77
-2.3263769600635578,-0.15519863318549096,77
-2.241351413190612,-0.18421881564055645,77
-2.3897646594233506,-0.06731042061175387,77
-2.2442001198800923,-0.16700048613680246,77
-2.5412545913385034,0.3137079124317857,77
-2.326376960665234,-0.1551986304918167,77
-2.241351413480733,-0.1842188147252526,77
-2.389764659133821,-0.06731042243879007,77
-2.2442001213787055,-0.16700048200810502,77
-2.569077432890635,1.2624655324221423,88
-2.5674817205391847,1.2019069592001799,88
-2.5479230779942648,1.2098552486806398,88
-2.6426901524288624,1.2452491986043626,88
-2.5690774328906363,1.2624655324221428,88
-2.567481720539184,1.2019069592001785,88
-2.547923077994266,1.209855248680641,88
-2.6426901524288633,1.2452491986043628,88
-0.5310946517983265,2.554094270698992,24
-0.5699642515869776,2.555169465816061,24
-0.5617194418735306,2.5447076313100325,24
-0.5209307968461696,2.589381298063343,24
-0.588779425375651,2.4715900510779756,24
-0.5116790596036437,2.456262004665733,24
-0.49777434149562944,2.5505544445966124,24
-0.5559936379593645,2.4510053470677224,24
-0.5505198662179674,2.6002058517709266,24
-0.5623449670109032,2.415944658234669,24
-2.859119407163495,1.4196524580010748,88
-2.5182830128228018,1.14972026098915,88
-2.534818899102306,1.1881696163685378,88
-2.523665355060254,1.2116400278795576,88
-2.6058703409435915,1.2039792407594867,88
-2.8591194071634978,1.4196524580010719,88
-2.5182830128228018,1.14972026098915,88
-2.534818899102305,1.1881696163685374,88
-2.5236653550602552,1.2116400278795585,88
-2.6058703409435906,1.203979240759486,88
-2.4441484587492166,0.8024635627294724,87
-2.4360767025517567,0.7567794968834696,87
-2.39661178580331,0.6357455406461329,87
-2.460777256345614,0.7541880769609592,87
-2.4441484587492144,0.8024635627294726,87
-2.436076702551753,0.7567794968834678,87
-2.396611785803302,0.6357455406461644,87
-2.4607772563456125,0.7541880769609595,87
0.4983562858467778,2.9726536101530106,22
0.45890811527587444,2.9613625752316435,22
0.4735173813403418,3.0023076092212477,22
0.5081934920088154,2.9163971893023755,22
0.4872072419017941,2.8308772142009144,22
0.46075869090666455,2.943292468566936,22
0.5022017245866393,2.9566368217374475,22
0.41451144586928473,3.0648682801087976,22
0.43091924987981317,2.908583715695035,22
0.39688839047843844,2.9946429169792945,22
-2.7203248531906556,0.8644718695096977,87
-2.4196337088502027,0.6171131414010954,87
-2.3652531700915116,0.6742496123408391,87
-2.391136871327153,0.5968097829387848,87
-2.3337493061870647,0.6682420680315527,87
-2.720324853190657,0.8644718695096979,87
-2.4196337088502027,0.6171131414010933,87
-2.3652531700912296,0.6742496123427897,87
-2.3911368713271517,0.596809782938788,87
-2.3337493061870735,0.6682420680315013,87
2.712651812785077,-1.3750459578582912,38
2.8098738961542593,-1.4289302780165556,38
2.851689921011248,-1.366144522416775,38
2.825882218358305,-1.4489287739870065,38
2.712651812785079,-1.3750459578582914,38
-2.31757188737174,1.8471044878584104,38
-2.338457191201445,1.9259995278156132,38
2.825882218358294,-1.448928773987046,38
1.3555415807795381,-2.387464663727083,50
1.3952075789063911,-2.421376971566531,50
1.4069763051214352,-2.327531568467338,50
1.4482293414534495,-2.4072483810253233,50
1.3871278206123048,-2.708134289620467,50
1.2588170526829832,-2.436994243923321,50
1.1657000289979447,-2.6321535578534445,50
1.2524399567956614,-2.600816457253171,50
1.24432921468392,-2.588877729168606,50
1.2860089591037651,-2.7871539313062983,50
2.966727951033174,-1.1824127059624276,38
2.872199575801427,-1.3783222563646307,38
2.8783147229487467,-1.3433366171419552,38
2.880330194805706,-1.2746797449443494,38
2.922371433346044,-1.464559228695963,38
2.9667279509155375,-1.1824127062193135,38
2.872199575799321,-1.3783222563716748,38
2.878314722949241,-1.3433366171404864,38
2.8803301949099214,-1.2746797446518878,38
2.922371433328752,-1.4645592287733564,38
2.965713348643306,-1.2128384960406968,38
2.7011169202848038,-1.1882878567012394,38
2.88602102608696,-1.2482783954076389,38
2.948744772266426,-1.1620693697644315,38
2.905998344512101,-1.2149113328657506,38
2.965713348642887,-1.212838496041689,38
-2.0973916931250174,1.8226208539721356,38
2.8860210260870094,-1.2482783954075098,38
2.9487447722753735,-1.162069369745142,38
2.9059983445131587,-1.2149113328632566,38
1.390520474792584,-2.4056031654435204,50
1.502676702049641,-2.623440690615168,50
1.3802107358496034,-2.364280100503175,50
1.6101544977062343,-2.464648852006427,50
1.3808312692804143,-2.34490228295104,50
1.6001574702202495,-2.464308039042672,50
1.2690635947306186,-2.221594135430219,50
1.5624128813433362,-2.4333490418573054,50
1.4440491181630561,-2.335906443655145,50
1.6086645441839489,-2.561116211633129,50
1.390520476478669,-2.4056031643028963,50
1.5026767033619064,-2.6234406898236733,50
1.3802106815478834,-2.3642801400742215,50
1.6101545039134548,-2.46464884752518,50
1.3808313199823037,-2.3449022455290307,50
1.60015747057189,-2.464308038790001,50
1.269063609426305,-2.221594122312841,50
1.5624129237575426,-2.433349010769817,50
1.4440491502836657,-2.3359064202710313,50
1.6086645096506096,-2.5611162341347318,50
-1.3290945566268593,-0.7200240832767401,62
-1.2977387016909003,-0.6810462569521006,62
-1.3727889022119457,-0.5639843968789598,62
-1.3654356307477866,-0.6515506135143958,62
-1.3290945567899481,-0.7200240828656161,62
-1.2977387016911237,-0.6810462569514665,62
-1.3727889022307649,-0.5639843968167774,62
-1.36543563058224,-0.6515506139310866,62
1.347903649823913,0.3131094546432052,5
1.3129291833108707,0.21490573898810356,5
1.3486975953317313,0.274186733308726,5
1.3284789366647523,0.25854988546769275,5
1.4115971671370493,0.23198718421279016,5
1.3676117007486916,0.29202436265204657,5
1.298384055863364,0.282961776178226,5
1.3474752908947683,0.22897373391105016,5
1.319598709282222,0.30493012545672066,5
1.3845014966988594,0.247016822103896,5
-1.0945171461618932,-0.7814050171778705,62
-1.3295477108321705,-0.776078300040009,62
-1.280371635043083,-0.6434866640611376,62
-1.3532126812557328,-0.47040951745518633,62
-1.2224389635691955,-0.6235408340603025,62
-1.094517146161878,-0.7814050171779029,62
-1.3295477106451665,-0.7760783004814333,62
-1.2803716350367653,-0.6434866640803972,62
-1.3532126812960794,-0.47040951731815717,62
-1.2224389635699462,-0.6235408340583486,62
-1.101073398086152,-0.8024715959749534,62
-1.325418814673227,-0.5132681030000097,62
-1.221480969030778,-0.5477119656601702,62
-1.2658844861533591,-0.44396129037556,62
-1.2100921352164553,-0.5830186811563883,62
-1.1010733980887093,-0.8024715959685548,62
-1.3254188146708563,-0.5132681030076048,62
-1.221480969026246,-0.547711965673143,62
-1.2658844861467786,-0.4439612904033661,62
-1.2100921352201996,-0.5830186811460422,62
1.3333473200429309,0.3519260055880362,5
1.366383114161207,0.2718057712464314,5
1.3312824458596553,0.3125197960535227,5
1.175818342688241,0.25277769669982636,5
1.4004745221467874,0.23613396388574326,5
1.34241497026547,0.1531401968778208,5
1.4569226149166514,0.29752611771495163,5
1.4395550344180499,0.3741522103014118,5
1.3439840193702965,0.25817801379716426,5
1.228804156275143,0.2335758721168949,5
1.3333473200429309,0.35192600558803616,5
1.366383114161207,0.27180577124643135,5
1.3312824458596557,0.31251979605352276,5
1.1758183426882407,0.25277769669982725,5
1.400474522146788,0.23613396388574345,5
1.3424149702654697,0.15314019687782085,5
1.4569226149166505,0.29752611771495163,5
1.4395550344180488,0.37415221030141227,5
1.3439840193702963,0.25817801379716404,5
1.2288041562751424,0.23357587211689487,5
-1.2767759168257709,-1.4930909845710194,61
-1.1964538007814767,-1.4772559055915615,61
-1.2507082154086266,-1.3709426411652013,61
-1.2097654244720972,-1.4825842713790893,61
-1.2767759168274768,-1.493090984568391,61
-1.1964538007813883,-1.4772559055916943,61
-1.2507082154099287,-1.3709426411628542,61
-1.209765424472949,-1.482584271377741,61
2.119515746249741,0.4154104422004902,3
1.9899921834806529,0.34371858414620715,3
2.0582116756177777,0.34441305081340107,3
2.044959515994101,0.41094772392513507,3
2.058763985631439,0.4101808888591984,3
2.1179556843421103,0.4400761184620246,3
1.9796881355330371,0.43528932596452485,3
2.0388494203136536,0.3036182587957305,3
2.0318736439653784,0.4727597185725816,3
2.026024118076612,0.4058903615716268,3
-1.146881826026631,-1.4959445245369054,61
-1.2575369993764054,-1.5194629291991406,61
-1.2148885304903292,-1.444550990959048,61
-1.2517221723499983,-1.310061383661633,61
-1.1732294840552298,-1.412123327558654,61
-1.1468818260266325,-1.4959445245369019,61
-1.2575369993761565,-1.5194629291995136,61
-1.21488853048999,-1.4445509909596195,61
-1.2517221723397942,-1.3100613836817039,61
-1.1732294840549942,-1.4121233275590368,61
-2.1790783655058967,1.0909391119987142,68
-2.165152953162819,1.0641080133474317,68
-2.171522365684502,1.119328162509538,68
-2.1993827034793374,1.094611133724718,68
-2.179078365505896,1.090939111998715,68
-2.1651529531628184,1.0641080133474312,68
-2.171522365684502,1.119328162509538,68
-2.199382703479338,1.0946111337247177,68
0.20466246332772917,1.38534663682479,10
0.11347307186298386,1.2297688547793304,10
0.15710733289039056,1.2893001363738006,10
0.1287991214550453,1.31278295073637,10
0.1764886747569629,1.2955232874136657,10
0.2211021017216608,1.4680774837169848,10
0.14513201910880458,1.3710397123022986,10
0.1848513752180084,1.3542570507504244,10
0.12295389188839306,1.447266720676268,10
0.21768624634264094,1.385156140762531,10
-1.858344252720186,0.6948213979980145,68
-2.152794338954095,1.055227084056091,68
-2.166788088949017,1.085800332929724,68
-2.0786027832177796,1.1080181725721738,68
-2.0537715068676654,0.9986031031051353,68
-1.8583442527201857,0.6948213979980155,68
-2.152794338954098,1.0552270840560907,68
-2.1667880889490174,1.0858003329297243,68
-2.078602783217779,1.1080181725721732,68
-2.0537715068676676,0.9986031031051358,68
-1.8449241864384527,0.7233382306903443,68
-2.013799548785404,0.9794443256084514,68
-2.0158366086879416,0.9476230810622949,68
-1.8653014653261206,0.9709325343363904,68
-1.9427108374257465,0.8888510754810081,68
-1.844924186438455,0.7233382306903443,68
-2.013799548785402,0.9794443256084511,68
-2.0158366086879425,0.9476230810622952,68
-1.8653014653261197,0.9709325343363899,68
-1.9427108374257438,0.8888510754810074,68
0.22189031625457312,1.4913695928221467,10
0.23233263208084046,1.3396299391739632,10
0.16804077321272345,1.5388288565296695,10
0.053601867060528906,1.5045093745178744,10
0.1579390831137417,1.3490286615222795,10
0.13146976475951574,1.2956179807457096,10
0.20838211416574773,1.4923009596963703,10
0.13171034553197958,1.5190750744121384,10
0.1777879857016872,1.4344271627070673,10
0.09281000488898382,1.2923918893954733,10
0.221890316254526,1.4913695928221433,10
0.23233263208083152,1.3396299391739592,10
0.1680407732137783,1.5388288565298185,10
0.05360186761272642,1.5045093745963902,10
0.1579390831149416,1.3490286615220914,10
0.1314697646889522,1.295617980748402,10
0.2083821141657817,1.4923009596963732,10
0.13171034553179148,1.5190750744121198,10
0.17778798569747448,1.4344271627066205,10
0.09281000488893376,1.292391889395475,10
-1.7446175660927383,0.2567201811124785,67
-1.7812288822221156,0.28292561371469976,67
-1.7847103542937488,0.35011425535006985,67
-1.7836380918307404,0.278557012373415,67
-1.7446175660927397,0.2567201811124846,67
-1.781228882222122,0.2829256137147397,67
-1.7847103542937472,0.3501142553500587,67
-1.7836380918307395,0.278557012373379,67
1.438113032130407,2.117818241664988,1
1.3556995410290116,2.1420170218080687,1
1.4025001191480269,2.141984745781808,1
1.3685439106133845,2.2616071465240792,1
1.3870864694851752,2.2137296611249178,1
1.4427542801094624,2.25650297308053,1
1.3915496741174656,2.2866019865132143,1
1.4568086413442691,2.204352553439987,1
1.3755158800360812,2.3979096691286452,1
1.4217129629182959,2.3606976651797944,1
-1.5155587976059155,0.03355105681278915,67
-1.729222098212497,0.19088274109920117,67
-1.75434893382864,0.3271950703730095,67
-1.7752960585700261,0.3902985291068408,67
-1.721173669318376,0.3301645878701037,67
-1.5155587976059144,0.03355105681278963,67
-1.7292220982124948,0.1908827410991979,67
-1.754348933828638,0.3271950703730085,67
-1.775296058570023,0.3902985291068439,67
-1.7211736693183746,0.330164587870107,67
-0.9767527831963113,-0.4238243381287827,64
-0.9534033809429945,-0.4661946735088905,64
-0.997993809262039,-0.40970365520489016,64
-0.9527262230282894,-0.4295220596366241,64
-0.9767527831963111,-0.42382433812878206,64
-0.9534033809429938,-0.4661946735088906,64
-0.9979938092620378,-0.40970365520489055,64
-0.9527262230282891,-0.42952205963662415,64
1.4318171167391032,0.9219097358321509,12
1.432968810174008,0.7671795142146041,12
1.4389517694973994,0.8313788592636314,12
1.4423429640467036,0.8295831745860649,12
1.4195078404833223,0.8568487366797666,12
1.40819255661321,0.9171482871152186,12
1.3950713987969288,0.8584046378096273,12
1.4203174537235705,0.8029495154059055,12
1.398962521474475,0.8949411258039094,12
1.426967156927942,0.8286117509606403,12
-0.826910425831076,-0.4668646836204794,64
-0.9572594210643656,-0.45771029766550997,64
-0.92599163730942,-0.44581302512523674,64
-0.9740864362950018,-0.30320333168435687,64
-0.8749036445325312,-0.4177628424790775,64
-0.8269104258310767,-0.46686468362047917,64
-0.9572594210643653,-0.4577102976655096,64
-0.9259916373094198,-0.44581302512523674,64
-0.9740864362950014,-0.30320333168435676,64
-0.8749036445325313,-0.4177628424790777,64
-0.8257319136993627,-0.4184875724603579,64
-1.045150032690507,-0.32789591394734063,64
-0.9068646364518022,-0.3448181942122603,64
-0.9715440099538446,-0.2531676517600143,64
-0.8853665235617626,-0.41840472962430686,64
-0.8257319136993624,-0.4184875724603579,64
-1.0451500326905079,-0.32789591394734063,64
-0.9068646364518026,-0.34481819421226045,64
-0.9715440099538444,-0.2531676517600153,64
-0.8853665235617628,-0.4184047296243068,64
1.4496607630739164,0.9933690837483886,12
1.5452499396386972,0.8391438785170802,12
1.4801996620358726,0.9481055464225114,12
1.3614475041955056,0.7581959866027588,12
1.5491950897980473,0.8600328745154017,12
1.4760533541175576,0.6729486762276772,12
1.6248299482816224,0.9600704547101787,12
1.5612677062127072,1.0418303105917714,12
1.431934826360746,0.8594091180446473,12
1.391374476404458,0.707632576502365,12
1.4496607630739151,0.9933690837483881,12
1.5452499396386974,0.8391438785170796,12
1.4801996620358724,0.9481055464225119,12
1.3614475041955074,0.7581959866027594,12
1.549195089798047,0.8600328745154008,12
1.476053354117556,0.6729486762276763,12
1.6248299482816233,0.9600704547101776,12
1.5612677062127072,1.0418303105917726,12
1.4319348263607468,0.8594091180446477,12
1.3913744764044595,0.7076325765023654,12
-1.1286843753654279,-1.1929729854839526,63
-1.086798783894024,-1.1597928253364957,63
-1.1359941295336493,-1.1912920974477834,63
-1.0856276559511584,-1.1282070073364159,63
-1.1286843753654334,-1.1929729854839388,63
-1.0867987838940227,-1.1597928253365029,63
-1.1359941295336398,-1.1912920974478036,63
-1.0856276559511628,-1.1282070073363983,63
2.1075252748845634,1.4582298069003228,4
1.9758543607421355,1.3050034975247713,4
2.002545265529108,1.3037266804540375,4
2.0066790987425493,1.3426181531314147,4
2.0096241891875244,1.3815993497064307,4
2.0101488992834526,1.349624082788362,4
1.9501524908869246,1.4053578454598543,4
1.964380656128134,1.2172839428495226,4
1.9190372645000224,1.4028407855164147,4
1.9125056426963576,1.3378409166186849,4
-0.9455203252568164,-1.0453700672478201,63
-1.1614990968755952,-1.2045680226528221,63
-1.0790819205072848,-1.21029740496671,63
-1.1209539029855111,-1.1573719933953628,63
-1.0553390652283108,-1.108566794516172,63
-0.9455203252568165,-1.045370067247821,63
-1.1614990968755987,-1.204568022652813,63
-1.0790819205072661,-1.210297404966752,63
-1.1209539029855347,-1.1573719933952966,63
-1.0553390652283159,-1.1085667945161564,63
-1.3554389580901607,0.35013815184335995,66
-1.3065387375673077,0.3226962270828451,66
-1.3596513751768655,0.3941631539189637,66
-1.3432254025945616,0.3584187117247764,66
-1.3554389580901616,0.35013815184335995,66
-1.306538737567307,0.322696227082845,66
-1.359651375176866,0.3941631539189636,66
-1.343225402594561,0.358418711724776,66
0.6944923381289062,1.6223139238424087,12
0.6052021896387464,1.5118262225807015,12
0.6428171337448523,1.524467230720371,12
0.6053570305009153,1.530611972394488,12
0.6037595309966445,1.5581220550929837,12
0.6742648624560931,1.6794509157048754,12
0.6074302596413664,1.6145751845637295,12
0.6370157507808195,1.5652770987964915,12
0.5759494121189733,1.6452270168789587,12
0.6351849132324505,1.6392162390305776,12
-1.2358859996388427,0.1562008801262009,66
-1.3423169172661253,0.32835857864485585,66
-1.3454752151110538,0.3618682742775485,66
-1.342445060050183,0.4354712289499363,66
-1.3156577964524379,0.35769950593703653,66
-1.2358859996388434,0.15620088012620092,66
-1.3423169172661253,0.32835857864485557,66
-1.345475215111054,0.3618682742775485,66
-1.3424450600501827,0.4354712289499363,66
-1.3156577964524379,0.3576995059370364,66
-1.281701160599176,0.2237169522628448,66
-1.5231086472539843,0.46340527956757094,66
-1.4351014490160354,0.4189180009832588,66
-1.390748193264715,0.46741893476381985,66
-1.3671840811567926,0.3592470304121261,66
-1.281701160599176,0.2237169522628448,66
-1.5231086472539854,0.4634052795675711,66
-1.4351014490160359,0.4189180009832592,66
-1.3907481932647143,0.4674189347638194,66
-1.367184081156793,0.3592470304121263,66
0.7322675538801633,1.727681911507411,12
0.7644104329904436,1.5578093867904943,12
0.7261214036703857,1.736475343220892,12
0.5185851912719646,1.5544298967271988,12
0.6783569898581228,1.568470564918871,12
0.6280977754690557,1.4228672085814342,12
0.7449806843362385,1.7124412942336242,12
0.6811079058602414,1.7482880567948422,12
0.6928969191694073,1.5982256470848004,12
0.5475987504593985,1.4213291001477772,12
0.7322675538801617,1.7276819115074138,12
0.7644104329904345,1.5578093867904945,12
0.7261214036703698,1.7364753432208913,12
0.5185851912719627,1.5544298967271977,12
0.6783569898581223,1.568470564918872,12
0.6280977754690327,1.4228672085814402,12
0.7449806843362374,1.7124412942336251,12
0.6811079058602708,1.7482880567948391,12
0.6928969191694063,1.5982256470848013,12
0.5475987504594004,1.4213291001477772,12
-1.2690657447213165,-0.12041932684288337,65
-1.2564916025181718,-0.1006584680580418,65
-1.2737344341186052,-0.09736668447339451,65
-1.260671665218964,-0.09146226258518406,65
-1.2690657447213165,-0.1204193268428835,65
-1.2564916025181714,-0.10065846805804197,65
-1.2737344341186054,-0.09736668447339443,65
-1.260671665218964,-0.091462262585184,65
1.5015150916587008,2.2449330862999557,0
1.4581141461430505,2.2804083328135216,0
1.4448645990622782,2.208569009887836,0
1.454221453064351,2.28216205892272,0
1.4699073356250696,2.287409609246029,0
1.5315337968437202,2.306389196754032,0
1.4673177056409683,2.360083004447438,0
1.506437096097814,2.272877212955414,0
1.4245412020202055,2.384018505736676,0
1.4702538029815446,2.347648664698165,0
-1.2051403197478119,-0.2617746594390739,65
-1.2788373194410618,-0.1962293482716982,65
-1.2520080705892387,-0.07261881895494911,65
-1.2643112052595555,-0.04831187021308719,65
-1.218610588577862,-0.08540511007295111,65
-1.2051403197478114,-0.2617746594390736,65
-1.278837319441062,-0.19622934827169827,65
-1.2520080705892382,-0.07261881895494904,65
-1.264311205259555,-0.0483118702130872,65
-1.2186105885778629,-0.0854051100729511,65
1.8951061187590517,-1.1801720802806415,44
2.06497483537747,-1.114317683294408,44
2.072763495948038,-1.1684826713367522,44
1.9298985998281806,-1.0699385892625057,44
1.8951061187590506,-1.18017208028064,44
2.0649748353774697,-1.1143176832944066,44
2.0727634959480374,-1.168482671336752,44
1.92989859982818,-1.0699385892625048,44
1.5321977830499978,-2.6949241376333677,52
1.7027214718007986,-2.2074095164465244,52
1.6186890217305816,-2.365563636421496,52
1.8290212415843694,-2.3435915838841743,52
1.634271346597756,-2.7648506106841513,52
1.6307485437286104,-2.3599263059882007,52
1.7806517062605647,-2.085621667156741,52
1.763334367383457,-2.0885655963239587,52
1.8144348023932344,-2.03704970187105,52
1.7868676218024375,-2.3338993768491334,52
2.1951465838584623,-1.1560037160961623,44
1.8690026205204597,-1.1280990060262412,44
2.052266962957897,-1.0791449645852145,44
2.0405235491302234,-1.1257872881064082,44
1.8903105416019197,-1.0630661255824119,44
2.195146583858462,-1.1560037160961636,44
1.86900262052046,-1.1280990060262421,44
2.0522669629578965,-1.079144964585214,44
2.0405235491302234,-1.1257872881064093,44
1.8903105416019208,-1.063066125582412,44
2.2902789788740123,-1.102765537471366,44
2.025475485952317,-1.1306057268609644,44
2.2914486142916384,-1.118012152124423,44
2.441370110408729,-1.170137584855389,44
2.136463135267595,-1.0653683343114253,44
2.29027897887401,-1.102765537471368,44
2.0254754859523167,-1.1306057268609644,44
2.291448614291639,-1.118012152124424,44
2.441370110408729,-1.170137584855389,44
2.136463135267597,-1.0653683343114253,44
1.6490144012040748,-2.4231635959334974,52
1.61148640811609,-2.6427989587747707,52
1.5837379876880326,-2.267692709158838,52
1.7307053631477072,-2.3890465180879352,52
1.6691262832399831,-2.108980847154971,52
1.7730973244287895,-2.3150946263580368,52
1.594836323622099,-2.167735739428385,52
1.8530064686155525,-2.423759040019074,52
1.75645863111768,-2.353465856593545,52
1.8194685121837808,-2.5172553660890506,52
1.6490144014175345,-2.4231635957514404,52
1.6114864056053158,-2.6427989603887294,52
1.5837379876556754,-2.2676927091912997,52
1.7307053631432716,-2.389046518092284,52
1.6691262832401081,-2.108980847154803,52
1.773097324426808,-2.3150946263603,52
1.5948363236477197,-2.1677357393988883,52
1.853006468615487,-2.4237590400191373,52
1.7564586311151522,-2.3534658565962565,52
1.819468512339125,-2.517255365956884,52
0.2847058072573963,-1.696177362510421,56
0.3211957472123612,-1.6105798069654051,56
0.18422318049980618,-1.7087840170548556,56
0.3215183469456573,-1.5782581495931225,56
0.2847058072574369,-1.696177362510383,56
0.3211957472123618,-1.6105798069654038,56
0.18422318049978123,-1.7087840170548816,56
0.321518346945658,-1.5782581495931212,56
2.533612439667574,0.2572547580920872,8
2.580292190662846,0.15899254534352586,8
2.6027008346116793,0.21471150436307426,8
2.668865014124174,0.22834836924469007,8
2.6630183558847267,0.2018165293268601,8
2.5337075159677367,0.23979946154741896,8
2.6279668317831324,0.1868000391044452,8
2.5298467781898197,0.15794524347427985,8
2.6573327806862,0.24637516017682334,8
2.6578138972082637,0.1485525363543747,8
0.3154758740636239,-1.8620965979466968,56
0.0969019346180424,-1.828714788884757,56
0.2195320627966646,-1.6067507711373272,56
0.11507448119594488,-1.7553103154481018,56
0.14900414482239,-1.71435667649888,56
0.3154758740654459,-1.8620965979447108,56
0.09690193461803485,-1.8287147888847621,56
0.21953206279666918,-1.6067507711373195,56
0.11507448119594893,-1.755310315448098,56
0.1490041448223715,-1.7143566764988953,56
0.41537061602880576,-1.74746217115103,56
0.1289888606318205,-1.6691932613210827,56
0.28377661842945245,-1.5029807983897507,56
0.15606238071627937,-1.6385926087139775,56
0.16080724482225953,-1.6617767570186268,56
0.41537061606354486,-1.7474621711129237,56
0.12898886062973025,-1.669193261322661,56
0.28377661842945384,-1.50298079838975,56
0.1560623807144868,-1.638592608715223,56
0.1608072448221594,-1.6617767570187076,56
2.629134726333629,0.23671417663777836,8
2.773148511406378,0.20685833691346217,8
2.6190127363226536,0.20523831934157838,8
2.708247645021619,0.16180760667726704,8
2.60064880558114,0.12434710501761269,8
2.7267101584628417,0.08694553907975987,8
2.7086810726064448,0.17815785931656408,8
2.9263909871479994,0.24945240848478642,8
2.7145207879996396,0.16282344936938273,8
2.8666384947709336,0.14840317696575095,8
2.6291347263336293,0.23671417663777825,8
2.773148511406378,0.20685833691346175,8
2.6190127363226527,0.20523831934157905,8
2.70824764502162,0.16180760667726715,8
2.6006488055811388,0.12434710501761263,8
2.7267101584628426,0.0869455390797597,8
2.7086810726064465,0.17815785931656797,8
2.9263909871480016,0.24945240848478584,8
2.7145207879996427,0.16282344936938298,8
2.8666384947709327,0.14840317696575123,8
0.2531473000777739,-2.240194219783417,55
0.20788115193318418,-2.2460814089686427,55
0.20802271056861113,-2.244625029120523,55
0.24264859486037565,-2.2303091958051158,55
0.25314730008927405,-2.240194219772335,55
0.20788115190423195,-2.2460814089918326,55
0.20802271053048962,-2.2446250291513166,55
0.24264859485413406,-2.230309195810859,55
3.2660008306354626,0.5615561768353043,2
3.2565893012115117,0.5028896696093437,2
3.31426468036863,0.5378274668617609,2
3.331933499898843,0.5916580535689381,2
3.3155705745468604,0.5779302125125397,2
3.2756401602951883,0.6181834541993826,2
3.326929149732998,0.5607712593644582,2
3.2579818478453717,0.49799592378437463,2
3.3542535997885046,0.6186365723394368,2
3.275841179307744,0.535060257631652,2
0.19088318437656296,-2.320381014404183,55
0.16140037268746993,-2.2703577902018584,55
0.2095469898769886,-2.1922825848495493,55
0.13200839878166173,-2.3706903715448626,55
0.18209607608484574,-2.231955902615372,55
0.19088318436199983,-2.3203810144161388,55
0.1614003724859388,-2.2703577903648977,55
0.2095469898457805,-2.19228258487652,55
0.13200839879646956,-2.370690371534978,55
0.18209607608585007,-2.2319559026145654,55
-0.20192540026428557,-2.026354158593839,60
-0.2921899415101701,-2.2509497217284853,60
-0.26675242021446505,-2.0882043372366854,60
-0.28078934506858305,-2.2090917666982794,60
-0.20192560028548232,-2.0263545003515087,60
-0.29218994151017147,-2.2509497217284844,60
-0.266752417158844,-2.088204330780682,60
-0.28078934506857756,-2.2090917666982675,60
2.127465508968527,0.9686687338089799,9
2.131813379426367,0.8761647865310731,9
2.138150686711439,0.8475860027319136,9
2.111595683188843,0.9189270195465086,9
2.1613173106169032,0.9263467250467816,9
2.137658474164639,1.1265963151517386,9
2.232924774044894,1.0550865874358342,9
2.1792010980122654,0.9516971986927296,9
2.1888244993996646,1.179595260286014,9
2.312016793922856,1.0236955351519466,9
-0.12944881218815985,-1.9978103197621344,60
-0.24977868595168665,-1.9881403128718604,60
-0.2521492990621145,-1.973642628492933,60
-0.16385798684235472,-1.7044213882509671,60
-0.23158779790545153,-1.9482286614077382,60
-0.1294488045974624,-1.9978103112614647,60
-0.24977849474827468,-1.988139884149746,60
-0.2521491465714224,-1.9736422956211748,60
-0.16386454918019333,-1.7044344633501236,60
-0.2315878053959095,-1.948228677565022,60
0.09473603615522501,-1.5985300910124534,60
-0.12804733720063374,-1.58706099470928,60
-0.06861037782429624,-1.5738223450466156,60
-0.0528729999332132,-1.4227435058335018,60
-0.12392637076019092,-1.6675867555600221,60
0.09471922779078974,-1.5985469211482675,60
-0.12804676101115314,-1.5870599730502857,60
-0.0686137432148345,-1.5738278640523866,60
-0.05287782746324631,-1.4227521209807656,60
-0.12392773209808892,-1.667589283518983,60
2.4171305812125503,1.0912297601235597,9
2.4009121024522506,0.8746978498047332,9
2.3438432308036945,1.0512873503132885,9
2.4190354432468966,0.9434806219671715,9
2.3166851566364857,0.7729936085801398,9
2.4526553535236006,0.734985036937795,9
2.3723917318905445,0.9418002779210934,9
2.399610793807607,1.050501711650455,9
2.487238484941042,0.9094466851833037,9
2.4148150420650016,0.8017244103969046,9
2.4171305358633934,1.0912298958125413,9
2.4009120939609545,0.874697889461169,9
2.343843297289753,1.0512871627330667,9
2.4190356251841147,0.9434798514113877,9
2.3166851538402344,0.772993622129148,9
2.45265535345585,0.7349850374411693,9
2.3723918211812234,0.9417999360240207,9
2.3996107429539983,1.0505018719289763,9
2.4872385345841987,0.9094464073194629,9
2.4148150429230584,0.801724404278506,9
0.08956516562355087,-1.696939371025354,59
0.034594289494624744,-2.0083830315750357,59
-0.031460405836698284,-1.8924254058709222,59
0.060056308253282814,-1.9418430496864212,59
0.08960774628067196,-1.6968966592345682,59
0.03459384187426399,-2.0083833518375322,59
-0.031460362381613434,-1.8924253666799606,59
0.06005630586816076,-1.9418430514414144,59
2.8450446453152476,1.5984395514680438,1
2.7993446986615167,1.6611472583493796,1
2.8523605965824927,1.6299471873740903,1
2.8143254451630253,1.7071832347201583,1
2.759513492616276,1.7054838619193833,1
2.8415970717697268,1.7834272740953756,1
2.843097406607979,1.7779173157229342,1
2.855088614208022,1.7452220320086949,1
2.838256514668124,1.8639989895526676,1
2.8763158618082256,1.8308058076982652,1
0.03273700389152855,-2.0523652283992537,59
-0.08203315872778902,-1.910854240996091,59
0.0017856893145443483,-1.986195318930773,59
-0.03187503537335408,-1.8629510673841843,59
-0.03304952971268871,-2.007229693475705,59
0.03273702128817099,-2.052365217255933,59
-0.08203314605228881,-1.9108542275925764,59
0.0017854960035479355,-1.9861954716774328,59
-0.03187532357327114,-1.8629513517703182,59
-0.03304957067573375,-2.007229724582531,59
0.4411310609587552,-1.7598314669304633,54
0.41059554512932384,-1.868678008398713,54
0.34055194781174775,-1.9203812715338207,54
0.4381251763304071,-1.7931712396485646,54
0.44113106095875576,-1.759831466930462,54
0.4105955451292829,-1.8686780083987657,54
0.3405519478118428,-1.9203812715337063,54
0.43812517632988585,-1.7931712396492379,54
2.9777975567257178,0.7784849591595211,8
2.9705885082921752,0.7130904016573482,8
2.957050786275026,0.7225070366658564,8
2.98317616604949,0.7407862204089203,8
2.9379627023365185,0.7343309371700827,8
3.0065110139673967,0.8686949926066826,8
3.0412027435818563,0.8155671738942424,8
2.961575643330406,0.7619244321864117,8
2.988340574517613,0.8412363638058559,8
2.9699449379352307,0.7460224228748621,8
0.5738397295298662,-1.6586350425428404,54
0.3567739644462281,-1.8106764764213636,54
0.3573428303066765,-1.8893828441254499,54
0.34119230359397085,-1.8995157867639523,54
0.4190349864573687,-1.725746734852264,54
0.573839729466166,-1.6586350426176617,54
0.35677396444619935,-1.8106764764213974,54
0.3573428303063422,-1.8893828441258662,54
0.3411923035933232,-1.8995157867647443,54
0.4190349864572608,-1.7257467348524005,54
0.6680261020565739,-1.4919369612121092,54
0.4124102925184859,-1.6542951718888554,54
0.4763231601811923,-1.6837641233211538,54
0.3638944168619576,-1.8320924161244148,54
0.39479557731917697,-1.83440377522116,54
0.6680261021033121,-1.4919369611693276,54
0.4124102925185677,-1.6542951718887517,54
0.47632316018140297,-1.6837641233208864,54
0.36389441682956597,-1.8320924161659808,54
0.39479557731839204,-1.8344037752221682,54
3.02637543177455,0.781285566949576,8
3.1091233977376813,0.7128806816164182,8
2.9778619610437573,0.7354087489291227,8
3.0191844874693263,0.6825900344713731,8
3.043502483694161,0.6569106841545113,8
3.0601677845715147,0.5649430309385944,8
3.1404828443490675,0.7635116933273137,8
3.2506505694934518,0.8377216701449244,8
2.989408331569518,0.6912976226990099,8
3.086170714294106,0.6613427741477289,8
3.026375431774556,0.7812855669495187,8
3.1091233977376813,0.7128806816164569,8
2.977861961043744,0.7354087489292103,8
3.019184487469326,0.6825900344713688,8
3.0435024836941857,0.6569106841541278,8
3.0601677845714974,0.5649430309388455,8
3.1404828443490462,0.7635116933274513,8
3.250650569493398,0.8377216701452184,8
2.989408331569514,0.6912976226990316,8
3.086170714294111,0.6613427741476654,8
0.11238973099518934,-2.5410058622784573,53
0.1139176394667581,-2.5016779099861037,53
0.031818464969006276,-2.6392069861322436,53
0.15084535160365883,-2.48087335058466,53
0.11238973099518952,-2.541005862278457,53
0.11391763946675533,-2.501677909986105,53
0.03181846496900618,-2.6392069861322436,53
0.15084535160365525,-2.4808733505846625,53
3.5867117271423403,1.1561781711991266,2
3.5094911561312427,1.091445786090946,2
3.5206159524313616,1.1021551637649596,2
3.534370623477805,1.1251307593120552,2
3.483651482604889,1.1287659793817388,2
3.5744449043448103,1.2206206192403937,2
3.553500637875933,1.1852843195980116,2
3.5110625782373432,1.126908074247224,2
3.519904253578457,1.2119319218961913,2
3.481475891431777,1.152056641240679,2
0.11268924169725555,-2.6573385588536937,53
0.06163821232734368,-2.57278593543304,53
0.09959398723909638,-2.5718569612221143,53
0.016931146806603667,-2.718702223819401,53
0.08036789926674692,-2.509556193109926,53
0.11268924169725587,-2.6573385588536937,53
0.06163821232734372,-2.57278593543304,53
0.09959398723909654,-2.5718569612221134,53
0.016931146806606106,-2.7187022238193994,53
0.08036789926674566,-2.509556193109929,53
0.3005293190844393,-1.5968011487947742,58
0.015637838632795026,-2.073236998765914,58
0.15089349152700965,-1.8228437316998867,58
0.11696264706454744,-1.8770539871840852,58
0.30052931904356234,-1.596801148852909,58
0.01563789397829067,-2.0732369549442384,58
0.15089347598311997,-1.8228437471021048,58
0.11696263485951822,-1.8770539996285902,58
2.394272567958801,1.2876586912797983,13
2.4555432994715742,1.2494497039108028,13
2.39492825193505,1.2245777547034924,13
2.3953611295303188,1.2608272887234495,13
2.450799612402036,1.294666362788725,13
2.464852991852428,1.3910978439515571,13
2.5895870777650227,1.3675724945465986,13
2.471898557312446,1.2688816009583612,13
2.4953914058461026,1.388672622638874,13
2.619559775085801,1.3195639248652398,13
0.26821896977641735,-1.680558081489248,58
0.25053209477999744,-1.478653426461404,58
0.1179278752139721,-1.8043137844724544,58
0.23908279823645318,-1.5514895316098989,58
0.19303082307360953,-1.656850757836438,58
0.26821897779878723,-1.6805580701409273,58
0.2505320947824983,-1.4786534264566666,58
0.11792788355164008,-1.8043137738941726,58
0.23908279824486672,-1.5514895315974613,58
0.19303082308503144,-1.6568507578180955,58
0.3253461745538317,-1.2937866436724033,58
0.23084917152973589,-1.4312747077513577,58
0.27559148054121985,-1.4529281626214443,58
0.26111440667648905,-1.4546487250623146,58
0.23466141127326443,-1.4542542631802384,58
0.32534617455389736,-1.293786643672289,58
0.23084917153017168,-1.4312747077505517,58
0.27559148055422134,-1.452928162593272,58
0.26111440692325083,-1.4546487245876527,58
0.23466141127044973,-1.4542542631856987,58
2.678565632708004,1.4039817637182972,13
2.7366053967307864,1.223490812423811,13
2.603325969412903,1.3885418624850245,13
2.5401657721565956,1.2217744621336866,13
2.5519395057629755,1.1897577073475734,13
2.620671217053534,1.0995145039070522,13
2.6402566310088567,1.30498793430875,13
2.6897953480017143,1.3408717956811098,13
2.6314784343550213,1.2909086666755138,13
2.570721011371071,1.1617510927089365,13
2.678565632783866,1.4039817635626066,13
2.7366053967308686,1.2234908124235702,13
2.6033259694288318,1.388541862451514,13
2.5401657721562554,1.2217744621345958,13
2.551939505756221,1.1897577073671084,13
2.620671217052716,1.0995145039105254,13
2.6402566310250237,1.3049879342699402,13
2.689795347998159,1.3408717956892735,13
2.631478434363076,1.2909086666555623,13
2.570721011371818,1.1617510927065617,13
0.16196250063656206,-1.8539813472202216,57
-0.008527667082647999,-2.269582804840637,57
-0.00496304603004123,-2.1562462488984946,57
0.05500535030404107,-2.1701839501255145,57
0.16196250059197087,-1.8539813472666842,57
-0.008527674007400126,-2.269582810889821,57
-0.004963045240047541,-2.1562462482629376,57
0.055005348299946515,-2.1701839517302846,57
3.17469116194038,1.879706057328877,0
3.178527648721251,1.8322204434592697,0
3.1472585027541946,1.8363992438245484,0
3.156310282910053,1.8440043817254796,0
3.1248280336200436,1.8791790202245322,0
3.1912360178326145,1.9981172029877907,0
3.236485220209775,1.985957511636389,0
3.1895136455905626,1.9269912417338841,0
3.186138012074637,2.0010689782567757,0
3.2402251436067595,1.964218207030075,0
-0.01256805133601867,-2.3030951361858185,57
0.11478871112895789,-1.9252713037961109,57
0.009645053091806466,-2.302840807838643,57
-0.0071184539459801695,-2.185152813207702,57
0.03134187318093677,-2.215471389324375,57
-0.012568059589502066,-2.303095143424936,57
0.11478871117111533,-1.9252713037560667,57
0.009645017865112786,-2.302840839874818,57
-0.0071184535969009205,-2.185152812926995,57
0.031341873350939235,-2.2154713891893487,57
2.542992920736548,-1.6013148547871443,42
2.6191634515643107,-1.7031469924509868,42
2.6264698136821587,-1.6677258614812558,42
2.519959401346719,-1.6669394619795697,42
2.5429929207365483,-1.6013148547871376,42
2.619163451564312,-1.7031469924509821,42
2.626469813682156,-1.667725861481256,42
2.519959401346722,-1.6669394619795646,42
0.6383410973928384,-3.988755014981208,46
0.6786661507587963,-3.850556490506073,46
0.6302571294821054,-3.940251735039572,46
0.8190712757286988,-3.8481066262001473,46
0.6905685887231051,-4.0757641734201115,46
0.5386393777926018,-3.8348976943427195,46
0.6818549356918576,-3.775840835904777,46
0.6056780325016247,-3.7570594808858124,46
0.7309957527162063,-3.753526649702828,46
0.6203912287857353,-3.902875909151592,46
2.66862606666242,-1.711254058498869,42
2.524295095860126,-1.602382254150754,42
2.583521655126069,-1.6153869320371377,42
2.621522873329119,-1.6301127178750174,42
2.5313091728481365,-1.5847284180882877,42
2.6686260666624366,-1.7112540584988392,42
2.524295095860124,-1.6023822541507555,42
2.583521655126069,-1.6153869320371397,42
2.6215228733291185,-1.630112717875016,42
2.5313091728481356,-1.5847284180882875,42
2.7388891231472194,-1.863630495196238,42
2.7375708219403037,-1.8297498467830726,42
2.7498535441447185,-1.7252835758780343,42
2.943819039458748,-1.8841905525371236,42
2.729706978570308,-1.7299734168254677,42
2.7388891231472496,-1.8636304951961777,42
2.737570821940253,-1.8297498467831887,42
2.749853544144717,-1.7252835758780332,42
2.9438190394587536,-1.8841905525371134,42
2.7297069785703094,-1.7299734168254677,42
0.5527544041047193,-3.7602795683333916,46
0.7866448721064405,-3.840775958763049,46
0.4615249119948079,-3.7166817939053605,46
0.8056570155333905,-3.7975745664063774,46
0.44071985979236156,-3.798343593623576,46
0.7703090148765791,-3.7608064030579897,46
0.4189834029337094,-3.8507980956238406,46
0.8272471912254844,-3.8743113562937634,46
0.575820221010481,-3.7960417753129376,46
0.8940393517249914,-3.968366367473606,46
0.552754400247693,-3.7602795689269715,46
0.7866448721174875,-3.840775958761083,46
0.4615249121491501,-3.7166817938844177,46
0.8056568822704838,-3.797574590042844,46
0.44071985993414314,-3.7983435936054577,46
0.7703090152478204,-3.7608064029917414,46
0.4189834032062629,-3.8507980955928995,46
0.827247205423311,-3.874311353779713,46
0.5758202225790263,-3.79604177508745,46
0.8940235476136171,-3.9683693418094124,46
0.27373240395362924,-1.4540776340544879,56
0.28353535434440713,-1.4649372425632323,56
0.19203144428003927,-1.412796341386166,56
0.2925883650841507,-1.4866300164780704,56
0.2737324039536298,-1.4540776340544868,56
0.28353535434440685,-1.464937242563232,56
0.19203144428003976,-1.4127963413861644,56
0.29258836508415087,-1.486630016478069,56
2.592847573617263,0.19565028168820758,8
2.6319473820477506,0.10707029303591588,8
2.6556738374806668,0.1632110560530632,8
2.660938153523196,0.16775604644786357,8
2.667424669944179,0.1355344714854734,8
2.562915086110681,0.1790740834899983,8
2.676587250974542,0.15518154355886346,8
2.583840940165697,0.11963473217487293,8
2.6724686678096345,0.17988241374041136,8
2.6632620693522786,0.11160496903428928,8
0.3685693848273145,-1.4984859789883735,56
0.06730495921157205,-1.5702200914602646,56
0.13641986270506135,-1.4420967607743937,56
0.132750397803307,-1.4516435193688892,56
0.14023358109976844,-1.5027209495862388,56
0.3685693848273277,-1.4984859789883642,56
0.06730495921154717,-1.5702200914602804,56
0.13641986270506137,-1.4420967607743933,56
0.13275039780331696,-1.451643519368883,56
0.14023358109976508,-1.5027209495862415,56
0.4955526905893779,-1.419305590969689,56
0.16299235261254036,-1.3257819325151416,56
0.23403377600243752,-1.2326805604562876,56
0.17908466161954684,-1.2610725286045732,56
0.16922182521764165,-1.3326827460190056,56
0.4955526905882054,-1.4193055909707506,56
0.16299235261254066,-1.32578193251514,56
0.2340337760024374,-1.2326805604562892,56
0.1790846616195518,-1.2610725286045699,56
0.16922182521764226,-1.3326827460190052,56
2.6660926087290093,0.23815918128429667,8
2.708550031613252,0.17572596908031085,8
2.6301479949008604,0.16550414463518104,8
2.6594110271025406,0.12387114568516722,8
2.666389064109651,0.09611816286895514,8
2.6965859092698983,0.05001528087643917,8
2.736371187686322,0.13823841473777948,8
2.8518957963013394,0.18160204456527218,8
2.7166208361695134,0.14347202505867818,8
2.802972835294616,0.09884226283728237,8
2.666092608729009,0.23815918128429703,8
2.7085500316132514,0.17572596908031055,8
2.6301479949008604,0.16550414463518123,8
2.6594110271025397,0.1238711456851671,8
2.6663890641096506,0.09611816286895514,8
2.696585909269898,0.05001528087643917,8
2.73637118768632,0.13823841473777965,8
2.8518957963013403,0.18160204456527193,8
2.716620836169514,0.14347202505867793,8
2.802972835294615,0.09884226283728222,8
0.3363675136365482,-2.1321304536710652,55
0.2716831814922965,-2.2019072993040787,55
0.30515939002019715,-2.0631498028093254,55
0.32179383665062544,-2.170070905719443,55
0.3363675135794046,-2.132130453730689,55
0.2716831814946799,-2.2019072993016797,55
0.3051593900035063,-2.063149802825268,55
0.3217938366497095,-2.1700709057204026,55
3.259518091966286,0.48167884632763225,2
3.2344364818014517,0.4379904332084466,2
3.281482602061896,0.4561991931734367,2
3.28924829490086,0.4927183990836717,2
3.2203891610441424,0.47669654096320746,2
3.2538975853066163,0.5092147887127411,2
3.279378257790601,0.5116914318975043,2
3.2516440789451457,0.4272348601354759,2
3.2783076317788358,0.5443479648072754,2
3.221144715712572,0.4627682189665936,2
0.2963023433677551,-2.172693852847539,55
0.240206086399112,-2.15405885233468,55
0.25701992528246004,-2.151748780242223,55
0.2639425447339416,-2.1081789675658036,55
0.2470278482820559,-2.141191093873742,55
0.2963023433742264,-2.172693852841085,55
0.24020608636331123,-2.1540588523661723,55
0.2570199252709878,-2.1517487802530204,55
0.26394254483458446,-2.108178967468092,55
0.24702784828565974,-2.141191093870417,55
-0.0054162416385668925,-1.2270734541019506,60
-0.15574337018366108,-1.6199401796394939,60
-0.06894347976808288,-1.2860733462339877,60
-0.11829449051469298,-1.501534474377986,60
-0.0054159824310640505,-1.2270726951984112,60
-0.155745458107148,-1.6199442629930654,60
-0.06894388197125897,-1.2860743643448258,60
-0.11829100094661524,-1.50152794818579,60
2.1359228948565625,0.9603571180363293,9
2.1070003532633677,0.87809609841231,9
2.1349992640415576,0.8882382627932089,9
2.114375698782368,0.9750857626265226,9
2.120708429479537,0.9433563194944827,9
2.124538006482472,1.1650482717919017,9
2.2161162804067036,1.1205250475577215,9
2.1848461003282607,1.0163985208070636,9
2.171611485370693,1.258028725373152,9
2.312984265010145,1.014388952760842,9
-0.0005425131469657911,-1.3626731298190553,60
-0.1064555626333469,-1.292855423927543,60
-0.1726920322079779,-1.454360739200487,60
-0.03984118328813814,-1.0455239367499982,60
-0.14747482169465256,-1.4589769407222406,60
-0.0005425516719071885,-1.3626732004544697,60
-0.10645564632039015,-1.2928556195292786,60
-0.1726965219896335,-1.4543698118925263,60
-0.03984119057054482,-1.045524241842368,60
-0.1474680244019634,-1.4589631196848256,60
0.14143988369826954,-1.0574500724804883,60
-0.047825805897266815,-0.8348544612830021,60
-0.019508631186245018,-0.9357827234571542,60
-0.06676967277476721,-0.6400217158954241,60
-0.0375946918563634,-0.9783591243988082,60
0.14143988369839403,-1.0574500725027045,60
-0.04782581498457618,-0.8348544123779899,60
-0.01950866825760362,-0.9357822773195487,60
-0.06676967253729275,-0.640021716942707,60
-0.037594691900398956,-0.9783591231682836,60
2.5061517408427183,1.221838055449168,9
2.4998086648113422,0.908104831685328,9
2.406831473462971,1.0585135531643928,9
2.5063519076542193,0.9725979023811989,9
2.4482418793282985,0.839720765020944,9
2.5743683435140974,0.72240068283327,9
2.4307711236097718,0.981752935224798,9
2.378506537089585,1.1187884759812434,9
2.571254591120249,1.0119145930146543,9
2.5106481869839046,0.8190593494939207,9
2.5061602619614107,1.2218148904322732,9
2.4998086505811976,0.9081049128318003,9
2.406831689371101,1.058512870042997,9
2.5063514576271277,0.9726000519624981,9
2.4482420977302435,0.8397192903733071,9
2.5743683378550117,0.7224007221915378,9
2.4307708246644397,0.9817540881666671,9
2.3785074110999265,1.1187860377661893,9
2.5712550868846056,1.0119116811068942,9
2.5106481903767977,0.8190593237415518,9
0.1235258048186893,-1.3271707622624256,59
0.10909899468763275,-1.4916941045297547,59
0.08602465466011112,-1.3153818337356433,59
0.09381924233174031,-1.4951395171812498,59
0.12352580428035818,-1.3271707628866283,59
0.10909845411359599,-1.4916947451239762,59
0.08602465380215725,-1.3153818346353565,59
0.09381916840283941,-1.4951396035237456,59
2.854743402146888,1.7092589010625643,1
2.8099556180690977,1.7728902514345988,1
2.8476409427516898,1.7501895471379518,1
2.7743910125804456,1.7850583147403738,1
2.7369626685798516,1.7594356371097328,1
2.8436774707271395,1.9214969952503367,1
2.843041020071555,1.9443024456880866,1
2.886059012450206,1.9202651968717974,1
2.8069595992968344,2.021657038983023,1
2.869160107855838,1.9578400289967473,1
0.0015089173842813871,-1.8223119449966307,59
0.0452729046117853,-1.4482604511805848,59
0.04753215132491046,-1.5381554855815092,59
0.14015810341184187,-1.2276357907098043,59
0.1104323890566843,-1.4666553795900241,59
0.0015089171398451392,-1.8223119452299894,59
0.04527309952388721,-1.4482602040035406,59
0.04753159782071321,-1.5381560392046536,59
0.14015810341831106,-1.2276357907002078,59
0.11043233803641814,-1.4666554331311001,59
0.5008741229886934,-1.4136063829546919,54
0.4916947583324233,-1.5860777910976867,54
0.43776996593535145,-1.4675300213605338,54
0.493519478967492,-1.5353668925582726,54
0.5008741229886925,-1.4136063829546932,54
0.4916947583324195,-1.58607779109769,54
0.43776996593535134,-1.467530021360534,54
0.4935194789674903,-1.535366892558275,54
3.0108150962075704,0.7839765648154022,8
2.994336584754162,0.7152827638475941,8
3.0014411571853787,0.7564257690555422,8
3.009602746735283,0.7600423275020199,8
2.9348722032415537,0.7389477420037305,8
3.0312883704065783,0.8739699518095465,8
3.04665149147724,0.8287683382267782,8
2.995794354368848,0.7789274527743185,8
2.9879301910527634,0.8587479372977526,8
2.9936627145506565,0.759563289955087,8
0.6403763306899717,-1.4065602179809045,54
0.3831435024253481,-1.4240588316750782,54
0.3991458892713442,-1.5143119247689452,54
0.4284130856099255,-1.4167539374159261,54
0.418117356494898,-1.4454198985948257,54
0.6403763303665121,-1.4065602182688002,54
0.38314350242534767,-1.424058831675079,54
0.3991458892713448,-1.5143119247689427,54
0.4284130856099255,-1.4167539374159273,54
0.4181173564948985,-1.4454198985948252,54
0.7743899146484131,-1.1904134868898308,54
0.4553359468871291,-1.3011701484787863,54
0.5038944945186652,-1.2705231083030744,54
0.4714703829448699,-1.3082968391859109,54
0.4374676987923851,-1.3559016770201566,54
0.7743899146448717,-1.190413486892442,54
0.4553359468871294,-1.3011701484787856,54
0.5038944945186633,-1.2705231083030764,54
0.4714703829448749,-1.3082968391859033,54
0.4374676987923853,-1.355901677020157,54
3.0707693846910327,0.7988584782987586,8
3.0132106294951657,0.7152640739967903,8
2.985496901555538,0.7249949115613072,8
2.934952541606935,0.6689531499756747,8
3.1270402903176073,0.6735137604211986,8
3.009003057599947,0.5883580920838911,8
3.1790369789607276,0.7723773604626657,8
3.1673263537731016,0.8370260917825822,8
3.0121831985132466,0.6766346873091627,8
3.0200643112708385,0.6345379397379693,8
3.070769384691029,0.7988584782987727,8
3.0132106294951795,0.7152640739966601,8
2.985496901555539,0.7249949115612583,8
2.9349525416069286,0.6689531499757235,8
3.1270402903174137,0.6735137604237545,8
3.0090030575999456,0.5883580920838885,8
3.179036978960728,0.7723773604626343,8
3.167326353773093,0.8370260917826211,8
3.012183198513242,0.6766346873091822,8
3.0200643112708407,0.6345379397379902,8
0.2843038887581754,-2.279542695385779,53
0.2383686670870841,-2.3176799736426115,53
0.18240634242132187,-2.3705195774125816,53
0.27023447375506404,-2.300055613153945,53
0.284303888758432,-2.279542695385501,53
0.23836866708742724,-2.3176799736422597,53
0.1824063424216056,-2.3705195774123387,53
0.27023447375496507,-2.300055613154052,53
3.5639215162431594,1.1362241604065781,2
3.545067943117611,1.0934881640150773,2
3.541603624758497,1.0940219600970371,2
3.5384984386250693,1.1256795492101694,2
3.4541151680990634,1.1037984373174257,2
3.5502051756638906,1.2050953291646271,2
3.5604754877413374,1.1975709252792324,2
3.508152234251379,1.1436107769700994,2
3.529678008560067,1.2262476856014022,2
3.493959853311644,1.149626579717884,2
0.18078608038223998,-2.448787865320913,53
0.23243030340327195,-2.3081011159087743,53
0.14682273046710395,-2.438258770869081,53
0.13715319903110465,-2.4426890298320365,53
0.18579566018273183,-2.305737417394327,53
0.180786080383139,-2.448787865320223,53
0.2324303034032668,-2.308101115908779,53
0.14682273046727282,-2.438258770868963,53
0.13715319903078402,-2.4426890298322594,53
0.18579566018413377,-2.3057374173930785,53
0.24030076776218712,-1.1916143688491394,58
0.18081830824914194,-1.418204565327521,58
0.16609042706285762,-1.2523875721263864,58
0.17357453662609915,-1.2969928067096783,58
0.240300767762187,-1.1916143688491383,58
0.18081830824932502,-1.4182045653271995,58
0.16609042706285776,-1.2523875721263866,58
0.1735745366260988,-1.2969928067096779,58
2.3707880128791694,1.280184945007502,13
2.3643890635397242,1.2301949098524831,13
2.3449725955896614,1.2344047479048916,13
2.3122185013072087,1.2668546779150547,13
2.3351168993241314,1.2897154614275734,13
2.406153096068535,1.4136799450944735,13
2.500106806348859,1.3820225974801317,13
2.3950563643265785,1.3085534271785004,13
2.3961917688791705,1.4021783721966516,13
2.543734354593982,1.3356693377228157,13
0.2538594708319419,-1.2069483029551114,58
0.16646223156518478,-1.125655434423054,58
0.09807696130480167,-1.351816049079544,58
0.15695030341386362,-1.136672718044925,58
0.11715649332320408,-1.274038601879386,58
0.2538594708319422,-1.2069483029551118,58
0.16646223156518486,-1.1256554344230516,58
0.09807696130480344,-1.3518160490795408,58
0.1569503034138636,-1.1366727180449254,58
0.11715649332320364,-1.2740386018793877,58
0.25827994225316925,-0.9795468497311534,58
0.13592465369150167,-1.055331997409809,58
0.1732295374344657,-1.1034455249251252,58
0.1713118132039918,-1.0029181178971587,58
0.12842954376153412,-1.0886881336107785,58
0.2582799422531692,-0.9795468497311547,58
0.1359246536915017,-1.0553319974098094,58
0.17322953743446518,-1.1034455249251287,58
0.17131181320399055,-1.0029181178971378,58
0.12842954376153407,-1.088688133610779,58
2.6538312683827434,1.4666864599975178,13
2.6880724822975006,1.2956270927301126,13
2.5384811369979503,1.3723301139676305,13
2.5148554314556337,1.307446014288423,13
2.5752504498728044,1.2342340301504555,13
2.5780778729873,1.1360606188804385,13
2.5991572243376253,1.318841439442237,13
2.5719333559761037,1.4134382891570139,13
2.6010008384501644,1.3427098031030353,13
2.5632567444131276,1.2116117468722842,13
2.653831268380382,1.4666864600023681,13
2.6880724822957527,1.2956270927345632,13
2.5384811369925844,1.3723301139788444,13
2.5148554318841847,1.307446013306661,13
2.5752504498300555,1.2342340302687134,13
2.578077872980682,1.1360606189035947,13
2.5991572243285535,1.3188414394627468,13
2.571933355972697,1.4134382891639758,13
2.6010008385310854,1.3427098029080233,13
2.5632567444195042,1.2116117468541239,13
0.2492657623073021,-1.5818896073708308,57
0.18194451495998729,-1.8708295044085883,57
0.16337181192238842,-1.7553429537771497,57
0.22000950569593086,-1.7489625850131731,57
0.249265762153147,-1.5818896075734423,57
0.18194452363476118,-1.870829494902036,57
0.16337182266975134,-1.7553429422512385,57
0.22000949657077734,-1.7489625967378437,57
3.142823261604384,1.9503961533004217,0
3.124246775075032,1.8929483560396114,0
3.1110709529114846,1.9045786170251835,0
3.075777914813487,1.9119038374538981,0
3.0721777997508055,1.9120139533243086,0
3.1293442687488753,2.0782466368094465,0
3.176834281183995,2.025786996976514,0
3.1386257023188735,1.9944787616985196,0
3.0928714196959866,2.062980213236166,0
3.1604054995644377,2.007572409406797,0
0.1334594385670929,-2.0423176572601722,57
0.19596840096235352,-1.6196991340769857,57
0.1748020995089328,-1.8967162777298778,57
0.2073871599424537,-1.7087288913287662,57
0.20843833021549374,-1.7686472895003855,57
0.13345943846392833,-2.0423176573474926,57
0.1959684009983531,-1.6196991340300984,57
0.1748021015809253,-1.896716275729749,57
0.20738721842866026,-1.7087288147158048,57
0.20843832891358077,-1.7686472910286284,57
2.493054493143671,-1.6131996948481098,42
2.55258646529841,-1.6667020972528275,42
2.6311456101175836,-1.7219081768886413,42
2.4230772655354946,-1.6112198865413079,42
2.4930544931436693,-1.61319969484811,42
2.5525864652984094,-1.6667020972528253,42
2.6311456101175867,-1.7219081768886388,42
2.423077265535495,-1.6112198865413079,42
0.6102931421636859,-4.01392779661666,46
0.6470496724748799,-3.7995628061146816,46
0.6178301270664524,-3.920767488232223,46
0.7905625235486209,-3.764654283523233,46
0.6632994376823378,-4.016792617631467,46
0.475175338069158,-3.8723227437573464,46
0.6208160329245053,-3.7056433860769435,46
0.5493931707155587,-3.777517182604065,46
0.634168939764211,-3.6748899070208547,46
0.6489515835629859,-3.8591003574843206,46
2.6918160089168626,-1.842715501169952,42
2.536472629308771,-1.6428140721295603,42
2.5811920288642876,-1.6963224138019342,42
2.6671455492797773,-1.7369037386443011,42
2.522176568502199,-1.6640664930999365,42
2.6918160089164442,-1.8427155011707617,42
2.5364726293087703,-1.6428140721295623,42
2.5811920288642867,-1.696322413801932,42
2.6671455492797773,-1.7369037386443016,42
2.5221765685022066,-1.6640664930999236,42
2.7567814328189724,-2.021821511343848,42
2.765449030194545,-1.95890952346881,42
2.7730585944149526,-1.8349163677651945,42
2.9970269358829738,-1.9940055302253175,42
2.8021652297610236,-1.8975385688363122,42
2.7567814328187557,-2.02182151134419,42
2.7654490423603355,-1.958909500106559,42
2.773058594414951,-1.834916367765195,42
2.997026935883145,-1.994005530225022,42
2.8021652297610253,-1.8975385688363118,42
0.5915231887737213,-3.794217113620665,46
0.7947900855150887,-3.7309299184480516,46
0.509436295497328,-3.7077178920539002,46
0.8438820800412904,-3.6827217125696454,46
0.49075853283271476,-3.784030294934975,46
0.7984013498451513,-3.6961533093081815,46
0.4723810159323808,-3.8532985005792857,46
0.8569140328111232,-3.7745779020747716,46
0.5895285082380983,-3.774361826464116,46
0.9304038666579636,-3.834960675093392,46
0.5915231913636457,-3.7942171132236524,46
0.7947904112889574,-3.7309298610196837,46
0.5094362940298232,-3.707717892281963,46
0.8438820801563467,-3.682721712547099,46
0.4907585328433128,-3.784030294933486,46
0.7984013496157633,-3.696153309347055,46
0.4723810159356227,-3.8532985005788944,46
0.856914035594423,-3.7745779015508885,46
0.5895285250252498,-3.7743618239277255,46
0.9304038680367622,-3.8349606748211533,46
-0.6700281933292668,-1.172553812477864,62
-0.6325534085026325,-1.1327771291472755,62
-0.6364800853923489,-0.9513285809916181,62
-0.6561861737822248,-1.113347662044156,62
-0.6700281933292668,-1.1725538124778643,62
-0.632553408502633,-1.1327771291472752,62
-0.6364800853923495,-0.9513285809916188,62
-0.656186173782225,-1.1133476620441556,62
2.0432438893138687,0.4477355738724304,6
2.112215670660122,0.3102930617191042,6
2.1288077261362846,0.3506365727353546,6
2.1732344426114576,0.3320195497799703,6
2.1358574294693464,0.28493605821251683,6
1.9654681362606012,0.3925077688551107,6
2.096979334073899,0.3173968100350742,6
2.0354818796588767,0.2989197298823555,6
2.1037714531104434,0.3123769483383109,6
2.073647400143013,0.2608626840786119,6
-0.5388281421489538,-1.3454674509390885,62
-0.7243830818255713,-1.1535557912315564,62
-0.6179427647039003,-1.0089706820210904,62
-0.6234050561612599,-0.8411096812538308,62
-0.5907859192030013,-0.9622170704195547,62
-0.538828142148954,-1.3454674509390865,62
-0.724383081825571,-1.1535557912315557,62
-0.617942764703901,-1.0089706820210893,62
-0.6234050561612597,-0.841109681253831,62
-0.5907859192030009,-0.962217070419555,62
-0.5529801255156875,-1.3367134352100865,62
-0.6867278449374601,-1.0208142956405157,62
-0.5693572036001893,-1.0160456199768035,62
-0.5737805969425923,-0.8196834769132133,62
-0.5834970675794955,-1.0252021939434335,62
-0.5529801255156878,-1.3367134352100862,62
-0.6867278449374606,-1.0208142956405162,62
-0.5693572036001884,-1.0160456199768022,62
-0.5737805969425924,-0.8196834769132133,62
-0.5834970675794958,-1.025202193943433,62
2.080461959292118,0.31366470101517024,6
2.144209951432668,0.14800705589976496,6
2.040443179767394,0.2773570725816895,6
2.134423025125424,0.168395689056859,6
2.0634152662417558,0.19549555344815636,6
2.0804159386247347,0.0638050215147478,6
2.129077993563696,0.24695756609801922,6
2.218002390646129,0.12390531619729317,6
2.0489741940708246,0.2180538647592966,6
2.1060784852726457,0.07020534276980703,6
2.0804619592921187,0.3136647010151714,6
2.1442099514326665,0.14800705589976504,6
2.040443179767395,0.27735707258168996,6
2.134423025125424,0.1683956890568593,6
2.0634152662417553,0.19549555344815628,6
2.080415938624735,0.06380502151474791,6
2.129077993563697,0.24695756609801922,6
2.21800239064613,0.12390531619729313,6
2.0489741940708237,0.2180538647592963,6
2.1060784852726466,0.07020534276980714,6
-0.7644918721902609,-1.8142997458904873,61
-0.7235782288892101,-1.8371307135882682,61
-0.7247398302511324,-1.677905874158115,61
-0.7080449873262697,-1.7999394246936604,61
-0.764491872190261,-1.8142997458904861,61
-0.72357822888921,-1.8371307135882686,61
-0.7247398302511325,-1.6779058741581152,61
-0.70804498732627,-1.7999394246936604,61
2.693599836020383,0.7105530393461965,3
2.670258854604902,0.6421646709392415,3
2.7379417700842543,0.6475466018706694,3
2.755126311185515,0.6604039214960278,3
2.638243466026923,0.6279274414013203,3
2.644065794164059,0.7297761028774044,3
2.634005908286504,0.6934318869343622,3
2.6080973510519905,0.6260358288100233,3
2.668658401618726,0.7190520207029462,3
2.5658664038404706,0.6499467498580188,3
-0.7729948852218439,-1.8810358434516457,61
-0.7988647441511018,-1.777816908964731,61
-0.7302773983927512,-1.738056666419391,61
-0.7195843491990049,-1.6123489863602078,61
-0.6649428080673555,-1.6282907689865809,61
-0.7729948852218442,-1.8810358434516459,61
-0.7988647441511024,-1.7778169089647318,61
-0.730277398392751,-1.738056666419392,61
-0.719584349199005,-1.612348986360207,61
-0.6649428080673557,-1.6282907689865813,61
-1.5079430609897473,0.42563584478814837,68
-1.575329173536563,0.5427491851338307,68
-1.4208516231291644,0.5075000261506706,68
-1.5557831702101628,0.5668411892233881,68
-1.5079430609921955,0.42563584480350897,68
-1.575329173536385,0.5427491851365239,68
-1.4208516231291661,0.5075000261506784,68
-1.5557831702102884,0.5668411892200018,68
0.9604628082125554,1.3998390503357283,11
0.8691769782629822,1.267116365080426,11
0.9583657602333903,1.267830434929453,11
0.9420638832825879,1.3070613224470273,11
0.906548089984014,1.200994339220072,11
0.9445056838296261,1.5029504378112195,11
0.9095897008201862,1.410567128506378,11
0.9247464578525303,1.3824536659706539,11
0.8621144740320147,1.4588473653655925,11
0.882703331805602,1.2533763368823638,11
-1.2266032950345802,-0.2535383799679106,68
-1.5101691647124662,0.4052101890590863,68
-1.5227929794670914,0.5522030032761813,68
-1.3229287078326426,0.46592458320861424,68
-1.345862919979575,0.4121486023744217,68
-1.226603295821862,-0.25353836319328643,68
-1.5101691647225148,0.40521018913248374,68
-1.5227929794670891,0.5522030032755304,68
-1.32292870783266,0.46592458320864377,68
-1.3458629199814824,0.412148602378694,68
-1.1308531572158516,-0.07038161522170397,68
-1.2526325771782325,0.19535676379085293,68
-1.3710782234705756,0.29898244294375875,68
-1.2070226439804819,0.3526606297037404,68
-1.2489018419373108,0.26486298039606804,68
-1.1308531572166,-0.07038161521962379,68
-1.2526325771782272,0.19535676379084213,68
-1.371078223456621,0.298982442913378,68
-1.2070226439802911,0.352660629703321,68
-1.2489018419397842,0.26486298040143,68
1.080126298841062,1.395168052868412,11
1.166701458758962,1.1640302029236171,11
0.9621214166530307,1.3816458123763613,11
1.118662440645693,1.290665003328965,11
1.018130892232428,1.1529341065585168,11
1.1316237505991844,1.0105374594616126,11
0.9987359199348157,1.2953151461217443,11
1.0785573565935045,1.2816650025680405,11
1.0793558724985735,1.334233910707331,11
1.0581427782154493,1.0427399655513683,11
1.0801262988410267,1.3951680528684347,11
1.1667014587590103,1.1640302029235896,11
0.9621214166530393,1.3816458123763589,11
1.1186624406330057,1.2906650033386198,11
1.0181308922324073,1.152934106558527,11
1.131623750599158,1.0105374594616243,11
0.9987359199347079,1.2953151461218064,11
1.0785573565883764,1.281665002571339,11
1.0793558724980212,1.3342339107075794,11
1.0581427782154353,1.042739965551369,11
-1.1120761145190239,-0.7968612695812352,67
-1.101334761777299,-0.7560172684668974,67
-1.0781608316074582,-0.4974050605872487,67
-1.1270639490410406,-0.8252077967682351,67
-1.1120761145191669,-0.7968612695803472,67
-1.1013347617815377,-0.7560172684506626,67
-1.0781608316080118,-0.49740506058358847,67
-1.1270639490394134,-0.8252077967751695,67
1.991928397225991,2.15724625746168,1
1.906488601715185,2.1554068010103165,1
1.9775345593440965,2.1763750322621074,1
1.9515110703890897,2.1604553744964825,1
1.8956052993298425,2.1058510290264243,1
2.0162313245021455,2.289294058577035,1
1.9241203751419456,2.3026204245381328,1
1.98466951115485,2.2557865763146885,1
1.9170729409406246,2.3407715042996067,1
1.903337781393653,2.2429220781457704,1
-1.071354644591783,-1.0867092024782417,67
-1.1942756561157462,-0.8067102281947269,67
-1.1090922126760472,-0.7159737573645316,67
-1.1406117917170635,-0.3670126826126403,67
-1.1158247187429375,-0.6708239851972243,67
-1.0713546446217335,-1.0867092023986322,67
-1.1942756561277366,-0.8067102281457609,67
-1.1090922125431586,-0.7159737577349464,67
-1.1406117917170573,-0.36701268261158004,67
-1.1158247186819443,-0.6708239853862034,67
-0.2806853333048444,-0.9508492119055935,64
-0.26612467339013246,-0.9572798565651467,64
-0.29732922122104544,-0.8266429889980715,64
-0.25598197433260683,-0.9169932342515403,64
-0.28068533330484446,-0.9508492119055935,64
-0.2661246733901325,-0.9572798565651475,64
-0.2973292212210451,-0.8266429889980716,64
-0.2559819743326068,-0.9169932342515396,64
2.2001276028632177,1.1598726287797343,7
2.259312343019951,1.0266462424806124,7
2.247791688573308,1.0420901171307988,7
2.243343340271028,1.024434708878624,7
2.1945510563815342,0.9961330616992684,7
2.1621384483138644,1.1437293854279769,7
2.262267831333486,1.082506786877847,7
2.2142071049675067,0.9937492455425458,7
2.233546729416719,1.0859525508094177,7
2.169666881641245,0.9818510872943452,7
-0.17055440857874765,-1.0479395627427213,64
-0.3536010870884471,-0.9473155789318284,64
-0.3061512048010821,-0.9116173745429981,64
-0.2955384566663554,-0.7535206913977504,64
-0.2699296020464015,-0.8442117274702893,64
-0.17055440857874749,-1.0479395627427217,64
-0.35360108708844723,-0.947315578931828,64
-0.3061512048010822,-0.9116173745429976,64
-0.29553845666635514,-0.7535206913977502,64
-0.2699296020464015,-0.8442117274702897,64
-0.16497614279660855,-0.9614923655309359,64
-0.3654304727588042,-0.7966422669518318,64
-0.258985220728662,-0.7706205885539055,64
-0.2647968104206877,-0.6477030523688585,64
-0.274367056915614,-0.7743122548018824,64
-0.16497614279660866,-0.9614923655309356,64
-0.36543047275880386,-0.7966422669518315,64
-0.258985220728662,-0.7706205885539057,64
-0.2647968104206877,-0.6477030523688583,64
-0.2743670569156139,-0.7743122548018818,64
2.2212914436312317,0.9838089451663856,7
2.3699517153820557,0.8255806006762888,7
2.227460091990595,0.9851337957879227,7
2.2650011278324573,0.8438923038089594,7
2.2836755971083265,0.8590007529000674,7
2.268477476112824,0.697796919518642,7
2.3257825816909667,0.9861687333858111,7
2.4084277462270083,0.9036050763196244,7
2.169164313105482,0.8872277164969362,7
2.2710102067074445,0.7354624729624207,7
2.2212914436312334,0.9838089451663863,7
2.3699517153820557,0.825580600676289,7
2.227460091990598,0.98513379578792,7
2.2650011278324587,0.8438923038089593,7
2.2836755971083256,0.8590007529000673,7
2.268477476112823,0.6977969195186414,7
2.3257825816909663,0.9861687333858115,7
2.4084277462270087,0.9036050763196245,7
2.1691643131054823,0.8872277164969347,7
2.271010206707443,0.7354624729624205,7
-0.5314567478200983,-1.860395572117627,63
-0.5355762663595021,-1.904108363961881,63
-0.5232652757221594,-1.7011253778018438,63
-0.49053514976500034,-1.8569685455448057,63
-0.5314567478200982,-1.8603955721176284,63
-0.535576266359504,-1.9041083639618808,63
-0.5232652757221596,-1.7011253778018438,63
-0.49053514976500084,-1.856968545544808,63
2.9711291065450505,1.5758735397401695,4
2.930328230309686,1.4486749913542745,4
2.9597916161675766,1.456576236002653,4
2.968904238559559,1.4490167078966254,4
2.895106633745886,1.4241918109437726,4
2.9348359709908043,1.5907899104604937,4
2.881140450839355,1.5562115876510476,4
2.8644957499917925,1.4991518074319607,4
2.909139694154476,1.5607037551154952,4
2.817458999366412,1.4714769576361417,4
-0.4798548177792805,-2.180237542714144,63
-0.587985016819987,-1.8528363099922802,63
-0.5286049900612081,-1.8429029788218187,63
-0.4798344309754197,-1.627882868254425,63
-0.456648921015405,-1.7039650321795774,63
-0.4798548177792805,-2.1802375427141447,63
-0.5879850168199868,-1.8528363099922804,63
-0.5286049900612088,-1.8429029788218205,63
-0.4798344309754198,-1.627882868254424,63
-0.45664892101540533,-1.7039650321795783,63
-0.6312166543089963,-0.38778031279756514,66
-0.6545442089606736,-0.4250128855734476,66
-0.6319053129471396,-0.30728139670911303,66
-0.6670266901490355,-0.3272498020814551,66
-0.6312166543089964,-0.38778031279756475,66
-0.6545442089606773,-0.42501288557342654,66
-0.6319053129471398,-0.3072813967091132,66
-0.6670266901490356,-0.32724980208145654,66
1.4530166397309257,1.6852500530996635,14
1.355140846318841,1.5472608025720256,14
1.3873428136492922,1.5286737861540731,14
1.340066727872226,1.5467061688180601,14
1.3863268557625437,1.528468890208036,14
1.4677343349910763,1.7050417222665348,14
1.4371867255694195,1.677850155471037,14
1.3898538083489105,1.5646459584325152,14
1.3378354949137823,1.6319090204601288,14
1.3806319547159442,1.5734317501826538,14
-0.5599368004160679,-0.6747149705863583,66
-0.6490252825984348,-0.3935907972109382,66
-0.6450389756717989,-0.4263563527447665,66
-0.6150017323459712,-0.27757787727895517,66
-0.6245737017932246,-0.33467136162461486,66
-0.5599368004160685,-0.6747149705863578,66
-0.6490252825984348,-0.39359079721093776,66
-0.6450389756718127,-0.42635635274469524,66
-0.6150017323459712,-0.2775778772789551,66
-0.6245737017932242,-0.3346713616246146,66
-0.5907009370674838,-0.47030548355264573,66
-0.7382131492288652,-0.22379259753550695,66
-0.7230700375504513,-0.2740067830969909,66
-0.6666047664738377,-0.13691704948432903,66
-0.66334380095976,-0.2821581907667098,66
-0.590700937067484,-0.4703054835526456,66
-0.7382131492288643,-0.22379259753550712,66
-0.7230700375504501,-0.27400678309698934,66
-0.6666047664738377,-0.13691704948432895,66
-0.6633438009597601,-0.28215819076670995,66
1.5932456436185851,1.6828444627644328,14
1.6458011315430219,1.506156768618095,14
1.4779463882913297,1.6656599139890782,14
1.5421386030549777,1.5520202413065545,14
1.513200928893074,1.5117062860083301,14
1.5442278973705543,1.3450438143118024,14
1.5260026395937436,1.6205342052299567,14
1.5598972277843295,1.572415397748065,14
1.5015537945373207,1.5795154183713278,14
1.4799755900434879,1.3612095619920344,14
1.5932456436185842,1.6828444627644337,14
1.645801131543023,1.5061567686180954,14
1.4779463882913286,1.6656599139890786,14
1.5421386030549782,1.5520202413065545,14
1.5132009288930746,1.5117062860083295,14
1.5442278973705552,1.3450438143118046,14
1.5260026395937434,1.6205342052299547,14
1.5598972277843275,1.5724153977480666,14
1.5015537945373199,1.5795154183713278,14
1.479975590043489,1.361209561992035,14
-0.7956572402740211,-0.9868297600679541,65
-0.8591366251280972,-1.2291935057823402,65
-0.8104156870544416,-0.8708597139968114,65
-0.8337077585135284,-1.146113987622495,65
-0.7956572402739033,-0.9868297600673953,65
-0.8591366247388283,-1.2291935074518108,65
-0.8104156870544595,-0.8708597139968589,65
-0.8337077585381241,-1.1461139873246402,65
2.2599627548741315,2.3711060935041592,0
2.191306566810337,2.313557415498313,0
2.218535393577223,2.282319898211967,0
2.19610609481674,2.2987199314771427,0
2.195418999245297,2.2636190040124746,0
2.303210456090215,2.4203357185034915,0
2.2598701260951737,2.422894273704576,0
2.2669206575534835,2.3784760302337915,0
2.2176508503528263,2.420679304609416,0
2.2245708762617364,2.350394126248659,0
-0.7685264796608932,-1.747791562140237,65
-0.8277097950548737,-0.9809561487155719,65
-0.8501802589107146,-1.0816033397320297,65
-0.7838392033537852,-0.7918560793041713,65
-0.7987972886578485,-0.9386954480316494,65
-0.7685264796272134,-1.7477915621935676,65
-0.827709795054881,-0.9809561487156092,65
-0.8501802589580384,-1.0816033410379278,65
-0.7838392033537495,-0.7918560793040473,65
-0.7987972886582811,-0.9386954480334172,65
1.850524809985443,-1.631259197577572,43
1.998288513456753,-1.5571517682869034,43
2.011858129374169,-1.6520724454471356,43
1.8581796382495332,-1.5240820437089821,43
1.850524809985443,-1.6312591975775714,43
1.9982885134567543,-1.5571517682869036,43
2.011858129374168,-1.6520724454471358,43
1.8581796382495317,-1.5240820437089821,43
1.390984932773684,-3.1564179913896213,51
1.5947750724720031,-2.8358764195173114,51
1.4268120602229706,-2.944050660688184,51
1.6663321899961032,-2.8463919586148,51
1.4377512753030002,-3.185382895906919,51
1.5749602239996003,-2.885079964798266,51
1.6306036727073359,-2.766174615334287,51
1.6261629520242884,-2.7838088692608394,51
1.7146895246666114,-2.723972906515002,51
1.5864372618189935,-3.022638459727096,51
1.8673149144316161,-1.534232119946633,43
1.8754174583224277,-1.560235728976793,43
1.8933225984887994,-1.4935059427872905,43
1.9674814787683055,-1.6108905785000196,43
1.8374614627019519,-1.5625972327636386,43
1.8673149144316072,-1.5342321199466415,43
1.8754174583224272,-1.5602357289767914,43
1.8933225984888025,-1.4935059427872863,43
1.9674814787683044,-1.6108905785000234,43
1.837461462701952,-1.5625972327636388,43
2.037393976161684,-1.7130471387551878,43
1.8826151231932535,-1.7376186620613283,43
1.9307105955924893,-1.576336611200633,43
2.112663027624877,-1.7487433935801038,43
1.9821834095926825,-1.650969808648992,43
2.0373939761616855,-1.7130471387551884,43
1.882615123193254,-1.7376186620613279,43
1.930710595592489,-1.576336611200632,43
2.1126630276248757,-1.7487433935801033,43
1.982183409592683,-1.6509698086489928,43
1.5536679067426449,-2.964966216791904,51
1.6121333691155415,-3.0296735022362897,51
1.5443481166831936,-2.846127565997391,51
1.7043376316502183,-2.853735114981596,51
1.551270989358881,-2.8019295062308562,51
1.7369193316652565,-2.8337829945091464,51
1.4314074960126835,-2.916986163406,51
-2.059603675414188,0.416539596103522,51
1.6574296387229817,-2.8454601916021107,51
1.800681079070709,-2.8941765738618486,51
1.5545083343805242,-2.964525940039848,51
1.6121333683187364,-3.0296735026540067,51
1.544348336529678,-2.8461274488083546,51
1.7043376320990762,-2.853735114712171,51
1.5512709710195087,-2.8019295166153966,51
1.7369193316209395,-2.833782994536485,51
1.4314074947866653,-2.916986163997798,51
1.7678861276855857,-2.8927651668852623,51
1.6574296642315454,-2.8454601766122956,51
1.8006810872451837,-2.89417656899737,51
-0.7785068849538184,-1.1698604075781653,62
-0.6825109164989214,-1.0884106859159453,62
-0.7398633799777563,-0.9767952631528454,62
-0.7103541401074979,-1.0869809081062347,62
-0.7785068849538193,-1.1698604075781653,62
-0.682510916498922,-1.088410685915945,62
-0.7398633799777575,-0.9767952631528437,62
-0.7103541401074974,-1.0869809081062347,62
1.753130831719283,0.34012312932521643,6
1.815615134434889,0.19349186894606799,6
1.8202193770717863,0.21689052421292532,6
1.8610589556132762,0.21737313030046296,6
1.8503470428595716,0.1828495495885169,6
1.6467628715018927,0.31989255659982857,6
1.7374368902921573,0.2428805881598153,6
1.6867579339842635,0.23382981178968112,6
1.7434313703326423,0.23925769223802595,6
1.7649162438604393,0.15701810837345542,6
-0.6127514369275068,-1.2884494523167536,62
-0.797399136460611,-1.2167959673634137,62
-0.7123629709616552,-1.0151455588110763,62
-0.7329049842535338,-0.925804634010165,62
-0.6608798443124764,-1.006473534209993,62
-0.6127514369275063,-1.2884494523167527,62
-0.797399136460611,-1.2167959673634148,62
-0.7123629709616548,-1.0151455588110754,62
-0.7329049842535341,-0.9258046340101653,62
-0.6608798443124767,-1.0064735342099933,62
-0.6328253259186112,-1.4257761520662562,62
-0.8138729387929763,-1.071868581037193,62
-0.7107183581807309,-0.9720673943185717,62
-0.7208232557509212,-0.8837760516253373,62
-0.6978480252831889,-1.0203960448594087,62
-0.6328253259186112,-1.425776152066257,62
-0.813872938792976,-1.0718685810371933,62
-0.7107183581807311,-0.9720673943185714,62
-0.7208232557509217,-0.883776051625338,62
-0.6978480252831886,-1.020396044859409,62
1.732197321084071,0.25022793467402743,6
1.8261264387974852,0.11664466156988078,6
1.755665195247338,0.1903975973334493,6
1.7909347279152164,0.08782880490690077,6
1.7367155854470055,0.09122422631715517,6
1.7594550268289335,-0.0060197185159532466,6
1.7790446791965713,0.158857358960847,6
1.8938403803901935,0.10866966549546299,6
1.7353611347460713,0.13541521143262883,6
1.7657438224465487,0.004267601693104506,6
1.732197321084071,0.25022793467402726,6
1.8261264387974838,0.11664466156988185,6
1.755665195247338,0.19039759733344902,6
1.7909347279152144,0.08782880490690166,6
1.736715585447006,0.0912242263171551,6
1.759455026828934,-0.006019718515953313,6
1.7790446791965717,0.15885735896084702,6
1.8938403803901933,0.10866966549546304,6
1.7353611347460713,0.13541521143262839,6
1.7657438224465503,0.004267601693104472,6
-0.8384536736483685,-1.7354913170908248,61
-0.7853706363929032,-1.6953674547849094,61
-0.8568289026639573,-1.595063097238763,61
-0.7631157985587256,-1.6672326154726596,61
-0.8384536736483685,-1.7354913170908253,61
-0.7853706363929037,-1.6953674547849102,61
-0.856828902663958,-1.5950630972387632,61
-0.7631157985587247,-1.6672326154726596,61
2.448227973765801,0.5106670872141744,3
2.321248090696948,0.43764469196635986,3
2.4226936251623834,0.4358648638590682,3
2.390732104522295,0.44750253970971837,3
2.308840649884379,0.4251673613274883,3
2.338677253291277,0.53927264601404,3
2.2432370650932687,0.5007115268155992,3
2.276206855852252,0.4391775283620199,3
2.27068729688708,0.5265928831656922,3
2.1600187102732566,0.4570739991359146,3
-0.8009626774112101,-1.661573044096752,61
-0.8870373426021751,-1.712787461250979,61
-0.8199617988585156,-1.6129410062344476,61
-0.8750887482878336,-1.5233276346638982,61
-0.7639947820870839,-1.5420097649955196,61
-0.80096267741121,-1.6615730440967522,61
-0.8870373426021754,-1.7127874612509792,61
-0.8199617988585154,-1.612941006234446,61
-0.8750887482878337,-1.5233276346638984,61
-0.7639947820870838,-1.5420097649955193,61
-1.7227486484626546,0.34982137359867493,68
-1.7142889642531782,0.37552048995582765,68
-1.6733806375118523,0.3787595813366545,68
-1.7190901341931204,0.3542562849675447,68
-1.7227486484626113,0.34982137359852206,68
-1.714288964253113,0.37552048995554566,68
-1.6733806375118827,0.3787595813368108,68
-1.7190901341930978,0.3542562849674665,68
0.5958699475329027,1.2703832422049208,11
0.49935619588394886,1.148426088675346,11
0.5757572748619394,1.1623023812340785,11
0.556470452638845,1.1768551871012176,11
0.5626706114247865,1.0989715357941288,11
0.5581267606557021,1.368744994524093,11
0.5583559584563184,1.249693527406151,11
0.5388999328030357,1.2338267986608322,11
0.4963232741126427,1.2958595575666136,11
0.5719845787423379,1.1325605291070129,11
-1.3030003979572158,-0.22396062011138518,68
-1.6308815695619574,0.18785902121936798,68
-1.622473583372725,0.3216875312582249,68
-1.5200040263384584,0.28343642571445266,68
-1.4780176623447314,0.20148675626769302,68
-1.3030003979580214,-0.22396062010805065,68
-1.6308815695606071,0.18785902121286796,68
-1.6224735833726507,0.3216875312579222,68
-1.52000402633846,0.28343642571445876,68
-1.4780176623447345,0.2014867562676972,68
-1.3133015386690432,-0.05061965934740014,68
-1.5227832159362291,0.157110484125202,68
-1.545249413242562,0.3072565407430055,68
-1.4313591754048187,0.1987833044814792,68
-1.4031933365753801,0.1288586194444009,68
-1.3133015386690419,-0.050619659347399905,68
-1.5227832159362307,0.1571104841252024,68
-1.5452494132426964,0.30725654074351627,68
-1.4313591754048198,0.19878330448148052,68
-1.4031933365753784,0.12885861944440066,68
0.684153021066338,1.2440903735668392,11
0.7400848665390475,1.0541325038143297,11
0.6485505478424757,1.2596156009910557,11
0.6340988032073409,1.1580622341519857,11
0.5861210008840155,1.0454678611770092,11
0.6829493971395976,0.9250727425538657,11
0.5981693720732338,1.1698893994683242,11
0.6454836441756957,1.1468784487972732,11
0.6438069397379638,1.1658691468711215,11
0.6217520392816008,0.9395330960779075,11
0.6841530210663384,1.2440903735668407,11
0.7400848665390497,1.0541325038143283,11
0.6485505478424769,1.2596156009910566,11
0.6340988032083511,1.158062234151607,11
0.5861210008840156,1.0454678611770094,11
0.682949397139611,0.9250727425538602,11
0.5981693720732337,1.1698893994683233,11
0.6454836441757091,1.1468784487972703,11
0.6438069397379659,1.1658691468711198,11
0.6217520392815984,0.939533096077909,11
-1.3068562016411065,-0.6118175582801606,67
-1.2861079519166005,-0.5815663590381149,67
-1.3262251982149624,-0.5058428461698045,67
-1.31307708213796,-0.5908883325989567,67
-1.306856201641061,-0.6118175582803628,67
-1.2861079519163683,-0.5815663590390434,67
-1.326225198214963,-0.5058428461698037,67
-1.3130770821379791,-0.5908883325988921,67
1.7608155916971022,2.0544302902006146,1
1.670276448606515,2.014983851396822,1
1.7436680146854364,2.0450277051182852,1
1.712175628201114,2.0107522975096774,1
1.6634120393678662,1.9288534914647177,1
1.7279767423991246,2.1522842633076236,1
1.686939351464986,2.1260856502633523,1
1.735053317514552,2.0972573156512055,1
1.6695541812219927,2.1712259643976215,1
1.6442983882913442,2.0516312115971003,1
-1.1864702382952492,-0.7695417205040243,67
-1.3576145405095859,-0.7860365777616458,67
-1.3221008497210107,-0.4709262994328011,67
-1.3295074292342102,-0.399807352904223,67
-1.2747192490909363,-0.47803677178167836,67
-1.1864702382953305,-0.7695417205037423,67
-1.3576145405117719,-0.7860365777554134,67
-1.322100849721033,-0.47092629943267084,67
-1.3295074292342108,-0.3998073529042215,67
-1.2747192490909394,-0.47803677178166926,67
-0.4946208658737993,-0.9405760210122303,64
-0.4574352137867125,-0.9542897917261506,64
-0.5136456060773231,-0.8977208572460647,64
-0.4486990004603611,-0.9522943877175427,64
-0.4946208658737993,-0.9405760210122291,64
-0.45743521378671237,-0.9542897917261499,64
-0.513645606077323,-0.8977208572460649,64
-0.4486990004603614,-0.9522943877175429,64
1.9447531525239699,0.9840370366729623,7
1.9552547012925796,0.8636421879334059,7
1.9403185859876204,0.8709449244211515,7
1.9717943810577103,0.8732931760531027,7
1.9458124900200509,0.8121694450210384,7
1.925242591469904,0.9960247117313377,7
1.939182634949885,0.9160875684686287,7
1.904350248974465,0.8507644072919968,7
1.9249513152306894,0.9309824969633556,7
1.8880830174073382,0.8017339254983993,7
-0.3551081004883969,-0.9667691429950787,64
-0.5553248935161934,-0.9898995472872479,64
-0.47340006936068707,-0.881571918537573,64
-0.5155222259263434,-0.7991265615992058,64
-0.4345939981353157,-0.8587432010438506,64
-0.3551081004883969,-0.9667691429950791,64
-0.5553248935161931,-0.9898995472872487,64
-0.47340006936068657,-0.8815719185375727,64
-0.5155222259263431,-0.7991265615992055,64
-0.4345939981353159,-0.8587432010438503,64
-0.35244398819621986,-0.8943054573769484,64
-0.5600354627952858,-0.8511896251547656,64
-0.450802858508119,-0.7806933107493761,64
-0.520485044852816,-0.7232047773522594,64
-0.460787773160681,-0.8250551842734931,64
-0.3524439881962201,-0.8943054573769486,64
-0.5600354627952863,-0.8511896251547657,64
-0.45080285850811874,-0.7806933107493765,64
-0.5204850448528154,-0.7232047773522599,64
-0.46078777316068076,-0.8250551842734924,64
1.950924332189328,0.8554794890713477,7
2.064498935170089,0.6603616442985724,7
1.9105000870042188,0.8351579245256646,7
1.9531221183609926,0.6785746435138905,7
1.9194067628901712,0.7181698658821568,7
1.9327737055910932,0.5446759456103952,7
1.9641996754462274,0.8451356824483917,7
2.027904534834902,0.7686649173417568,7
1.9122987983361248,0.7465451594011872,7
1.9418954272800506,0.5767458420021682,7
1.9509243321893281,0.8554794890713482,7
2.0644989351700884,0.6603616442985724,7
1.9105000870042188,0.8351579245256641,7
1.9531221183609935,0.6785746435138904,7
1.9194067628901725,0.718169865882157,7
1.9327737055910938,0.5446759456103952,7
1.9641996754462276,0.845135682448392,7
2.027904534834902,0.7686649173417569,7
1.9122987983361255,0.7465451594011863,7
1.9418954272800506,0.5767458420021683,7
-0.6372348262039033,-1.6856665576217391,63
-0.6185414471422935,-1.715995893192135,63
-0.6576799932779323,-1.6662559643418406,63
-0.5858204727740398,-1.6681373044834613,63
-0.6372348262039031,-1.6856665576217393,63
-0.6185414471422935,-1.7159958931921344,63
-0.6576799932779324,-1.6662559643418426,63
-0.5858204727740396,-1.6681373044834593,63
2.738287795871978,1.4651239767759632,4
2.693722929047098,1.2663182004712055,4
2.734207095658944,1.273696717196751,4
2.727823572930066,1.25133944091644,4
2.7106809578508093,1.225678834913286,4
2.6654094160184485,1.431364485615621,4
2.6134550141999457,1.3411545472700606,4
2.597451001334917,1.2711673465289677,4
2.6198584679402592,1.3296034192548243,4
2.5521088416293694,1.2365105494044595,4
-0.5503123960112548,-1.8584933748768666,63
-0.6831435170760842,-1.7017728740242348,63
-0.6264463027275649,-1.6332136646369042,63
-0.6481614305742335,-1.5959281399557905,63
-0.586717742299042,-1.5703327163493155,63
-0.5503123960112545,-1.8584933748768668,63
-0.683143517076084,-1.7017728740242353,63
-0.6264463027275649,-1.633213664636904,63
-0.6481614305742331,-1.59592813995579,63
-0.5867177422990422,-1.5703327163493155,63
-0.8479053421025969,-0.4160479877883301,66
-0.845810590676166,-0.37396661888415833,66
-0.8485449037413405,-0.3319886564464891,66
-0.8747179464952135,-0.33204117456650356,66
-0.847905342102597,-0.4160479877883301,66
-0.8458105906761649,-0.3739666188841585,66
-0.8485449037413405,-0.3319886564464891,66
-0.8747179464952133,-0.33204117456650384,66
1.0596515668998219,1.5038428399823767,14
0.9295945925244979,1.3606136290042892,14
0.9749991574077497,1.3425007042991453,14
0.9546660618759908,1.3640407081910764,14
0.9625197954798621,1.3543259971846906,14
1.0370678097610886,1.5540467988305942,14
1.0047659551333112,1.4383470085700443,14
0.9530515048080758,1.3855794007968822,14
0.9452610997761762,1.4227414736148953,14
0.9384818364699058,1.3441611851113489,14
-0.7453207042405761,-0.6306067913972517,66
-0.8643625889494314,-0.39145076226797304,66
-0.8720862396240299,-0.3110137777635123,66
-0.85002675181307,-0.23772450406583226,66
-0.811411354541346,-0.29070951784225113,66
-0.7453207042405754,-0.6306067913972515,66
-0.8643625889494312,-0.39145076226797343,66
-0.8720862396240296,-0.3110137777635126,66
-0.8500267518130694,-0.23772450406583195,66
-0.811411354541346,-0.2907095178422514,66
-0.7856852516651606,-0.37961636765885093,66
-0.9895745531826756,-0.28017805696638803,66
-0.9050180299573056,-0.24722349799884688,66
-0.9180936150914443,-0.20662995745437734,66
-0.8323532790316452,-0.2926783106936064,66
-0.7856852516651603,-0.3796163676588511,66
-0.9895745531826756,-0.28017805696638803,66
-0.9050180299573054,-0.2472234979988468,66
-0.9180936150914444,-0.20662995745437723,66
-0.8323532790316451,-0.29267831069360617,66
1.19050625968728,1.4614591762286127,14
1.2782149626012635,1.2756950337024577,14
1.1248963012932927,1.422053075574075,14
1.0862982278124282,1.2816945835890008,14
1.0720444546250567,1.2582285164277978,14
1.1285606177890626,1.1076322860719585,14
1.0724737056373248,1.4141169175427577,14
1.1641053447145477,1.3639815659660364,14
1.0810470294812173,1.3191562154185346,14
1.0688270959845951,1.1310164848272874,14
1.1905062596872817,1.4614591762286129,14
1.2782149626012635,1.2756950337024573,14
1.1248963012932918,1.422053075574076,14
1.0862982278124287,1.2816945835890021,14
1.072044454625057,1.258228516427798,14
1.1285606177890635,1.1076322860719585,14
1.0724737056373244,1.4141169175427588,14
1.1641053447145484,1.3639815659660377,14
1.081047029481218,1.3191562154185335,14
1.0688270959845978,1.1310164848272881,14
-0.9621797277287276,-0.8778753270824666,65
-0.991019331016141,-0.9542731071942612,65
-1.0234659775214052,-0.9090885414546397,65
-0.9602001991793739,-0.9363923019350916,65
-0.9621797277287291,-0.8778753270824671,65
-0.9910193310161421,-0.9542731071942582,65
-1.0234659775214052,-0.9090885414546402,65
-0.9602001991793749,-0.9363923019350889,65
1.950911511841633,2.27270788027304,0
1.8644691592976494,2.1620040241374263,0
1.8863143168621626,2.132556243200875,0
1.8772890370901447,2.142869362773015,0
1.8878202888901727,2.0900725255739903,0
1.931177406515207,2.2933332996449134,0
1.8983116335213452,2.2589419504873516,0
1.8964147468980252,2.2228448470744224,0
1.8663263958759673,2.24793898817349,0
1.889862989608475,2.1644714182157454,0
-1.005094371933567,-1.336967739053091,65
-0.9896667364728116,-0.9376649256504823,65
-0.9782908919798148,-0.8714681114273488,65
-0.9702706758000105,-0.7712941071764586,65
-0.9308574924442672,-0.7933557525525241,65
-1.0050943716050846,-1.3369677399466386,65
-0.9896667364728111,-0.9376649256504836,65
-0.978290891979814,-0.8714681114273473,65
-0.9702706758000105,-0.7712941071764589,65
-0.9308574924442672,-0.7933557525525244,65
1.9957599169858145,-1.6347789588442636,43
2.1067225865015065,-1.5179352866275178,43
2.1379105834704846,-1.6302407301288002,43
1.9956839010483522,-1.51443527229636,43
1.9957599169858216,-1.634778958844262,43
2.106722586501507,-1.5179352866275193,43
2.1379105834704806,-1.6302407301287969,43
1.995683901048357,-1.5144352722963617,43
1.3474055002380676,-2.9633029229417263,51
1.4749475941719956,-2.636958330054122,51
1.4115246416297553,-2.752880603017628,51
1.5941669259857563,-2.6915955549989365,51
1.4488129185468532,-3.040728907754873,51
1.4839386015800018,-2.6635664626880198,51
1.5638316342128848,-2.4796679442086926,51
1.5979138505754358,-2.4963912289779926,51
1.623342024403198,-2.4891793158638453,51
1.5952261283385427,-2.73759742731601,51
2.0832889368837355,-1.6040113275525032,43
1.9801930759903565,-1.5961908474805495,43
2.0693522784737928,-1.5026794501934857,43
2.1316138353204725,-1.6427714744679793,43
2.021887363249868,-1.597743099452637,43
2.083288936883747,-1.60401132755251,43
1.980193075990356,-1.5961908474805486,43
2.069352278473792,-1.5026794501934855,43
2.131613835320474,-1.64277147446798,43
2.021887363249868,-1.5977430994526371,43
2.2660078155672054,-1.6856593228345598,43
2.108177308186935,-1.676246778938588,43
2.174054442216913,-1.5216066222975928,43
2.354321557994481,-1.6886344553866537,43
2.2054731909791547,-1.6091649275455233,43
2.2660078155672054,-1.6856593228345602,43
2.108177308186936,-1.6762467789385864,43
2.1740544422169137,-1.5216066222975921,43
2.354321557994482,-1.6886344553866564,43
2.2054731909791547,-1.6091649275455242,43
1.4744213065906886,-2.812296718681547,51
1.5608087771108647,-2.866175317471772,51
1.4222669132859669,-2.7229181780353957,51
1.6859034363644603,-2.614906195638295,51
1.461302015998009,-2.5675245889080314,51
1.7018316743561022,-2.537454738940234,51
1.354938810854358,-2.7150871369134713,51
1.8077722219931105,-2.6972337142166176,51
1.594497452296636,-2.701251328198471,51
1.762012132931586,-2.705672909246367,51
1.4744213065743246,-2.8122967186904657,51
1.5608087771912156,-2.8661753174286213,51
1.4222669132261228,-2.72291817806948,51
1.6859034364817156,-2.6149061955519164,51
1.4613020154733047,-2.567524589268897,51
1.7018316743231332,-2.537454738966335,51
1.3549388108141402,-2.7150871369358147,51
1.8077722219975456,-2.6972337142133953,51
1.594497452222444,-2.7012513282448483,51
1.7620121328980805,-2.7056729092701755,51
-1.304966902935205,-0.7208792360849481,62
-1.2534297538104868,-0.766795115466701,62
-1.3269246011431064,-0.7110249591741025,62
-1.2853296936103131,-0.7217943760714707,62
-1.3049669029228537,-0.7208792361185108,62
-1.2534297538103993,-0.7667951154669366,62
-1.3269246011558848,-0.7110249591432645,62
-1.2853296936127432,-0.7217943760645666,62
1.4011659909058527,0.3673205834699855,5
1.3761742666934071,0.2702584281235542,5
1.4231122302220347,0.31850986944201126,5
1.384580704239231,0.3201042114955998,5
1.434729856930263,0.3075627176757976,5
1.411539904968887,0.3587742847313115,5
1.3349172815189179,0.35479909037942625,5
1.3369298537840462,0.2989044627668629,5
1.3527394938955788,0.3750732958255848,5
1.418606106498529,0.30833785401028374,5
-1.127217811755681,-0.8726061422834713,62
-1.288527667636158,-0.9020838011703326,62
-1.2530719030385473,-0.8140155930770523,62
-1.300842636279338,-0.6444036661549748,62
-1.1971420881394914,-0.7850726221726022,62
-1.1272178117556244,-0.8726061422836414,62
-1.288527667634064,-0.9020838011753308,62
-1.25307190303787,-0.8140155930788129,62
-1.3008426362789753,-0.6444036661559807,62
-1.1971420881392503,-0.7850726221731235,62
-1.1260353569821615,-0.857187599848328,62
-1.3558040724634435,-0.6216827425885417,62
-1.2395183261081746,-0.7092556644333238,62
-1.2703366571442198,-0.6687171291523833,62
-1.2200261012020934,-0.7757535662291422,62
-1.1260353569819952,-0.8571875998488444,62
-1.3558040724644695,-0.6216827425855523,62
-1.2395183261095586,-0.7092556644287876,62
-1.2703366571466095,-0.6687171291450612,62
-1.2200261012009497,-0.77575356623219,62
1.3429474725084378,0.40839347935942977,5
1.3809227608918953,0.3462517764139265,5
1.3604581786024883,0.3615814338976073,5
1.1699294693958655,0.32769055349586423,5
1.4023688953290334,0.3083207403194629,5
1.325310900962151,0.21364786558015358,5
1.4816038962034137,0.3409178461668176,5
1.4733042068153763,0.40725443579991544,5
1.3251446158839812,0.3202462472451538,5
1.250625405361973,0.2794174788112363,5
1.3429474725084378,0.40839347935942955,5
1.3809227608918946,0.34625177641392607,5
1.3604581786024883,0.36158143389760733,5
1.1699294693958677,0.3276905534958625,5
1.4023688953290334,0.30832074031946277,5
1.3253109009621518,0.21364786558015358,5
1.4816038962034117,0.3409178461668179,5
1.4733042068153754,0.40725443579991527,5
1.325144615883982,0.3202462472451538,5
1.250625405361972,0.2794174788112365,5
-1.2381134700400214,-1.4199787737400384,61
-1.1780897719143917,-1.4023585620946928,61
-1.223693277284458,-1.3634106657194243,61
-1.1393857067293003,-1.447262217902453,61
-1.2381134700402765,-1.4199787737396168,61
-1.1780897719143943,-1.4023585620946923,61
-1.223693277284387,-1.363410665719554,61
-1.1393857067292927,-1.4472622179024681,61
2.08306544866598,0.4945079074479191,3
1.93491392936082,0.4644224088223248,3
2.0210189662530045,0.4632812851563579,3
1.9684499632181336,0.513378625240108,3
1.9813379340225459,0.5087465389805718,3
2.0689711994113837,0.51017689160623,3
1.953247238924583,0.5519947570090039,3
1.9869383923849733,0.4495096932778342,3
1.975097145513818,0.569432275222813,3
1.9711930317048778,0.5181626943893096,3
-1.1592633411833342,-1.4762000963228423,61
-1.219251909250195,-1.4749966479940007,61
-1.2075169643497885,-1.406804627689828,61
-1.209665930612318,-1.316089476899513,61
-1.139598832454296,-1.4261246986745328,61
-1.1592633411833557,-1.476200096322808,61
-1.2192519092500562,-1.4749966479942225,61
-1.207516964349797,-1.406804627689811,61
-1.2096659306123967,-1.316089476899364,61
-1.1395988324543052,-1.4261246986745215,61
-2.1535694469586475,0.9829736518221771,68
-2.128509099156628,0.9281842880815012,68
-2.148327535883184,1.0065538130955958,68
-2.1666775776346636,0.9585294523207045,68
-2.1535694469586493,0.9829736518221769,68
-2.1285090991566253,0.9281842880815028,68
-2.148327535883184,1.0065538130955967,68
-2.166677577634663,0.9585294523207043,68
0.18345826566551304,1.4686251160843307,10
0.12348745718428916,1.3374045174982416,10
0.1771896575191933,1.38387991352906,10
0.14283779852166306,1.4004603041161467,10
0.2091259005091219,1.4000531050043103,10
0.25690948339987923,1.554062612424416,10
0.2010424718657606,1.467099075220013,10
0.2232213142882181,1.4283979484874796,10
0.17315227624084645,1.5232513652756736,10
0.25854447889940685,1.4972899105940578,10
-1.8882120889822116,0.6648390694910844,68
-2.1036318750159215,0.9251579527660978,68
-2.142766376425974,0.9582064664987852,68
-2.0627894868874157,0.9955049990444231,68
-2.0281139089019056,0.8556798046850757,68
-1.8882120889822107,0.6648390694910846,68
-2.1036318750159206,0.9251579527660975,68
-2.1427663764259752,0.9582064664987858,68
-2.0627894868874144,0.9955049990444239,68
-2.0281139089019047,0.8556798046850751,68
-1.8219204545513643,0.6396096929958109,68
-2.0273291220215306,0.8982545924964657,68
-2.04541156231756,0.8613040065742265,68
-1.8822627230788664,0.8353119006506385,68
-1.966802033119052,0.7899228117708149,68
-1.8219204545513639,0.6396096929958104,68
-2.0273291220215324,0.898254592496466,68
-2.0454115623175597,0.8613040065742263,68
-1.8822627230788669,0.8353119006506385,68
-1.9668020331190523,0.7899228117708145,68
0.1661933534189931,1.554807629881344,10
0.24246159719993726,1.3718519625728007,10
0.1269511996010419,1.5634399200410145,10
0.05586476950617184,1.5352627869856204,10
0.1545658444819828,1.388512983622475,10
0.13557037799042343,1.3013180847374213,10
0.21796285261185458,1.5528469046549702,10
0.16045833688068964,1.5943160555143736,10
0.14551166260481382,1.4382179129557222,10
0.11245874083902603,1.322304135582563,10
0.16619335341899516,1.5548076298813447,10
0.24246159719993607,1.3718519625728016,10
0.12695119960097942,1.5634399200410078,10
0.05586476962251384,1.5352627869971829,10
0.1545658444819808,1.3885129836224739,10
0.13557037799054833,1.3013180847374122,10
0.21796285261185486,1.5528469046549693,10
0.16045833688063998,1.5943160555143714,10
0.14551166260477463,1.4382179129557178,10
0.11245874083901965,1.3223041355825615,10
-1.7180709981704003,0.1676177234513545,67
-1.7086096995049442,0.1644794718769411,67
-1.7207632632979413,0.19934573978851675,67
-1.7166467172293105,0.1755473828635497,67
-1.718070998170398,0.1676177234513546,67
-1.7086096995049418,0.16447947187694315,67
-1.7207632632979413,0.1993457397885162,67
-1.7166467172293072,0.17554738286354446,67
1.35179289341178,2.1124107386374544,1
1.2883671321139047,2.121536602565102,1
1.33159549197164,2.1305685498395754,1
1.3124714996616114,2.2043776406505753,1
1.3182990314484657,2.1865812697549742,1
1.393331009579524,2.3055999191218013,1
1.3347911085259567,2.2561054505678415,1
1.3885467151034148,2.201423800259151,1
1.3164911229002854,2.3840850896108856,1
1.336224794152181,2.278578413706813,1
-1.5285400169289012,0.03592033347198566,67
-1.7102702276097492,0.09438146639805937,67
-1.7272874459187764,0.19438770121099702,67
-1.7299037678366873,0.23475766130613304,67
-1.6733620309934656,0.16320354701361875,67
-1.528540016928902,0.03592033347198581,67
-1.7102702276097492,0.09438146639805946,67
-1.7272874459187775,0.19438770121100574,67
-1.729903767836688,0.23475766130613335,67
-1.673362030993465,0.16320354701361883,67
-0.9979412017860778,-0.5857564598523337,64
-0.998796122708964,-0.6239770421689321,64
-1.0651158387854192,-0.5926236488971113,64
-0.9818919037406625,-0.6085541942689311,64
-0.9979412017860776,-0.5857564598523338,64
-0.9987961227089672,-0.6239770421689274,64
-1.0651158387854427,-0.5926236488970479,64
-0.981891903740662,-0.6085541942689315,64
1.5555171101171208,1.042267676466043,12
1.5211973731449469,0.9042206029739684,12
1.5651629725197267,0.9735107845539723,12
1.5208024823542818,0.9386713427939368,12
1.554894521746204,0.9707270730810788,12
1.5355864658512939,1.028159656254728,12
1.5320617286155054,0.9935217248462248,12
1.5547319322384132,0.934950741365806,12
1.5152479296356471,1.001544857918761,12
1.5402545609512472,0.9645298205058171,12
-0.8748391903702021,-0.5440821134316052,64
-0.9555285977027272,-0.6038132844034352,64
-0.9562865637275515,-0.6234929548371122,64
-1.0102805537498019,-0.4856260541453302,64
-0.928792951689541,-0.6146891189041918,64
-0.8748391903702011,-0.5440821134316052,64
-0.9555285977027272,-0.6038132844034355,64
-0.9562865637275519,-0.623492954837112,64
-1.0102805537498043,-0.48562605414532567,64
-0.9287929516895419,-0.6146891189041916,64
-0.8848101689542692,-0.4982411002129232,64
-1.0926706310715497,-0.4997498839102116,64
-0.9904699560247107,-0.5584738309987868,64
-1.0705762715761682,-0.4836221557431219,64
-0.9588490211789161,-0.6366804011832164,64
-0.8848101689542703,-0.4982411002129236,64
-1.0926706310715457,-0.49974988391022174,64
-0.9904699560246597,-0.5584738309989246,64
-1.0705762715763585,-0.48362215574243334,64
-0.9588490211789166,-0.6366804011832172,64
1.5126239425671835,1.0457685075601868,12
1.6105551202226502,0.9313609693356449,12
1.5513513704521218,0.9947095860499999,12
1.4146023206452165,0.8875454382209341,12
1.6249715397568747,0.9183372681639399,12
1.522043475309721,0.7646945523002658,12
1.649413232167072,1.021516453839348,12
1.641552195588265,1.1422369048015797,12
1.448654346364339,0.8761256130736165,12
1.4487009882637392,0.7800430071481697,12
1.5126239425671841,1.045768507560187,12
1.6105551202226476,0.9313609693356506,12
1.5513513704521218,0.9947095860499996,12
1.414602320645215,0.8875454382209342,12
1.6249715397568756,0.9183372681639387,12
1.5220434753097218,0.7646945523002672,12
1.6494132321670711,1.0215164538393477,12
1.6415521955882633,1.1422369048015828,12
1.4486543463643393,0.8761256130736165,12
1.4487009882637378,0.7800430071481685,12
-1.1082039509554527,-1.3925118263933993,63
-1.0751282016173702,-1.3741594019023826,63
-1.1293230191557726,-1.4404348124822146,63
-1.0608894135372169,-1.3094085285132928,63
-1.1082039509555064,-1.3925118263932987,63
-1.07512820161735,-1.374159401902427,63
-1.129323019157052,-1.4404348124795927,63
-1.0608894135372233,-1.3094085285132768,63
2.1272760921984943,1.5740743847234535,4
2.01380434425453,1.4508985389818712,4
2.0246436611147556,1.44140627529643,4
2.056921687308633,1.4631100952876221,4
2.0457415965772934,1.4898481920092774,4
2.07102486787296,1.497145311856693,4
1.973318947184987,1.5616933521905818,4
1.9905992106829353,1.3983705833398379,4
1.971626462327349,1.5497567826700172,4
1.944906487796876,1.4888775518714041,4
-1.0247660997395904,-1.1642780778229265,63
-1.133262406483425,-1.3885168211907706,63
-1.1098956245190315,-1.4589152239999876,63
-1.1451418139418408,-1.387118969087826,63
-1.0847126809774017,-1.3770139720895958,63
-1.0247660997396173,-1.1642780778228559,63
-1.1332624064834376,-1.3885168211907473,63
-1.1098956245185152,-1.4589152240010903,63
-1.1451418139369736,-1.3871189690962251,63
-1.0847126809774195,-1.3770139720895624,63
-1.4546031577524747,0.29339823332734344,66
-1.4143023118775524,0.28114106829723745,66
-1.479023265157743,0.339314854750857,66
-1.4534253024245394,0.3235273345217139,66
-1.4546031577524754,0.29339823332734366,66
-1.4143023118775513,0.28114106829723784,66
-1.4790232651577429,0.33931485475085726,66
-1.453425302424539,0.3235273345217142,66
0.7736112156714481,1.8252222094617894,12
0.7001093440186427,1.7162959079014735,12
0.7467541987776802,1.7267427482747177,12
0.7095031883139419,1.7251474035538488,12
0.754261110994169,1.795147286240687,12
0.7766380254731025,1.8856319167839588,12
0.6804693906977716,1.8174870376396992,12
0.7497412981728655,1.7608364091794118,12
0.6330819844965286,1.824431544637052,12
0.716699756366658,1.8329188037319692,12
-1.3535889233522795,0.1438701640329942,66
-1.4026354410955062,0.2816053863984747,66
-1.473098115903525,0.3198338080088644,66
-1.4434263156264948,0.38058265034597255,66
-1.4576128279754998,0.34034935355545326,66
-1.3535889233522795,0.14387016403299424,66
-1.402635441095506,0.2816053863984746,66
-1.4730981159035232,0.3198338080088642,66
-1.4434263156264946,0.38058265034597255,66
-1.4576128279755012,0.34034935355545287,66
-1.3681808727114535,0.1802740310055136,66
-1.6498558600244722,0.4172420552040323,66
-1.5637223348705023,0.3976902761179432,66
-1.5689046576890444,0.4304410863590363,66
-1.495937104282726,0.32604343885566406,66
-1.3681808727114535,0.18027403100551342,66
-1.6498558600244715,0.41724205520404156,66
-1.5637223348705016,0.3976902761179436,66
-1.5689046576890433,0.4304410863590352,66
-1.495937104282724,0.32604343885566417,66
0.748336221194207,1.870900728377035,12
0.78986402958573,1.7019080475688724,12
0.7188428392800004,1.8779591146565369,12
0.5744846231175452,1.683025374564712,12
0.7010895578821421,1.6943382624716028,12
0.6210187871776802,1.5222269349821038,12
0.7757268028927754,1.858559888063167,12
0.6920023126122018,1.9218668347132872,12
0.6564403677107409,1.6882041401198158,12
0.5487062503318864,1.533504867241509,12
0.7483362211941827,1.8709007283770334,12
0.7898640295857319,1.7019080475688708,12
0.718842839280035,1.877959114656542,12
0.5744846231175537,1.6830253745647124,12
0.7010895578821402,1.6943382624716021,12
0.6210187871777038,1.5222269349821025,12
0.7757268028927613,1.8585598880631673,12
0.6920023126123005,1.9218668347132892,12
0.6564403677107405,1.688204140119817,12
0.5487062503318861,1.533504867241509,12
-1.3214911513369227,-0.19111836857002693,65
-1.2947252621416898,-0.18873029828634832,65
-1.3273978015687875,-0.21952439421962192,65
-1.3025805391723455,-0.19684854756755116,65
-1.3214911513369236,-0.1911183685700277,65
-1.294725262141688,-0.18873029828634813,65
-1.327397801568786,-0.21952439421962178,65
-1.3025805391723455,-0.19684854756755132,65
1.5150803680281255,2.3778797940653846,0
1.4739776239686622,2.362320714095499,0
1.4684424732854227,2.306419640195711,0
1.488078868440234,2.3848324021034983,0
1.4791384204941307,2.3736542121836006,0
1.5262111301970125,2.4257908932939327,0
1.4505886590518167,2.463691599867926,0
1.4911380679004376,2.374304903189161,0
1.4353055385797724,2.493294957088226,0
1.4425973120868891,2.43102483215748,0
-1.2847521813967249,-0.30228122114016204,65
-1.2997371508018538,-0.30052588661302243,65
-1.3135083467842386,-0.2193004809900012,65
-1.3210661530792638,-0.19306768328830712,65
-1.2580605751161087,-0.23681710065689623,65
-1.284752181396722,-0.3022812211401613,65
-1.299737150801855,-0.3005258866130224,65
-1.313508346784238,-0.219300480990001,65
-1.3210661530792636,-0.1930676832883063,65
-1.2580605751161082,-0.2368171006568962,65
1.9903282550117583,-1.23700855237483,44
2.1722858687288507,-1.216149227640169,44
2.148525176290005,-1.2319946540510864,44
2.037910474848019,-1.1873784663913611,44
1.9903282550117576,-1.2370085523748309,44
2.1722858687288498,-1.216149227640168,44
2.1485251762900037,-1.2319946540510862,44
2.0379104748480197,-1.187378466391361,44
1.4149657495507233,-2.94488666807268,52
1.596560508371932,-2.581744482846665,52
1.4681225398202633,-2.7166232061786175,52
1.7327978600658547,-2.654538476250352,52
1.4791184553584669,-2.9805526202434938,52
1.529250538212979,-2.6567291313846195,52
1.7098370434948889,-2.371671320008372,52
1.6491690255595115,-2.3798529234723635,52
1.785409751576674,-2.372631789398657,52
1.6621172507788535,-2.6043052931145696,52
2.2357434169000903,-1.2370396973725257,44
1.99162628424648,-1.1968507011237237,44
2.102808243533555,-1.1541464594168298,44
2.0885079011164502,-1.179058077784606,44
1.96338832242664,-1.1433584100880094,44
2.235743416900091,-1.2370396973725255,44
1.9916262842464816,-1.196850701123723,44
2.102808243533556,-1.1541464594168294,44
2.088507901116451,-1.179058077784606,44
1.96338832242664,-1.1433584100880096,44
2.3432880062273282,-1.1803343378606863,44
2.131890357874357,-1.2209686692668325,44
2.362920884028158,-1.190691435974296,44
2.512083718676802,-1.259621398746915,44
2.1946609152768906,-1.1383134386907805,44
2.343288006227329,-1.1803343378606859,44
2.131890357874357,-1.2209686692668325,44
2.3629208840281595,-1.1906914359742955,44
2.5120837186768026,-1.259621398746915,44
2.1946609152768906,-1.1383134386907807,44
1.4862031793774664,-2.6524504431049434,52
1.4875697590149506,-2.875345046490459,52
1.4510235207907878,-2.5063223298602075,52
1.6177227457368608,-2.6001264076988595,52
1.5341034082975693,-2.3747496172705893,52
1.664682123788405,-2.525679802429157,52
1.4725911457978484,-2.4195631777457995,52
1.744307475054839,-2.5937122947654783,52
1.6292225888161767,-2.572378174150235,52
1.7118053108371456,-2.67588246587261,52
1.4862031796539028,-2.6524504429359466,52
1.4875697601460054,-2.875345045909394,52
1.45102352074248,-2.5063223298941275,52
1.6177227459128185,-2.600126407577418,52
1.534103406898484,-2.3747496184434196,52
1.6646821239159086,-2.525679802331028,52
1.4725911473357305,-2.4195631765893792,52
1.7443074748218657,-2.593712294947271,52
1.629222589058772,-2.5723781739725466,52
1.7118053108501652,-2.6758824658637455,52
0.10882703379837348,-1.9898604592100182,56
0.1560425218973576,-1.8636726539702424,56
-0.011268815917818566,-2.032503708480812,56
0.14405859266838772,-1.8436141682561633,56
0.10882703379851982,-1.9898604592099047,56
0.1560425218973621,-1.8636726539702408,56
-0.011268815917828506,-2.032503708480822,56
0.14405859266838486,-1.8436141682561689,56
2.592461154593165,0.36498089478302276,8
2.6378451965557095,0.24695341319244202,8
2.646896692678668,0.3003628864421378,8
2.657840301657335,0.2872547851681134,8
2.687648684234396,0.28010720678935985,8
2.561412189736332,0.3164063051807887,8
2.6826256265705606,0.28227650574851043,8
2.5522274815627277,0.23891732887712075,8
2.6562032683860552,0.30654099580171884,8
2.67309861481818,0.23237932015384596,8
0.09753250274770475,-2.1989785501519346,56
-0.08274328001299074,-2.1184316155870135,56
0.038055230427929285,-1.9055430359139798,56
-0.06246405175712026,-2.063407461531503,56
-0.02413034469289225,-1.9779994899855509,56
0.09753250279036721,-2.1989785501218004,56
-0.08274328001299153,-2.1184316155870135,56
0.038055230427936584,-1.905543035913975,56
-0.06246405175713299,-2.0634074615315154,56
-0.02413034469289398,-1.9779994899855518,56
0.1906622622217606,-2.016572374974655,56
-0.13545203177192566,-2.061846227783759,56
0.08911348845269564,-1.8002603473384566,56
-0.09411039995720802,-2.0128538174453188,56
-0.05013022924478768,-2.0050936641853077,56
0.19066226222848975,-2.016572374968862,56
-0.13545203177193174,-2.0618462277837617,56
0.08911348845269845,-1.8002603473384517,56
-0.09411039995711153,-2.012853817445265,56
-0.050130229244786995,-2.0050936641853077,56
2.603388917786381,0.2896749678635428,8
2.835151709709893,0.26374510582225547,8
2.591884149467794,0.24364570971647878,8
2.6809131820808885,0.17902089179615058,8
2.5992810877425048,0.16748761000895182,8
2.7674409788413743,0.11920652559290668,8
2.7083266088033104,0.20659817495878802,8
2.9512893817168324,0.29969140884187756,8
2.6604763448682176,0.19166481061267748,8
2.8079365701720858,0.15361529074581232,8
2.603388917786381,0.2896749678635427,8
2.835151709709893,0.26374510582225547,8
2.5918841494677936,0.2436457097164784,8
2.6809131820808894,0.17902089179615063,8
2.5992810877425065,0.1674876100089519,8
2.767440978841373,0.11920652559290673,8
2.708326608803313,0.20659817495878818,8
2.951289381716832,0.2996914088418779,8
2.6604763448682185,0.19166481061267743,8
2.807936570172088,0.1536152907458116,8
0.07281532141735086,-2.4216287617276486,55
0.0397784452584784,-2.4487118210461936,55
0.023911987947054177,-2.448493871921637,55
0.07866734197997031,-2.438955969125084,55
0.07281532141566414,-2.4216287617285452,55
0.03977844525836997,-2.448711821046248,55
0.02391198794705341,-2.4484938719216376,55
0.07866734197932636,-2.4389559691254443,55
3.2309904323696785,0.6916940494347925,2
3.2455297815092785,0.6319838954238434,2
3.2806856694154445,0.6740760553061174,2
3.3240840680521573,0.6856519896194804,2
3.2817107504173313,0.6764710884838904,2
3.232184589463509,0.7159861689000766,2
3.3419063419947093,0.728254322417605,2
3.2232977207323277,0.6515431629939986,2
3.341713254768046,0.7627340661958769,2
3.271228178686493,0.6830643897199933,2
0.036473617323221956,-2.4523881364585853,55
0.009168112977285033,-2.399583457360313,55
0.0003276364425459614,-2.4415800499232647,55
-0.012785728616246595,-2.5251875765605623,55
0.041101853813807744,-2.4125959281277005,55
0.036473617323274664,-2.4523881364585627,55
0.00916811297733494,-2.3995834573602925,55
0.0003276364425293998,-2.4415800499232723,55
-0.01278572861624394,-2.5251875765605605,55
0.04110185381380406,-2.412595928127703,55
-0.28082470041790814,-2.263948007898428,60
-0.33286261123548166,-2.407874066942317,60
-0.3005286222057295,-2.209101789859848,60
-0.3275900660786591,-2.3675892692616616,60
-0.2808247004179129,-2.2639480078984375,60
-0.3328626112354816,-2.4078740669423158,60
-0.30052862220572374,-2.209101789859834,60
-0.3275900660786591,-2.3675892692616616,60
2.0513659548374545,1.135818493669978,9
2.053864683177338,1.0653861792707777,9
2.0440375915017372,1.0324522604190078,9
1.9950715578392801,1.0792453982999313,9
2.0373075497716897,1.117764123573102,9
2.0590136617749066,1.2668963972146887,9
2.198859968758598,1.2499669464560157,9
2.0978884954020223,1.138334660094738,9
2.084478274769741,1.287376021776344,9
2.2419644333483433,1.1997331476993502,9
-0.24711643541728864,-2.296993247409893,60
-0.3242228840737853,-2.26868077725487,60
-0.3412757890371396,-2.2176756860840108,60
-0.26657172090536807,-2.0314195775280677,60
-0.32167028954503424,-2.203036020470305,60
-0.24711643541728834,-2.296993247409894,60
-0.3242228840737873,-2.268680777254875,60
-0.34127578903715255,-2.2176756860840414,60
-0.2665717209971367,-2.0314195777223705,60
-0.3216702895449894,-2.203036020470196,60
-0.18295557327325604,-2.016738924420787,60
-0.2065702842643575,-1.7890501156520775,60
-0.21721022287280098,-1.8743774414520005,60
-0.17429706447640325,-1.681226072473714,60
-0.21938066819545157,-1.8665766600943507,60
-0.18295556972126648,-2.016738919194865,60
-0.20657027050623775,-1.7890500873977804,60
-0.2172102177703649,-1.8743774310465144,60
-0.17429702091431015,-1.681225992600691,60
-0.2193806680373494,-1.8665766597703446,60
2.27208183097486,1.1918441103973854,9
2.358265704845797,0.9572631938470431,9
2.1672675178005942,1.1349765523631525,9
2.221680663747871,1.0481855299865321,9
2.195737255508247,0.8930468834212001,9
2.3666794213950255,0.8143381094672557,9
2.216268949201773,1.0079406001645008,9
2.3151845016950685,1.1739870796607663,9
2.301827344935686,1.0078188516682989,9
2.260454832768359,0.8766374474065971,9
2.2720818311061954,1.1918441099879828,9
2.358265713995279,0.957263157153441,9
2.1672675178024243,1.1349765523560622,9
2.221680667403464,1.0481855179890494,9
2.195737258623379,0.8930468700451412,9
2.3666794202194708,0.8143381139661511,9
2.2162689462089946,1.0079406107643654,9
2.315184487895133,1.1739871126456363,9
2.3018273760897285,1.0078187430849406,9
2.2604548324456086,0.8766374488349163,9
0.0023512247014323283,-1.8416220935085987,59
0.00959774653937616,-2.061165889989103,59
-0.026820116436691233,-1.915796913851836,59
0.03245512215528808,-2.020076548453927,59
0.0023512280566848807,-1.8416220902489417,59
0.009597718805210056,-2.0611659078967706,59
-0.026820116567147678,-1.9157969139605384,59
0.03245514104539026,-2.0200765364487214,59
2.778735048508333,1.72792684702033,1
2.754409516382818,1.7581815111952936,1
2.782841637014199,1.8021665362278252,1
2.767397791631208,1.8167149205983109,1
2.737328309654549,1.8295836715822598,1
2.801172960531338,1.856641909265099,1
2.8433750240290045,1.875833055343888,1
2.785174506431558,1.8493344776189011,1
2.812376974984499,1.9590428795326937,1
2.812329817387234,1.918533538233323,1
-0.030393682847031984,-2.1198078759834402,59
-0.11312804141542902,-1.929894352897539,59
-0.057156131154440085,-2.055492168915215,59
-0.05934028737877953,-1.9331140722682583,59
-0.09915452238667112,-2.1342608587672607,59
-0.030393682858598323,-2.119807875991199,59
-0.11312804140966745,-1.9298943528912993,59
-0.057156131080044616,-2.0554921688602183,59
-0.059340287028784224,-1.9331140719344087,59
-0.09915452241852354,-2.134260858793646,59
0.2364635587220864,-2.2119265782388555,54
0.11967871465238614,-2.392755927754613,54
0.09204616262495789,-2.398275159303228,54
0.19022684950380975,-2.2914808114874208,54
0.23646355872211375,-2.2119265782388235,54
0.11967871465652252,-2.3927559277520114,54
0.09204616263622624,-2.398275159296284,54
0.19022684950144075,-2.2914808114898566,54
3.0835830362117997,0.942803008148167,8
3.08549943722284,0.9022806640035764,8
3.066680990636606,0.8948083145364942,8
3.099040887066887,0.9047368709082502,8
3.0412027792787266,0.8967015432939619,8
3.138244214695962,1.012214274417037,8
3.1564383971045142,1.0061860629108905,8
3.057055896070943,0.9341954452377932,8
3.116562486507936,1.025279478612968,8
3.0707311331564147,0.9240401283057676,8
0.1672453761460305,-2.4510809707293872,54
0.16167420261146848,-2.217387623933982,54
0.049628776342890465,-2.460327285337544,54
0.06653290641831384,-2.431724110969127,54
0.15175776901310797,-2.2516662729414194,54
0.16724537615438342,-2.4510809707229146,54
0.1616742026121707,-2.2173876239333548,54
0.049628776342156886,-2.460327285337952,54
0.06653290641603168,-2.4317241109704124,54
0.15175776901261515,-2.251666272941852,54
0.332415345214399,-2.1534011391031034,54
0.16437247080608056,-2.185186976288746,54
0.16336380188154898,-2.2874523878040907,54
-0.053026969217576,-2.5224156252734162,54
0.06706341063863262,-2.428778573734516,54
0.3324153452146629,-2.1534011391027583,54
0.16437247088411502,-2.1851869762180605,54
0.16336380188222693,-2.287452387803413,54
-0.0530269692175771,-2.522415625273416,54
0.06706341063972879,-2.428778573733905,54
3.1051567547267824,0.8744867342390982,8
3.1865172090878517,0.8336560605287151,8
3.048561680132444,0.8624446657897377,8
3.012671036746035,0.7656268750184037,8
3.151111165986599,0.7906955463372085,8
3.1225053095147315,0.71705195978702,8
3.264197940277981,0.8790156776855783,8
3.304866273257556,0.9348581486956399,8
3.0370158042459723,0.7838112032528846,8
3.1003084358442594,0.7416787151171074,8
3.10515675472684,0.8744867342387923,8
3.186517209087833,0.8336560605288151,8
3.048561680132447,0.8624446657897157,8
3.0126710367460436,0.7656268750183435,8
3.1511111659866184,0.7906955463370844,8
3.122505309514729,0.7170519597870261,8
3.2641979402781036,0.8790156776850249,8
3.304866273257379,0.9348581486963219,8
3.0370158042459408,0.7838112032531235,8
3.100308435844263,0.7416787151171071,8
0.021559676827473326,-2.8088993560999476,53
0.018004102212242995,-2.7434742751103944,53
-0.022626677583971255,-2.856882193493333,53
0.05268149207326304,-2.717962774644233,53
0.021559676827473423,-2.8088993560999476,53
0.01800410221224318,-2.7434742751103927,53
-0.022626677583971255,-2.856882193493334,53
0.05268149207326303,-2.7179627746442327,53
3.579735049540462,1.327280603146662,2
3.580616883767318,1.2625566547601768,2
3.5693380270861734,1.2844573084054844,2
3.6113679643502326,1.3087916612787176,2
3.5221901156923705,1.3152092228980203,2
3.6061434743219296,1.4033317237227556,2
3.6290765245694,1.3749018752108324,2
3.5375102245053647,1.3456829616004173,2
3.5969438180986213,1.4294669003428357,2
3.5338613916968513,1.346827879186888,2
0.020016856599499522,-2.9187095948432895,53
-0.014132594753103085,-2.7826632978864665,53
-0.002377991252469671,-2.822061826078526,53
-0.04014273582339548,-2.935768178805569,53
0.0001435130091031304,-2.7406374032323977,53
0.020016856599499293,-2.9187095948432904,53
-0.014132594753102943,-2.7826632978864656,53
-0.002377991252469856,-2.822061826078526,53
-0.04014273582339553,-2.935768178805568,53
0.00014351300910313495,-2.7406374032323972,53
-0.028896050997151985,-2.2494276861370586,58
-0.17420760352774206,-2.4953733874429114,58
-0.09487293193881871,-2.317469302384181,58
-0.14529272255412953,-2.413146920462169,58
-0.028897426761923785,-2.249428820081825,58
-0.1742076035277427,-2.4953733874429123,58
-0.09487293177554706,-2.317469302231458,58
-0.14529272255412956,-2.4131469204621703,58
2.4600125120012932,1.4460461612769473,13
2.4858782004880715,1.4369296907337499,13
2.4166216549035817,1.379893425466862,13
2.3906834719572325,1.4247837159213759,13
2.4199756252791693,1.4467121219717862,13
2.483979059785997,1.5543062043861158,13
2.6357041190886856,1.5631508381364339,13
2.4681550912454395,1.4524896519055444,13
2.48440989516029,1.544788180775401,13
2.596229366575324,1.4940319020222539,13
-0.09890509428012643,-2.373527833278162,58
0.03872803504580554,-2.0362115390719806,58
-0.1712675729952547,-2.3883265587589753,58
-0.03454574936180931,-2.17457292498236,58
-0.12638065014594843,-2.2898473745592653,58
-0.09890509428012818,-2.3735278332781635,58
0.03872803059610022,-2.0362115428576155,58
-0.17126757299525486,-2.3883265587589766,58
-0.034545732114714706,-2.1745729110996614,58
-0.12638065014627364,-2.2898473745596277,58
0.14972028529741516,-1.8871574049533903,58
0.03369893880961105,-1.949727666663587,58
-0.025556670696335746,-2.0953380035972686,58
0.014457963047716665,-2.0167309662240407,58
-0.0031758203243188563,-2.0293002090546697,58
0.14972028764674478,-1.8871574026692675,58
0.03369893880155291,-1.9497276666708085,58
-0.02555675416739765,-2.0953380663269616,58
0.014457923631094148,-2.0167310020370075,58
-0.003175823581213638,-2.029300212168752,58
2.656773111604142,1.498888791590106,13
2.760521915679342,1.319609179071572,13
2.5327994698869816,1.4725399933103012,13
2.4375198005513448,1.2991639816395224,13
2.6136672779320502,1.3331054094956898,13
2.596806070156651,1.1989020062931532,13
2.7081314658146756,1.4090882163282539,13
2.6740613836174205,1.4743251691902692,13
2.5823615394410804,1.3926421071123918,13
2.524879963018587,1.2706202698981024,13
2.656773111607623,1.4988887915831144,13
2.760521915697104,1.3196091790295672,13
2.5327994698735337,1.472539993335193,13
2.4375198005454735,1.2991639816525664,13
2.6136672779199217,1.3331054095230142,13
2.596806070159992,1.1989020062831806,13
2.7081314661347573,1.4090882156767488,13
2.6740613835024147,1.4743251694174748,13
2.58236153943916,1.3926421071163977,13
2.524879963036161,1.2706202698545295,13
-0.037775539955842284,-2.3018391925058226,57
-0.0775766679241573,-2.5754099432969206,57
-0.09955406500143793,-2.518823706670455,57
-0.05134744138037518,-2.4974594909022048,57
-0.037775539967238814,-2.3018391925158337,57
-0.0775766679241572,-2.57540994329692,57
-0.09955406500143825,-2.5188237066704535,57
-0.05134744138037465,-2.4974594909022043,57
3.19489587622244,1.968792531663646,0
3.192355107901998,1.95546636944477,0
3.174698768373764,1.9382555703191857,0
3.1774023880461306,1.9496542560631605,0
3.143812485741392,1.9877832449326849,0
3.210795000053352,2.1077575784143274,0
3.288270406300715,2.1198689542990747,0
3.1926572958638824,2.0844477540791,0
3.222361664122054,2.1426463246400083,0
3.2309944660712544,2.095082600646027,0
-0.0630595039086564,-2.583799646744573,57
-0.03191764152452352,-2.27203826708556,57
-0.057012755873063085,-2.602704925771764,57
-0.09721010973399095,-2.545470416921296,57
-0.07057351867036007,-2.5549636464861023,57
-0.0630595039086564,-2.5837996467445725,57
-0.0319176415121441,-2.2720382670751764,57
-0.05701275587306315,-2.602704925771764,57
-0.0972101097339909,-2.5454704169212956,57
-0.07057351867036021,-2.5549636464861036,57
2.6155579351808047,-1.7355637826072086,42
2.6845135365745696,-1.8492452705271334,42
2.6831218196120465,-1.8123419011829593,42
2.573240827219175,-1.8156891872224563,42
2.6155579351808003,-1.7355637826072163,42
2.684513536573324,-1.849245270529575,42
2.6831218196120505,-1.812341901182957,42
2.5732408272191987,-1.8156891872224064,42
0.6701989342189907,-4.279935865548114,46
0.7169483705264512,-4.110702699708866,46
0.6635836676323149,-4.238012056824884,46
0.8842623797574712,-4.1272575270865826,46
0.7483386670921794,-4.363388264960625,46
0.5220105499729693,-4.125346313774232,46
0.6375089003170277,-4.032466799321996,46
0.5606751594567743,-4.057202318901042,46
0.6902895284359041,-4.003278927443994,46
0.622370291507751,-4.1739452252459746,46
2.731952078279451,-1.9170816551051528,42
2.6745550902180435,-1.7733587245604276,42
2.678016159663108,-1.8105836719248027,42
2.6529945309807297,-1.7643542808569763,42
2.618106953062977,-1.825790530489511,42
2.7319520782785864,-1.917081655106701,42
2.674555090218048,-1.7733587245604185,42
2.678016159663102,-1.8105836719248194,42
2.652994530980732,-1.7643542808569725,42
2.6181069530631222,-1.8257905304892368,42
2.8442802846326773,-2.105030422820985,42
2.77869451125753,-1.9870692157478291,42
2.8031410745976566,-1.8827944920869768,42
2.9637690717028033,-1.99991638321634,42
2.805939824786516,-1.9824931902831675,42
2.8442802846321995,-2.1050304228216907,42
2.7786945112455674,-1.9870692157687773,42
2.8031410745976526,-1.882794492086984,42
2.963769071702735,-1.9999163832164566,42
2.8059398247898892,-1.9824931902775769,42
0.5168335817189326,-4.0068348358300545,46
0.7920962799673643,-4.104374530941569,46
0.44208711686174723,-3.947962935444001,46
0.793212071460758,-3.9819659373488454,46
0.40632055555664437,-4.053004707700973,46
0.7063555363250499,-3.9681292756437063,46
0.4096507881019942,-4.0758338375002685,46
0.8371276864997668,-4.122797032673167,46
0.557579101495647,-4.051956603723059,46
0.8522679294305409,-4.1792128738169065,46
0.5168336332855678,-4.006834830478484,46
0.7920964009888914,-4.104374511014452,46
0.4420871170277438,-3.9479629354270687,46
0.793212068132498,-3.9819659379000174,46
0.406320555978999,-4.053004707667475,46
0.7063555361775024,-3.968129275665909,46
0.40965077591935534,-4.075833838454936,46
0.8371276801925641,-4.122797033787425,46
0.557579279752605,-4.05195658369698,46
0.8522694067008005,-4.179212605898391,46
0.12491574077410703,-1.6489647792635618,56
0.13185486831102286,-1.682906079085296,56
0.05592232422992912,-1.629821268001283,56
0.13469154132625388,-1.680146891520946,56
0.12491574077410868,-1.6489647792635616,56
0.13185486831102275,-1.6829060790852968,56
0.05592232422992942,-1.6298212680012836,56
0.13469154132625397,-1.6801468915209454,56
2.6228888963644477,0.2742128013775537,8
2.64412021756296,0.1563479989708664,8
2.6573070936150214,0.2034131486141356,8
2.626246662957272,0.23037578341750764,8
2.652627910816209,0.20420666076987365,8
2.5728019344941835,0.2469492696086827,8
2.680273281138346,0.216402726936621,8
2.571849388090144,0.17761939807308516,8
2.619355212154667,0.2539374905617492,8
2.6549216932641113,0.17113298616475792,8
0.19217446580378877,-1.7944077041808346,56
-0.031850610955837584,-1.740172447463893,56
-0.020658269349044564,-1.6997659464380808,56
0.009798259053543418,-1.6554454992476915,56
-0.0013072830563239095,-1.7216232570194894,56
0.19217446580378464,-1.7944077041808393,56
-0.031850610955837744,-1.7401724474638949,56
-0.020658269349044623,-1.6997659464380808,56
0.009798259053543621,-1.655445499247691,56
-0.0013072830563240464,-1.721623257019489,56
0.30683779221998764,-1.694426024453041,56
-0.019655434670164562,-1.6068261598227707,56
0.0626421430696924,-1.505533199492528,56
0.00504630492651084,-1.536267304910144,56
-0.008496914258650472,-1.6147577173133292,56
0.3068377922200681,-1.6944260244529588,56
-0.01965543467016399,-1.6068261598227689,56
0.06264214306969289,-1.5055331994925274,56
0.00504630492651106,-1.5362673049101432,56
-0.00849691425865066,-1.6147577173133298,56
2.567706569553489,0.25318017884110394,8
2.6964601040439224,0.19766910928432815,8
2.5225520444154874,0.17815616944156842,8
2.5860013502966903,0.14083625427327182,8
2.599915668323931,0.11617144920421489,8
2.651088398092461,0.07301136421014336,8
2.6867688060495882,0.15762483799718444,8
2.787145661105422,0.2004313022070419,8
2.57227304020147,0.14818582250449364,8
2.726635475398381,0.11116960891748073,8
2.567706569553489,0.2531801788411039,8
2.696460104043921,0.19766910928432813,8
2.5225520444154874,0.17815616944156856,8
2.5860013502966903,0.14083625427327157,8
2.599915668323931,0.11617144920421481,8
2.651088398092461,0.073011364210143,8
2.68676880604959,0.15762483799718427,8
2.787145661105422,0.20043130220704097,8
2.57227304020147,0.14818582250449375,8
2.726635475398381,0.11116960891748079,8
0.18698746950576267,-2.3159477555847503,55
0.14595114785882868,-2.358285194225013,55
0.17387965854234708,-2.2801594971869883,55
0.17425062794375737,-2.350146745811861,55
0.18698746950512776,-2.3159477555852312,55
0.14595114785896496,-2.3582851942249206,55
0.17387965854255388,-2.280159497186836,55
0.17425062794375137,-2.3501467458118643,55
3.2389770143021583,0.5864520708545234,2
3.2109914781498445,0.5353395609351784,2
3.2499844817234664,0.5615960363076714,2
3.2600909015727524,0.5841313671754681,2
3.1817664757392663,0.554189109426099,2
3.216267565207427,0.625800662295109,2
3.2700026003575116,0.667807323134544,2
3.2239100814615718,0.5623141527027465,2
3.2572491070920906,0.6853502858347871,2
3.1819568140727585,0.5821885820384087,2
0.14021621343838195,-2.336576246985881,55
0.07717160336781309,-2.3353062013701384,55
0.11358397116500613,-2.339966447514186,55
0.16106561460409838,-2.3038447758164056,55
0.13912884245225016,-2.3146836425293404,55
0.14021621343748997,-2.3365762469864926,55
0.07717160336239798,-2.3353062013736112,55
0.11358397116551996,-2.3399664475138553,55
0.16106561460350402,-2.303844775816853,55
0.13912884245234283,-2.314683642529277,55
-0.18672185622075732,-1.7051576017237215,60
-0.2614168050361939,-1.9395499499800928,60
-0.22115814440122966,-1.6782893343105503,60
-0.2475003767652834,-1.8828261373994852,60
-0.18672184925063487,-1.705157587505359,60
-0.2614168052014594,-1.9395499503200218,60
-0.22115814759605662,-1.678289341116922,60
-0.24750037721034585,-1.8828261384553862,60
2.0678992254737105,1.1461208534918454,9
2.0653640180145354,1.093193500208334,9
2.087319761647335,1.0640509037990775,9
2.0384645500214678,1.1099104182526975,9
2.0509004188610556,1.0992168764570476,9
2.0470203693582922,1.291686400014521,9
2.1737345799956107,1.2629808440698713,9
2.0887659300007577,1.1772041550260783,9
2.1124556301029114,1.353337150000334,9
2.233418733116655,1.194922330234259,9
-0.16924684795006073,-1.8075241053504578,60
-0.2369285018378572,-1.6825563359850872,60
-0.27704248003352994,-1.7946581615887207,60
-0.16380630415877886,-1.4745950689378053,60
-0.26907858950034336,-1.7994949234028899,60
-0.16924684792722863,-1.8075241053090458,60
-0.23692850269396193,-1.6825563378910955,60
-0.27704248002932264,-1.7946581615781083,60
-0.16380631183937067,-1.4745950839853912,60
-0.26907858959846775,-1.7994949236511897,60
-0.030745595357186132,-1.4758418177762291,60
-0.0717830358972379,-1.2362576824042661,60
-0.12822212894452992,-1.4292780499802897,60
-0.06126139114347537,-0.9839643110051677,60
-0.13930604714722103,-1.4092177208318053,60
-0.030745603555989074,-1.4758418305420606,60
-0.07178303571884877,-1.2362576819008586,60
-0.12822212302853794,-1.4292780384007209,60
-0.06126139114737001,-0.9839643104639733,60
-0.13930604845436703,-1.4092177234129495,60
2.276107107234659,1.2840699797220791,9
2.384850280101368,1.0062113908394956,9
2.172122099503831,1.1597229739658546,9
2.259400627198976,1.0760107499625144,9
2.2763473124243028,0.9534176781424044,9
2.4268530411472238,0.8120220333651376,9
2.2095072071063298,1.0342770343374044,9
2.2566798557338625,1.2046352877235218,9
2.30295356877596,1.0515953592343767,9
2.3280205075516442,0.8888212308798308,9
2.2761071091291023,1.2840699744114383,9
2.3848502813327768,1.0062113865073816,9
2.1721220995319044,1.1597229738705728,9
2.2594005855862047,1.0760108612801071,9
2.276347372976252,0.9534174243633902,9
2.4268530403098905,0.8120220389320791,9
2.2095072049789266,1.0342770421150247,9
2.2566798608143257,1.2046352727055405,9
2.3029535895732445,1.0515952978409102,9
2.328020476864543,0.8888213543370025,9
0.008919723486485709,-1.6711012262298177,59
-0.05202179344350884,-1.8805265200249563,59
-0.021210893882641014,-1.6814284473013428,59
-0.05206894618859844,-1.8427196607816907,59
0.008919733325027867,-1.671101214962644,59
-0.05202179348272844,-1.8805265200638253,59
-0.02121089283998885,-1.681428446097133,59
-0.0520689461855773,-1.842719660778796,59
2.747289418556404,1.8160440816811991,1
2.742324615800414,1.862465542041886,1
2.7754529051244767,1.856880217126058,1
2.7166566247701507,1.8713214047875326,1
2.684159335049034,1.856484951941359,1
2.736400975770309,2.013266950772756,1
2.7957011293643403,2.031739545329518,1
2.789942887967856,2.023098001087281,1
2.7555433182440994,2.070544208904538,1
2.807400326140219,2.034988571558887,1
-0.031993192931159514,-1.9701722642653825,59
-0.06590263176125874,-1.7224268214232126,59
-0.09666740132214265,-1.884415340579608,59
0.025865864331163477,-1.5977994268544764,59
-0.044877799420927934,-1.7862006415376048,59
-0.031993192365501584,-1.9701722638195645,59
-0.06590263206250449,-1.7224268218202434,59
-0.09666740133161406,-1.8844153405901818,59
0.02586586219129011,-1.5977994295021452,59
-0.04487779934535972,-1.7862006414552867,59
0.35585110824060523,-1.8398756936069012,54
0.3088853555547388,-1.9933953949425702,54
0.3014539669348822,-1.8673013577637805,54
0.32985380053295843,-1.9367310809159002,54
0.35585110824059674,-1.8398756936069136,54
0.3088853555547514,-1.9933953949425578,54
0.30145396693487364,-1.8673013577637936,54
0.3298538005329533,-1.9367310809159082,54
3.095390221611834,0.8806697697061731,8
3.1076127640241076,0.8570264851311553,8
3.094040806240644,0.8805823241865995,8
3.110674118866752,0.8794024119115003,8
3.0250134321884197,0.8532525145637715,8
3.1035504268269096,0.9730502407937189,8
3.167586241714562,0.9849575315961423,8
3.048575998290045,0.9115771531139428,8
3.1090107007097636,1.0065175449687696,8
3.07219741025575,0.8833126429670777,8
0.3574889932868785,-2.056043569745089,54
0.2757681498913009,-1.7652907602602605,54
0.18203759014821597,-1.9995778015735597,54
0.28747969892906144,-1.8379263540370556,54
0.2647101461339687,-1.8942194531581753,54
0.3574889932846948,-2.0560435697478168,54
0.2757681498913025,-1.7652907602602577,54
0.18203759014821383,-1.9995778015735597,54
0.2874796989290716,-1.8379263540370443,54
0.26471014613393806,-1.894219453158213,54
0.5105117494784053,-1.6907644372986435,54
0.3315782337125925,-1.7225271841423224,54
0.3383468815308167,-1.7255884644221993,54
0.26962371902620214,-1.8564621126186125,54
0.2687138661685409,-1.8153489254928772,54
0.5105117494763501,-1.69076443730116,54
0.3315782337125823,-1.7225271841423386,54
0.3383468815306486,-1.7255884644224133,54
0.2696237190188397,-1.856462112627392,54
0.26871386616854126,-1.8153489254928754,54
3.128252548267573,0.888483797516882,8
3.093853917068142,0.8172967373349331,8
3.038701834821973,0.8222777522689367,8
2.9347446509054476,0.7309753209492894,8
3.1762964932661437,0.7766770138419544,8
3.0353080152528626,0.6762556729205835,8
3.252752144498379,0.8579330315708786,8
3.1821929222000156,0.9093983944755386,8
3.0283139328793043,0.7623583853714887,8
3.033017418972059,0.7046760234010857,8
3.1282525482674592,0.8884837975174363,8
3.093853917068106,0.817296737335119,8
3.0387018348219854,0.8222777522688807,8
2.934744650905446,0.7309753209492904,8
3.176296493266313,0.7766770138408549,8
3.0353080152528493,0.6762556729207502,8
3.252752144498091,0.8579330315722676,8
3.1821929222000698,0.909398394475312,8
3.0283139328793314,0.7623583853713018,8
3.033017418972064,0.7046760234010326,8
0.14272041790973558,-2.616988741406225,53
0.08405975176211387,-2.6086137592410976,53
0.07684001919598744,-2.6289259182247156,53
0.14347561202258338,-2.571623578299109,53
0.14272041790973558,-2.616988741406225,53
0.0840597517621139,-2.6086137592410976,53
0.07684001919598743,-2.628925918224716,53
0.14347561202258274,-2.5716235782991097,53
3.56011010055248,1.2631477662249042,2
3.589738742206943,1.2757717849608161,2
3.5698032992052586,1.2624371633758014,2
3.5991166026115753,1.2721608966200773,2
3.5037202243870005,1.2387570978416975,2
3.5467668187523778,1.3626846583312964,2
3.6114110948653497,1.3891878543854863,2
3.548989539920315,1.3312102283277074,2
3.5775051654516643,1.4071664472698597,2
3.524165058564541,1.3067760111830544,2
0.09307729528070062,-2.710839948406883,53
0.09240293234489537,-2.5761598807004984,53
0.0323473037328666,-2.6886897722209655,53
0.06573560533867322,-2.67507695357247,53
0.06130021966235423,-2.592397037006621,53
0.09307729528070034,-2.7108399484068837,53
0.09240293234489476,-2.576159880700499,53
0.03234730373286673,-2.6886897722209646,53
0.06573560533867315,-2.6750769535724697,53
0.06130021966235459,-2.59239703700662,53
0.20717719979509872,-1.6194330729637063,58
0.05380833391468646,-1.902281399956921,58
0.11242257132486348,-1.6700172201568906,58
0.07461688651526417,-1.7752457713718,58
0.20717719979691224,-1.6194330729610202,58
0.05380833365323827,-1.902281400199158,58
0.11242257132526993,-1.6700172201563466,58
0.07461688681862542,-1.775245771055407,58
2.4518225902285096,1.4179228977939722,13
2.42104867735005,1.4011479406518998,13
2.3911692867935317,1.362464733214877,13
2.362930120493843,1.3921211074537054,13
2.3626317159713346,1.404351993508819,13
2.4766167103917254,1.5461246350095257,13
2.5647818606936332,1.538930105221753,13
2.4200799253564163,1.4393622528166699,13
2.442593998498809,1.5495002870558976,13
2.531651134336033,1.4562918509087301,13
0.17770559964254112,-1.746142837495534,58
0.1381045301884931,-1.5240289622456396,58
-0.02550543784964448,-1.835288669777874,58
0.11941528998730037,-1.5389372406757968,58
0.01216641752926588,-1.8133531249695978,58
0.17770562835479586,-1.74614280539994,58
0.13810453018851798,-1.52402896224561,58
-0.025505437744705678,-1.8352886696683872,58
0.11941528998729928,-1.538937240675797,58
0.01216641752326747,-1.8133531249756139,58
0.22995548372676383,-1.377320518780905,58
0.11363978673800196,-1.4285272963177595,58
0.10035972624400916,-1.5169880991292035,58
0.1266156017366176,-1.353179828054683,58
0.08064606004019077,-1.4554421693424282,58
0.22995548372675811,-1.3773205187809145,58
0.11363978673789892,-1.428527296317891,58
0.10035972624500956,-1.5169880991279432,58
0.12661560173658482,-1.3531798280547305,58
0.08064606004038512,-1.4554421693421813,58
2.5966098729812868,1.524057393383737,13
2.694025243409289,1.3595745323966266,13
2.493896994488638,1.4591462007529974,13
2.3964868547444818,1.3498639100738516,13
2.5765625210067773,1.3633616746140371,13
2.56856351007758,1.2529425251214954,13
2.6112436893602693,1.4238601663673576,13
2.5707785805648955,1.49929922196712,13
2.511328779113553,1.3905364007485284,13
2.472650904023439,1.2791384983455434,13
2.59660987294967,1.524057393443873,13
2.694025243194752,1.3595745328805398,13
2.493896994485699,1.4591462007585723,13
2.396486854746698,1.3498639100692809,13
2.576562521031315,1.3633616745599288,13
2.5685635100727375,1.2529425251338069,13
2.6112436893558097,1.4238601663763684,13
2.5707785805645664,1.4992992219677488,13
2.5113287791247605,1.3905364007256118,13
2.4726509040128404,1.279138498369911,13
0.1117269961643711,-2.0571725807220913,57
-0.0007073945151466049,-2.2909656279006683,57
0.008596220728439831,-2.197353976080262,57
0.05046798760767867,-2.190421384644391,57
0.11172699626185273,-2.0571725806390937,57
-0.0007073963603939122,-2.2909656295161724,57
0.008596220463187384,-2.1973539762867498,57
0.05046798767978028,-2.1904213845910347,57
3.15509420352658,2.031615781607912,0
3.1247599253680334,2.0530073351670444,0
3.1218009123046064,2.0169355778872107,0
3.0829539209787544,2.027540129822589,0
3.0588898458622076,2.042389604055307,0
3.114042881756111,2.2266748859902146,0
3.1692771192142324,2.197784739252085,0
3.1376344010978534,2.153651653151297,0
3.0994753944968556,2.222083325838992,0
3.1468980029246327,2.1706460693510934,0
-0.029483419869719574,-2.440530561100768,57
0.07552978573679826,-2.023865290302422,57
-0.05676799356694955,-2.34838814746304,57
-0.014444193674901129,-2.248621687296071,57
-0.024228491278696623,-2.29815772434907,57
-0.029483419870445594,-2.440530561101135,57
0.07552978573589986,-2.0238652903032204,57
-0.05676799356739547,-2.348388147463406,57
-0.014444193583546483,-2.2486216872237508,57
-0.02422849141627856,-2.2981577244591174,57
2.5464228729351412,-1.7272460490617296,42
2.6070826855638503,-1.7560902651798833,42
2.6837946234678904,-1.839757402458602,42
2.4689430053893755,-1.6995677010867685,42
2.546422872935143,-1.7272460490617296,42
2.6070826855638525,-1.7560902651798769,42
2.6837946234678762,-1.8397574024586243,42
2.468943005389375,-1.6995677010867665,42
0.6655587480909287,-4.317218739934754,46
0.7177742398161122,-4.0949438965599265,46
0.6702914621694901,-4.229733616045909,46
0.8896038246653026,-4.062121846842865,46
0.7226320730052952,-4.328203698261741,46
0.49123671475073627,-4.141992621725258,46
0.6428256289552681,-3.9331494982161086,46
0.5884816854233053,-4.072580063042883,46
0.6686033753396579,-3.920490008157332,46
0.6625070968913822,-4.148379746650282,46
2.687754998882506,-2.003196332026089,42
2.6576912430728448,-1.7898366563567802,42
2.657353840908949,-1.8305314193680975,42
2.699389171235122,-1.8622004442309845,42
2.583886862766601,-1.8326488531259424,42
2.687754998885177,-2.003196332021628,42
2.657691243072847,-1.7898366563567767,42
2.6573538409089545,-1.8305314193680862,42
2.6993891712351012,-1.8622004442310156,42
2.5838868627666742,-1.8326488531257956,42
2.80209280268628,-2.146342418546417,42
2.751446813818666,-2.0618806235166103,42
2.7947048495156297,-1.9370345632017012,42
2.9824866374121712,-2.073159600814215,42
2.8194384082304786,-2.0483097405669506,42
2.802092802686297,-2.1463424185463964,42
2.7514468138174606,-2.0618806235183658,42
2.79470484951561,-1.9370345632017334,42
2.9824866374122863,-2.0731596008140203,42
2.819438408232071,-2.048309740564498,42
0.6100953417226767,-4.083388287028425,46
0.8188934742367624,-4.0132294090334275,46
0.4974903576333438,-3.968363985288692,46
0.860548214588114,-3.892967968050924,46
0.5019762151735657,-4.0833719120006595,46
0.8198620714025179,-3.9343306428571063,46
0.4865675568656779,-4.126282177645853,46
0.8706719364487311,-4.046280148517456,46
0.5832237769022671,-4.045894182281427,46
0.9378014419671723,-4.077305363596623,46
0.610095346170426,-4.083388286491117,46
0.8188935250864513,-4.013229400416314,46
0.4974903753447963,-3.968363983378877,46
0.8605489284977961,-3.892967834864734,46
0.5019762440800316,-4.083371909253078,46
0.8198618235754267,-3.9343306856657296,46
0.48656755655377554,-4.126282177673358,46
0.8706721184429982,-4.046280115229763,46
0.5832237555590053,-4.045894184776122,46
0.937801419960257,-4.077305368108674,46
-0.691707948760366,-1.289849260497983,62
-0.6762410985581677,-1.306429157236974,62
-0.6716646295376725,-1.170584532984042,62
-0.6824716227842279,-1.2620014915419644,62
-0.6917079487603658,-1.2898492604979814,62
-0.6762410985581676,-1.3064291572369737,62
-0.6716646295376723,-1.1705845329840425,62
-0.682471622784228,-1.262001491541965,62
2.136838856775466,0.5018525332733753,6
2.175051059920395,0.38885906031486905,6
2.2285876464170267,0.4187694881190485,6
2.204285078915563,0.41753383696825375,6
2.210389174143377,0.35320112729310277,6
2.0567151769348535,0.45779351090986015,6
2.150352380600454,0.4029231471975375,6
2.06776299574268,0.3916017067029392,6
2.12413459309431,0.40378057846170723,6
2.12146967932737,0.32689540285648194,6
-0.5787978525560833,-1.549734373757951,62
-0.7397116196503148,-1.2900915269536015,62
-0.7164445797296155,-1.2735978242072168,62
-0.6664599409979423,-1.0888198140107241,62
-0.6554809101748772,-1.1934752014731846,62
-0.5787978525560834,-1.5497343737579525,62
-0.7397116196503155,-1.290091526953602,62
-0.7164445797296164,-1.273597824207218,62
-0.6664599409979424,-1.0888198140107246,62
-0.6554809101748772,-1.193475201473184,62
-0.6182153044882724,-1.4637535511422453,62
-0.7453310210081419,-1.2725820018736875,62
-0.6817691586022403,-1.2635137195622217,62
-0.6517642605341201,-1.0974071492449013,62
-0.6848294928702422,-1.2654897277980872,62
-0.6182153044882727,-1.4637535511422448,62
-0.7453310210081423,-1.272582001873688,62
-0.681769158602241,-1.2635137195622197,62
-0.6517642605341201,-1.0974071492449013,62
-0.6848294928702422,-1.2654897277980857,62
2.065751632527125,0.3343677305356796,6
2.181788779524526,0.16949859022620703,6
2.065259054172135,0.3186127078925175,6
2.1324115823976797,0.17630127123278355,6
2.0877310070952877,0.21235927405804328,6
2.1055979633240356,0.06689614565028745,6
2.142891262889674,0.2591654714585031,6
2.241989615654995,0.1334449266382426,6
2.033635598330451,0.2453706567797269,6
2.142422758895311,0.06675391595179653,6
2.065751632527124,0.3343677305356793,6
2.181788779524524,0.16949859022620736,6
2.065259054172135,0.3186127078925175,6
2.1324115823976797,0.17630127123278347,6
2.0877310070952886,0.21235927405804308,6
2.105597963324036,0.0668961456502862,6
2.142891262889671,0.2591654714585027,6
2.241989615654996,0.1334449266382431,6
2.0336355983304513,0.2453706567797268,6
2.14242275889531,0.06675391595179644,6
-0.7431725856839166,-1.8569047910074024,61
-0.7147616781879508,-1.8912137098073305,61
-0.7240487862988495,-1.7288991141885215,61
-0.6568286305127153,-1.8443290328075985,61
-0.7431725856839169,-1.8569047910074037,61
-0.7147616781879499,-1.8912137098073298,61
-0.7240487862988493,-1.7288991141885213,61
-0.6568286305127158,-1.8443290328076003,61
2.6937072842737306,0.827091468892128,3
2.718540027462479,0.7914312637135217,3
2.750123029025368,0.8154746349194232,3
2.752511943939878,0.7754834081362229,3
2.6679214963133586,0.7460807456795024,3
2.6374030717097012,0.782510593424592,3
2.6505274672470813,0.8231140588017517,3
2.5957817573667157,0.7784128648101238,3
2.6638446360567873,0.8109684614703419,3
2.5890544212888944,0.7752004247691798,3
-0.7742639471555565,-1.9913900476962658,61
-0.779454004865872,-1.8066991687855831,61
-0.7387182852181153,-1.8110866865837363,61
-0.7276958562648402,-1.6917839757350295,61
-0.6727056922844855,-1.7057566428635729,61
-0.7742639471555566,-1.9913900476962656,61
-0.7794540048658718,-1.8066991687855836,61
-0.7387182852181159,-1.8110866865837367,61
-0.7276958562648398,-1.6917839757350304,61
-0.6727056922844851,-1.7057566428635713,61
-1.5885262305901655,0.22721514926960407,68
-1.6362277448234321,0.30041557764599275,68
-1.483569535081885,0.2732526953952054,68
-1.6101106632687974,0.3157429845836587,68
-1.588526230560935,0.22721514916876526,68
-1.636227736594042,0.30041554941519755,68
-1.4835695350547733,0.2732526953252864,68
-1.6101106632699682,0.31574298458787875,68
0.9939340885129239,1.4739657599728153,11
0.8452488087448959,1.3598417611228726,11
0.9584713369806466,1.36388724724384,11
0.9108738406795668,1.3952041668478308,11
0.9022351254567942,1.311828422554147,11
0.9558093645775951,1.5021626964391273,11
0.8767556545003697,1.471280854060687,11
0.8989921670365285,1.4145497195988503,11
0.8160278187419076,1.4655946903639874,11
0.825723606793262,1.3018238492268686,11
-1.2169153859830797,-0.6957091088700911,68
-1.5183637416386293,0.10181203103828591,68
-1.6226022708715377,0.2719894253461719,68
-1.3448102725873217,0.22734284533723056,68
-1.4191232426814084,0.14598258642417447,68
-1.21691181073009,-0.6957207657035145,68
-1.5183637417354605,0.10181203137105149,68
-1.6226022707468675,0.2719894249000429,68
-1.344810272615579,0.22734284539597208,68
-1.4191232426883322,0.14598258643919906,68
-1.2222914919802397,-0.3982198456159066,68
-1.339301856338969,0.0960972565452088,68
-1.5342033284969943,0.13624719757576698,68
-1.2789070968286038,0.15842424677845496,68
-1.352338209803544,0.04362543523287704,68
-1.222291474728367,-0.39821996135047344,68
-1.3393018563389927,0.09609725654525329,68
-1.5342033286817383,0.13624719821651166,68
-1.278907096828596,0.1584242467784445,68
-1.352338209802557,0.043625435230551915,68
0.9711654174322821,1.4036064358917506,11
1.0868070545636483,1.199730035007112,11
0.8467141012630243,1.3675835289644862,11
0.9442470855108789,1.2519597750022373,11
0.9129263159148225,1.1524612821002747,11
1.0085434726959182,1.0179946467014414,11
0.8427232799470806,1.243722199356635,11
0.9875634072225303,1.2999009437762552,11
0.9123377857673259,1.2801979567136665,11
0.9043797309102078,1.0420684648418612,11
0.9711654174322774,1.4036064358917528,11
1.0868070545636965,1.199730035007086,11
0.8467141012630245,1.3675835289644858,11
0.9442470855108935,1.2519597750022329,11
0.912926315914822,1.1524612821002744,11
1.0085434726959246,1.017994646701438,11
0.8427232799470802,1.2437221993566345,11
0.9875634072224947,1.2999009437762694,11
0.9123377857673247,1.2801979567136617,11
0.9043797309102066,1.0420684648418606,11
-1.059985165526451,-0.9435415150538683,67
-1.0266662505619268,-0.9826115885055096,67
-0.9936041082664779,-0.7708172438977599,67
-1.053256071912448,-1.061451908688913,67
-1.0599851655262205,-0.9435415150553007,67
-1.026666250573943,-0.982611588459928,67
-0.9936041082664909,-0.7708172438976593,67
-1.0532560720631934,-1.061451908252079,67
1.9419111377741562,2.189580549649508,1
1.860002435696768,2.142760895953168,1
1.9091519637200456,2.137174709940076,1
1.907962835269989,2.150947397481739,1
1.8512714829854844,2.092838667061343,1
1.971382547204099,2.3034643551576677,1
1.8959770421382067,2.3050196185327265,1
1.8961226123174708,2.2784821741046453,1
1.8964310145261116,2.3287946422397825,1
1.847559357430392,2.2623830145855113,1
-1.0734032794538495,-1.171908718478973,67
-1.157938887733607,-0.9301883662021929,67
-1.062812436735406,-0.9420493389244807,67
-1.0245352149992464,-0.6986799003879245,67
-1.0547803300606147,-0.893351810797878,67
-1.0734032794218697,-1.1719087185536816,67
-1.1579388877334378,-0.9301883662029068,67
-1.0628124367437095,-0.942049338879156,67
-1.0245352149991862,-0.6986799003881285,67
-1.05478033005948,-0.8933518108060806,67
-0.3156238517268334,-1.2209971873301702,64
-0.3291823764895585,-1.260447502876796,64
-0.33641724235630743,-1.1123049999866477,64
-0.30620657006434204,-1.1967429402357346,64
-0.3156238517268335,-1.2209971873301704,64
-0.32918237648955845,-1.2604475028767956,64
-0.33641724235630743,-1.1123049999866477,64
-0.30620657006434226,-1.196742940235735,64
2.353198876119424,1.3480019685883748,7
2.393311388352007,1.2404668253053475,7
2.377440678644513,1.2702910308484658,7
2.400006596497532,1.2184898180205121,7
2.360159556008637,1.1686799467187357,7
2.319978721060722,1.2961865357388707,7
2.412638554360121,1.3194102074391734,7
2.342618202880019,1.229980637336313,7
2.3816532221164675,1.2827392720904283,7
2.360336654230415,1.1330965494138918,7
-0.3152152860986572,-1.5133683148307586,64
-0.39298057921259133,-1.1650806274733272,64
-0.37737833236189355,-1.2656504525489798,64
-0.318938576625954,-1.0068518609311026,64
-0.31279287432468633,-1.1391003350630469,64
-0.3152152860986566,-1.513368314830758,64
-0.3929805792125911,-1.165080627473326,64
-0.3773783323618946,-1.2656504525489813,64
-0.3189385766259541,-1.006851860931102,64
-0.31279287432468666,-1.1391003350630482,64
-0.2760901650572919,-1.3564165470245921,64
-0.4458577855466497,-1.1815466378650963,64
-0.37243889637732386,-1.2576707811327075,64
-0.3512581163774485,-1.0611302664833229,64
-0.35606081958412156,-1.1537577905854315,64
-0.2760901650572918,-1.3564165470245917,64
-0.4458577855466497,-1.1815466378650963,64
-0.3724388963773225,-1.2576707811327064,64
-0.35125811637744864,-1.061130266483323,64
-0.35606081958412145,-1.1537577905854324,64
2.331204826313988,1.1429286399334428,7
2.5331971674358282,1.0071070194376515,7
2.323481937696129,1.1528214390742446,7
2.3447240980939426,0.9631102083589648,7
2.397796835329037,0.9832725078554203,7
2.3342568756892015,0.7746720068421642,7
2.4554305890038832,1.0646266954740295,7
2.5236159257734494,0.9973961086312633,7
2.2510698067127404,1.0010873425323528,7
2.3669486724546323,0.8176496309689244,7
2.3312048263146306,1.142928639932049,7
2.5331971674358296,1.0071070194376426,7
2.3234819376950204,1.1528214390766347,7
2.3447240980939332,0.9631102083589805,7
2.397796835329038,0.9832725078554139,7
2.3342568756892015,0.7746720068421639,7
2.455430589003901,1.0646266954739856,7
2.523615925773449,0.9973961086312625,7
2.251069806712736,1.001087342532364,7
2.366948672454642,0.8176496309689135,7
-0.5449080531795645,-2.0955104291969584,63
-0.5231006606403809,-2.182970130764477,63
-0.5338384780400648,-1.9963336599898893,63
-0.4917402298680713,-2.118676573325225,63
-0.5449080531795643,-2.0955104291969575,63
-0.5231006606403807,-2.182970130764476,63
-0.5338384780400649,-1.9963336599898887,63
-0.4917402298680714,-2.1186765733252253,63
3.0243512578198097,1.697232131674253,4
3.008349997138632,1.6134669197656304,4
3.0050564572633083,1.63123591195233,4
3.024727534457385,1.608332827857123,4
2.976586269950861,1.5960731229927962,4
2.9961458216846557,1.7084605973769433,4
2.9836573291212565,1.7240295054816195,4
2.934930135797467,1.684584430049283,4
3.022080145747473,1.7075176371833074,4
2.905974330286795,1.6562648253036059,4
-0.49242463737629705,-2.380587149642326,63
-0.606802469446752,-2.084636606414053,63
-0.5419933155976392,-2.153831949739398,63
-0.5233866678835419,-1.9569772935668888,63
-0.4880101986315549,-1.9919363460524342,63
-0.4924246373762967,-2.3805871496423268,63
-0.6068024694467525,-2.084636606414054,63
-0.5419933155976352,-2.153831949739394,63
-0.523386667883542,-1.956977293566891,63
-0.48801019863155465,-1.9919363460524346,63
-0.7033595620681763,-0.7302723908096198,66
-0.7242538915660388,-0.8454814151185259,66
-0.6948942691173248,-0.6074952722528469,66
-0.7229564129581305,-0.713041033907024,66
-0.70335956207065,-0.7302723907762081,66
-0.7242538912276479,-0.8454814190579868,66
-0.6948942691175144,-0.6074952722514623,66
-0.7229564129607763,-0.7130410338795593,66
1.5877833033456157,1.8289876135503913,14
1.4698654857968534,1.7324787960682182,14
1.5037417147302221,1.7111396104683125,14
1.4437102593735303,1.730124750333994,14
1.4849228504758842,1.7066894528083754,14
1.590645017281613,1.8776620627728469,14
1.5216356879071504,1.8457912927075493,14
1.486416450789534,1.7469368907136051,14
1.4338619877744727,1.794659014573393,14
1.4639893726590003,1.7401884394255747,14
-0.6250759060521698,-1.2531839917207235,66
-0.7195738418557627,-0.6775613755971431,66
-0.7319640170072771,-0.8522532267167978,66
-0.6673152538044492,-0.5359973173508819,66
-0.6881606489981833,-0.6892199055292799,66
-0.6250759073320376,-1.2531839748447045,66
-0.7195738418557637,-0.6775613755971303,66
-0.7319640172215656,-0.8522532238748646,66
-0.6673152538044543,-0.535997317350856,66
-0.6881606490049064,-0.6892199054766754,66
-0.6753897233898646,-0.7927324173447012,66
-0.7970697950988371,-0.4837125480237361,66
-0.8373449895075561,-0.7003900192252325,66
-0.7445219760146636,-0.4109893912721284,66
-0.7430648955692103,-0.6153320637335208,66
-0.6753897233898469,-0.7927324173448975,66
-0.7970697950988302,-0.4837125480237909,66
-0.8373449894983811,-0.7003900198816312,66
-0.7445219760146375,-0.41098939127224443,66
-0.7430648955691588,-0.6153320637342129,66
1.600156504241151,1.8023108300368806,14
1.6877244222163055,1.6279850437135375,14
1.4828409175479882,1.7713163321467162,14
1.4954481925125647,1.6033470052847947,14
1.5254980039835626,1.6487495161176193,14
1.5452236604867027,1.4280150131042892,14
1.5396904702524792,1.7188170151638174,14
1.5972439518675934,1.709919832476944,14
1.4942411794197676,1.6491734344792837,14
1.491522562690039,1.4546225341635453,14
1.6001565042411523,1.802310830036881,14
1.6877244222163068,1.6279850437135392,14
1.4828409175479886,1.7713163321467178,14
1.4954481925125638,1.6033470052847953,14
1.525498003983562,1.6487495161176187,14
1.5452236604867013,1.4280150131042904,14
1.5396904702524803,1.7188170151638165,14
1.5972439518675936,1.7099198324769478,14
1.4942411794197672,1.649173434479282,14
1.4915225626900384,1.4546225341635464,14
-0.7837334249145844,-1.444655815365816,65
-0.7999576397131747,-1.6815458203553166,65
-0.7817933520940135,-1.3631912701330504,65
-0.7776673788008276,-1.6011027698346074,65
-0.7837334249145423,-1.4446558153658808,65
-0.7999576397188983,-1.6815458203349276,65
-0.7817933520732199,-1.3631912701650442,65
-0.7776673788006545,-1.6011027698348945,65
2.313810225584764,2.4684590596645095,0
2.229327184461159,2.398559054443546,0
2.255762920256039,2.385737480263414,0
2.233792464044518,2.3901166485513747,0
2.233972805468027,2.368617025074058,0
2.372329929355117,2.5690974597881886,0
2.3115321825659625,2.530098786779906,0
2.292230472425328,2.4947402049033887,0
2.2751453754796125,2.5239083238054496,0
2.254546686059295,2.4850449661295593,0
-0.755753291640129,-2.0238755555936896,65
-0.8240718004312515,-1.3735513751215753,65
-0.7986149526997289,-1.5803661875423596,65
-0.7770988193546948,-1.2946989434000027,65
-0.7446553637159359,-1.479066543796688,65
-0.7557532916401305,-2.0238755555936874,65
-0.8240718004310832,-1.3735513751218646,65
-0.7986149526851166,-1.5803661875619155,65
-0.7770988196607345,-1.2946989425587554,65
-0.7446553637169453,-1.4790665437952906,65
1.9457646447111663,-1.772919016412272,43
2.1069860718182807,-1.7355700584850522,43
2.080462616845392,-1.8353688859048396,43
1.9661264541359127,-1.7182961657085787,43
1.945764644711166,-1.7729190164122708,43
2.1069860718182816,-1.7355700584850517,43
2.080462616845393,-1.8353688859048427,43
1.9661264541359125,-1.7182961657085811,43
1.3633023827209956,-3.407271491059418,51
1.5586306360181306,-3.141110938121816,51
1.3949499452995298,-3.2563974207936925,51
1.6068909537931677,-3.158533532656036,51
1.4116889757038624,-3.432698154289087,51
1.513459114377979,-3.1999047260650055,51
1.5754786959841245,-3.078822115317864,51
1.5947747294740928,-3.093688576127496,51
1.6538951683229541,-3.0623657590725535,51
1.5503973852681843,-3.299442943604029,51
1.9530126373257066,-1.7623064920608993,43
1.964860781353339,-1.755849770823839,43
1.9675725985750205,-1.6918051471306272,43
2.0258554087758007,-1.825249581721499,43
1.8947300414063921,-1.7390340833710078,43
1.9530126373257062,-1.762306492060899,43
1.964860781353339,-1.7558497708238379,43
1.9675725985750214,-1.691805147130628,43
2.0258554087758003,-1.825249581721497,43
1.894730041406393,-1.7390340833710076,43
2.1214041915607034,-1.9353273543225316,43
1.9754930968303632,-1.925248289594602,43
2.04539597591624,-1.7862331042012012,43
2.21184326273819,-1.988631340301891,43
2.0408837537261526,-1.851271355920984,43
2.1214041915607025,-1.9353273543225313,43
1.9754930968303606,-1.9252482895946026,43
2.045395975916239,-1.7862331042012012,43
2.2118432627381894,-1.9886313403018914,43
2.0408837537261517,-1.8512713559209832,43
1.4232374046209226,-3.206223726177667,51
1.4506895247900446,-3.251148319216074,51
1.444529677546121,-3.0672211234082973,51
1.6255356473525853,-3.1044279766335356,51
1.4749168381023545,-3.0481575008402437,51
1.6538325531117526,-3.049437835057806,51
1.3705768464318255,-3.1545461168199314,51
1.662177528710659,-3.1334844314288786,51
1.5438793560193327,-3.0833601459333715,51
1.646789854554574,-3.1817701651632437,51
1.423237404698639,-3.2062237261462423,51
1.4506892512711433,-3.251148432049309,51
1.4445371852193445,-3.0672177479723155,51
1.6255356471254883,-3.1044279767481897,51
1.4749168382302693,-3.048157500781481,51
1.6538325535494898,-3.049437834827827,51
1.3705768462916665,-3.154546116876459,51
1.6621909826204568,-3.133477517355048,51
1.5438793576253518,-3.0833601451645185,51
1.6467945277680247,-3.181767822682336,51
-0.8325581750529237,-1.2887096282711046,62
-0.7352084833359656,-1.2289489355827796,62
-0.794663797050953,-1.159170404441694,62
-0.7601926273812128,-1.2259497248045972,62
-0.8325581750529243,-1.288709628271103,62
-0.7352084833359656,-1.2289489355827803,62
-0.7946637970509529,-1.1591704044416933,62
-0.7601926273812127,-1.2259497248045965,62
1.8395120031059595,0.3785105527433547,6
1.8811185208577295,0.2404010383152698,6
1.8951822045148825,0.2621619899250563,6
1.8752954278456182,0.2619449166376246,6
1.9209116819015652,0.22011012235768052,6
1.7403662750945514,0.38124648597479294,6
1.8005741645149091,0.2966791659538727,6
1.7138806701461622,0.30181092996502124,6
1.7750416155691306,0.3015766657100774,6
1.7878485895979133,0.21961922565381867,6
-0.6784765271319076,-1.4276441520974479,62
-0.8636905244646049,-1.3797469602277133,62
-0.7980749082167649,-1.2370218931011339,62
-0.794138800558308,-1.080753902321926,62
-0.7322294473445077,-1.198122407187447,62
-0.6784765271319076,-1.4276441520974472,62
-0.8636905244646057,-1.379746960227714,62
-0.7980749082167639,-1.237021893101135,62
-0.7941388005583084,-1.080753902321925,62
-0.7322294473445081,-1.198122407187448,62
-0.7036578594366629,-1.4843094113150892,62
-0.8940183784457916,-1.2777348432893103,62
-0.8062328399084577,-1.2201039753354481,62
-0.808866172249444,-1.1113166146532136,62
-0.7869238110763608,-1.2457071862865035,62
-0.7036578594366636,-1.4843094113150885,62
-0.8940183784457912,-1.2777348432893094,62
-0.8062328399084568,-1.2201039753354477,62
-0.808866172249444,-1.1113166146532145,62
-0.78692381107636,-1.2457071862865035,62
1.7965137559105837,0.2677736235983902,6
1.9169715173028228,0.14291318632322603,6
1.7877083641314473,0.21868782018520147,6
1.8176766744964759,0.10691016155305316,6
1.8353029502045168,0.0965926365010699,6
1.766451851053075,0.018685316619197746,6
1.8641307066836634,0.15945880034419063,6
1.97453783879147,0.11943604609775031,6
1.745255165002073,0.18385014575105643,6
1.8000635197990913,0.030526781111255237,6
1.7965137559105828,0.26777362359839046,6
1.9169715173028221,0.1429131863232262,6
1.787708364131448,0.21868782018520483,6
1.817676674496476,0.10691016155305309,6
1.8353029502045157,0.09659263650106993,6
1.7664518510530758,0.01868531661919773,6
1.8641307066836632,0.15945880034419074,6
1.97453783879147,0.11943604609775031,6
1.7452551650020733,0.18385014575105624,6
1.8000635197990917,0.03052678111125519,6
-0.8501737865664812,-1.7275955900540558,61
-0.7764974182455687,-1.6976431180892682,61
-0.8645690744911758,-1.652306091347572,61
-0.7392860164481556,-1.687104821089567,61
-0.8501737865664808,-1.7275955900540545,61
-0.7764974182455693,-1.6976431180892677,61
-0.8645690744911755,-1.6523060913475724,61
-0.739286016448156,-1.687104821089568,61
2.401168856388493,0.6154911271684894,3
2.322680290755707,0.5500683654488516,3
2.3607326359091094,0.5671751864452819,3
2.358392075514997,0.5403461977447703,3
2.2850281879354246,0.530445459837687,3
2.3069196004542696,0.6351234221145545,3
2.246148975197542,0.6386870446073271,3
2.239470528402554,0.5802326735014568,3
2.2446598785443728,0.6337618873843459,3
2.1634585696255804,0.5850015100471955,3
-0.8400936284355173,-1.7094290351065904,61
-0.8998446557857802,-1.7379860591746057,61
-0.8524668941659025,-1.6721213657099587,61
-0.8740048414580155,-1.622899440484387,61
-0.7925991273896345,-1.6132160305603418,61
-0.8400936284355175,-1.7094290351065888,61
-0.8998446557857798,-1.7379860591746044,61
-0.8524668941659025,-1.6721213657099583,61
-0.8740048414580153,-1.622899440484387,61
-0.7925991273896351,-1.6132160305603416,61
-1.7983137887038099,0.16380141155370853,68
-1.810371607039906,0.20850071415028135,68
-1.7550132668132545,0.19593947329305736,68
-1.7982251165663765,0.1742244619864599,68
-1.7983137886424438,0.16380141131023696,68
-1.810371607007595,0.20850071400753548,68
-1.7550132668136955,0.19593947329551786,68
-1.7982251166068752,0.17422446213611412,68
0.6422032533327754,1.3510024335478226,11
0.5501442196247054,1.2448048305881616,11
0.619244374033315,1.2560511183657876,11
0.5798050650731131,1.269382915899037,11
0.5795632474911326,1.2025718224835222,11
0.6242996416964885,1.3947573149080468,11
0.5745468948185716,1.2933307000933105,11
0.5634222310925074,1.282854794578352,11
0.5051234268136352,1.3218645978674646,11
0.5684915797687026,1.1749309763314595,11
-1.3916254703127315,-0.4569958010169669,68
-1.7222024001832714,0.004124109090270399,68
-1.7426951597538314,0.10662631077672823,68
-1.6361631300530253,0.1538093826757587,68
-1.6034570190628665,0.05734645231605955,68
-1.3916254701936026,-0.45699580153298214,68
-1.7222024001855456,0.004124109101938353,68
-1.7426951597554063,0.10662631078386131,68
-1.6361631300530028,0.15380938267561886,68
-1.603457019062904,0.05734645231621766,68
-1.4393766288510499,-0.1267730259277945,68
-1.6517487608170216,0.025922048467275055,68
-1.6659597128837396,0.18346071353194893,68
-1.5455400537580632,0.08232477254523968,68
-1.5362230548369498,-0.013128363208140615,68
-1.4393766288505772,-0.12677302592965253,68
-1.6517487608170098,0.025922048467199844,68
-1.665959712883511,0.18346071353054066,68
-1.5455400537580615,0.08232477254523894,68
-1.5362230548369484,-0.013128363208148199,68
0.68311122488052,1.325491850658274,11
0.7589312802470002,1.1328332709246973,11
0.6063113998560816,1.2904570348908675,11
0.6158574564078212,1.191375821454633,11
0.5758495996386651,1.078988362408757,11
0.671796447575506,0.9344582762535512,11
0.5663235586187507,1.176270490447055,11
0.6601617748631693,1.185996672303183,11
0.6090031464088586,1.1892439183612717,11
0.6262852411203337,0.9764080038368304,11
0.6831112248805201,1.3254918506582727,11
0.7589312802469989,1.1328332709246987,11
0.6063113998560827,1.2904570348908662,11
0.6158574564075077,1.1913758214547594,11
0.5758495996386656,1.0789883624087573,11
0.6717964475754973,0.934458276253554,11
0.566323558618751,1.1762704904470538,11
0.6601617748631695,1.1859966723031827,11
0.6090031464088588,1.189243918361272,11
0.6262852411203339,0.97640800383683,11
-1.3254449820835592,-0.7688813673037551,67
-1.2251548086492083,-0.7527785692487795,67
-1.2590548760422475,-0.664278135615734,67
-1.2412981847081292,-0.8152717913591402,67
-1.3254449820835863,-0.7688813673036798,67
-1.2251548086492754,-0.7527785692484396,67
-1.2590548760422484,-0.6642781356157211,67
-1.2412981847081188,-0.8152717913591762,67
1.6570229208171396,2.0101888648178496,1
1.5677090763991504,1.9694978671815402,1
1.6396990282044002,1.9853277525604374,1
1.6209781925342344,1.9668510755770583,1
1.5712087009419196,1.898121951206852,1
1.6539448722554169,2.1513009337161364,1
1.584934250517746,2.1125250068788035,1
1.6162178213340939,2.111361102145917,1
1.5916322904301237,2.1230016330373105,1
1.5638686774248012,2.0450929763820733,1
-1.1890493334997296,-0.8343969413172408,67
-1.352995761971863,-0.9032620614256249,67
-1.291067435577543,-0.6202834233191462,67
-1.3015667661882508,-0.5849411500182322,67
-1.23081011756876,-0.7288576544036589,67
-1.1890493334998231,-0.8343969413168971,67
-1.3529957619716633,-0.9032620614262409,67
-1.2910674355775298,-0.6202834233192009,67
-1.301566766188252,-0.5849411500182307,67
-1.23081011756874,-0.7288576544037563,67
-0.5533626598233131,-1.1943374349631408,64
-0.5406473664180719,-1.2625545507997182,64
-0.5861622995966921,-1.1787273277253156,64
-0.5215774829786591,-1.2245343111008038,64
-0.5533626598233133,-1.1943374349631402,64
-0.5406473664180718,-1.2625545507997185,64
-0.5861622995966921,-1.1787273277253143,64
-0.5215774829786592,-1.224534311100805,64
2.0836444179053095,1.2378197877574248,7
2.045248914887061,1.0823031520756263,7
2.017601329163871,1.08100877211701,7
2.048807183143097,1.053494016318944,7
2.0391379628809094,0.9892292439687213,7
2.0462170759495426,1.2159563154830912,7
2.0697044019650552,1.15665627082868,7
1.9981180817677895,1.0644347237948726,7
2.03203231733745,1.1452803434143954,7
2.0104808853244456,0.9915082145414487,7
-0.44796222435205457,-1.36177794805624,64
-0.6205012123289464,-1.2599623522058834,64
-0.5675794003016925,-1.1710153843788793,64
-0.5879441932581506,-1.0454428190928695,64
-0.507057753693561,-1.1302179774211967,64
-0.4479622243520545,-1.3617779480562402,64
-0.6205012123289458,-1.2599623522058832,64
-0.5675794003016925,-1.171015384378879,64
-0.5879441932581511,-1.045442819092871,64
-0.5070577536935611,-1.1302179774211965,64
-0.4279829431451817,-1.1656198834763214,64
-0.6555736626333356,-1.1331174066058947,64
-0.563257445795483,-1.128161724583319,64
-0.6350908018574197,-1.09283879381474,64
-0.5600524712867525,-1.1383501651623193,64
-0.42798294314518165,-1.1656198834763212,64
-0.6555736626333354,-1.133117406605894,64
-0.5632574457954828,-1.1281617245833178,64
-0.6350908018574197,-1.0928387938147388,64
-0.5600524712867528,-1.1383501651623198,64
2.030019700167856,0.9806811295756055,7
2.225397894888229,0.8097573996605796,7
1.9933808816724572,0.9647237130487366,7
2.033545392302022,0.7846945490956333,7
2.0202625388656936,0.8381522463424399,7
2.039873686168733,0.6726837297942189,7
2.0671899395580087,0.9474736236579168,7
2.156730108790476,0.9104305137696096,7
1.9769511064844938,0.8364474057849217,7
2.0508196651463333,0.6848318157136939,7
2.0300197001678826,0.9806811295755182,7
2.225397894888221,0.809757399660589,7
1.993380881672452,0.9647237130487649,7
2.033545392302022,0.7846945490956339,7
2.0202625388656905,0.8381522463424391,7
2.0398736861687325,0.6726837297942195,7
2.0671899395579887,0.9474736236579833,7
2.156730108790483,0.9104305137695905,7
1.9769511064844933,0.8364474057849212,7
2.050819665146333,0.6848318157136936,7
-0.6746361074664411,-1.916738553597137,63
-0.6479649788861599,-1.9955876599499789,63
-0.6964228803038596,-1.9209623431066543,63
-0.6155454923800154,-1.9500092367125292,63
-0.6746361074664424,-1.9167385535971375,63
-0.6479649788861599,-1.9955876599499793,63
-0.6964228803038597,-1.920962343106655,63
-0.6155454923800152,-1.95000923671253,63
2.7494504325098754,1.6451605237214513,4
2.7304457497248977,1.5116686688466954,4
2.7264804687772277,1.5325529527286108,4
2.7199582383041734,1.4791160702937942,4
2.7269722799568807,1.4226825155487826,4
2.6541600548840916,1.6334474143016735,4
2.703976843971918,1.5808205968758926,4
2.6418088814877905,1.5510440541578387,4
2.657991203061808,1.5830270589387734,4
2.672462390308773,1.466803148425565,4
-0.581700723355611,-2.113428068308351,63
-0.7290239787724702,-1.9060101519351815,63
-0.6752152484790048,-1.919013505084345,63
-0.6924042161615815,-1.8462388159758836,63
-0.6249053432756897,-1.85980256637557,63
-0.581700723355611,-2.11342806830835,63
-0.7290239787724705,-1.906010151935181,63
-0.675215248479005,-1.9190135050843455,63
-0.6924042161615814,-1.8462388159758847,63
-0.62490534327569,-1.8598025663755706,63
-0.9951859707026085,-0.7200336358874492,66
-0.9923697231232195,-0.6554391624208695,66
-0.9839788605297863,-0.5519148713334026,66
-1.0147934430658838,-0.5691796551791061,66
-0.9951859707047419,-0.7200336358771002,66
-0.9923697231266637,-0.6554391624088418,66
-0.9839788605297861,-0.5519148713334004,66
-1.0147934430659242,-0.5691796551789856,66
1.1673252964142,1.6903241801736872,14
1.0427735949276637,1.5533524308994795,14
1.0516587049539952,1.5123273526674335,14
1.0097348595901243,1.5364642153980426,14
1.037758953681054,1.5142690365004428,14
1.1329066972618411,1.753777524676355,14
1.0944552168234682,1.6459841209009796,14
1.0361695231087305,1.5812346927509968,14
0.9921617151888906,1.6097149518486762,14
1.0356582559664664,1.5297649453102062,14
-0.881139696793004,-0.9486925596292046,66
-0.9862889346207683,-0.6252463274386336,66
-1.0349632841209562,-0.624058151772187,66
-0.9678720386573674,-0.45064133941236173,66
-0.9677593281755554,-0.5149593621498011,66
-0.8811396967925336,-0.9486925596111926,66
-0.9862889346207535,-0.62524632743868,66
-1.0349632841209473,-0.6240581517722161,66
-0.9678720386573674,-0.4506413394123617,66
-0.9677593281755807,-0.5149593621497294,66
-0.8574727539083021,-0.6464937449778325,66
-1.135690926283972,-0.46654021338807267,66
-1.103063239934689,-0.4738633723865519,66
-1.0745028986610314,-0.39529656489714216,66
-0.9957008398814924,-0.5249404670328818,66
-0.8574727539083029,-0.6464937449778323,66
-1.1356909262839723,-0.46654021338807233,66
-1.1030632399347022,-0.4738633723864893,66
-1.0745028986610325,-0.39529656489714265,66
-0.9957008398814938,-0.5249404670328826,66
1.2548699003424988,1.6612561035976734,14
1.3712135305696203,1.4891720932556047,14
1.156586567290828,1.6009985993618643,14
1.155113244083011,1.4431782929763528,14
1.1049110545304899,1.447399335640641,14
1.1714067421887133,1.222071090529437,14
1.1555017675649457,1.5939200820499384,14
1.2343256996770178,1.5683793564781938,14
1.1040853363836682,1.4872556018273098,14
1.1026098312161456,1.2834253072420574,14
1.2548699003424975,1.6612561035976752,14
1.3712135305696196,1.4891720932556074,14
1.1565865672908278,1.6009985993618656,14
1.1551132440830127,1.4431782929763528,14
1.1049110545304894,1.44739933564064,14
1.1714067421887133,1.2220710905294383,14
1.1555017675649468,1.5939200820499388,14
1.2343256996770167,1.568379356478194,14
1.1040853363836702,1.4872556018273106,14
1.1026098312161448,1.283425307242058,14
-1.0226116024783354,-1.157620220203614,65
-1.0224025998663822,-1.294123448429105,65
-1.057603996339974,-1.152360803173755,65
-0.992255991947842,-1.296123991701909,65
-1.0226116024782859,-1.1576202202038048,65
-1.0224025998669,-1.2941234484275415,65
-1.0576039963399355,-1.152360803173886,65
-0.9922559919467715,-1.2961239917051717,65
1.9549065959632284,2.350109143128415,0
1.8715399825598507,2.2679246161754927,0
1.8792018587914114,2.2412949780610667,0
1.8678050984290067,2.25573834027101,0
1.8568220735395229,2.200405137651887,0
1.9413945188097965,2.429882405395597,0
1.9160502937125838,2.384459077213498,0
1.915736940759023,2.334820309777895,0
1.8789644045720153,2.3596319402816968,0
1.8902864792770206,2.2712005708980025,0
-0.9840810541965281,-1.5425344023569032,65
-1.054033189922791,-1.1860602146156343,65
-1.019581997208615,-1.1638028427644336,65
-1.009964568725152,-1.0311444200928854,65
-0.9751066649201401,-1.1291453394297744,65
-0.9840810541973698,-1.542534402354384,65
-1.05403318992279,-1.1860602146156356,65
-1.0195819972084597,-1.1638028427650375,65
-1.0099645687251524,-1.0311444200928828,65
-0.9751066649200901,-1.1291453394301192,65
2.0669156474699983,-1.7286781341765436,43
2.1738442145350514,-1.6056619603813425,43
2.2003501504903586,-1.7354013612867942,43
2.0585775013148715,-1.6240515282020618,43
2.0669156474699983,-1.7286781341765454,43
2.1738442145350514,-1.6056619603813445,43
2.200350150490359,-1.7354013612867947,43
2.058577501314871,-1.6240515282020633,43
1.293761779074087,-3.2290419920812066,51
1.4309648687454988,-2.933121569311843,51
1.348631698833535,-3.0597830001670916,51
1.521055013759831,-2.985412766457255,51
1.3310057772768507,-3.2906576656466626,51
1.4317445462470464,-2.9586472157746817,51
1.4976503968704922,-2.7930317314762947,51
1.5018371902850696,-2.826601044759464,51
1.5785903669409433,-2.825535286932318,51
1.4956362123159421,-3.060761559789181,51
2.1089368091297294,-1.7182727911700446,43
2.0894656085989123,-1.7088585148394215,43
2.0818846508326754,-1.6032685825351443,43
2.1642413123920368,-1.7410422025346606,43
2.0561959524450883,-1.7187311413444073,43
2.1089368091297302,-1.7182727911700444,43
2.089465608598911,-1.7088585148394217,43
2.081884650832662,-1.6032685825351374,43
2.164241312392036,-1.7410422025346597,43
2.0561959524450875,-1.7187311413444073,43
2.2795804189628135,-1.7885428792997458,43
2.1686737266136245,-1.7766039257776662,43
2.2264811386833565,-1.6503616698176027,43
2.388147174380976,-1.8246964648950452,43
2.2589110997354536,-1.7528326277214346,43
2.279580418962813,-1.7885428792997453,43
2.1686737266136267,-1.7766039257776651,43
2.2264811386833596,-1.6503616698176045,43
2.3881471743809746,-1.8246964648950474,43
2.2589110997354536,-1.752832627721435,43
1.366328783416697,-3.0649575175114108,51
1.4140843842046673,-3.111542966965825,51
1.3407820431590933,-2.919130821070828,51
1.6250075795666148,-2.935654424912684,51
1.3930848124692017,-2.8599412932322066,51
1.5885848696632896,-2.80791754237976,51
1.3004506787181507,-2.931737078336075,51
1.7007501034676609,-2.963983599866592,51
1.4947147781342234,-2.9426685627331235,51
1.62639338780044,-3.0160746006392958,51
1.3663287834072342,-3.064957517515718,51
1.4140843848551397,-3.1115429666747603,51
1.340782043064928,-2.919130821116336,51
1.6250075796139491,-2.9356544248868346,51
1.3930848124710535,-2.859941293231254,51
1.5885848696634046,-2.8079175423796925,51
1.3004506787187413,-2.9317370783357957,51
1.7007501034471042,-2.9639835998780466,51
1.4947147781335333,-2.9426685627334717,51
1.626408847428519,-3.0160664693012347,51
-1.9386486752684202,0.9412369727756774,62
-1.8092249038192745,0.8766412543884534,62
-1.9398487727660878,0.9258210412569376,62
-1.891811540061685,0.8746090869235197,62
-1.9386486788280828,0.9412369840278708,62
-1.8092249038939696,0.8766412544672098,62
-1.9398487727664115,0.9258210412585844,62
-1.8918115328318437,0.8746091193503038,62
1.6796323814087784,0.558786470931354,5
1.7413505415215749,0.33015341920486546,5
1.8188310382798019,0.3621210839652185,5
1.7028699248663717,0.33568082362115925,5
1.7066894399990857,0.23842836985492888,5
1.7560642521054124,0.40104675577346455,5
1.7821917658742317,0.335109700303111,5
1.8427856640317186,0.2958678148098301,5
1.7665537425991007,0.2892892602134381,5
1.8483128783126435,0.22031102860397334,5
-1.4239023770373913,0.5989329282797136,62
-2.0123361222319955,0.9374645935396476,62
-1.7495176666674224,0.7339877487047202,62
-1.7781258551103347,0.8358474051352922,62
-1.6169695687405756,0.733180047314565,62
-1.4239022798964127,0.598932808906804,62
-2.0123361557437804,0.9374644246551571,62
-1.749517666667487,0.7339877487041115,62
-1.7781258551304526,0.8358474051933245,62
-1.6169695865810865,0.7331800657695838,62
-1.5901963336505553,-0.40283445007993435,61
-1.3812193412680238,-0.57399969990772,61
-1.5537377288187382,-0.3522933160608677,61
-1.32918115836274,-0.6730994024715334,61
-1.590667352839503,-0.40054596093137573,61
-1.381165671393902,-0.5741690894505,61
-1.55371035554613,-0.3524528207404837,61
-1.329223252805819,-0.6729854999374428,61
2.838012795836136,1.2480234374410104,3
2.540733486127966,1.5655463119780817,3
2.91154688988645,0.465220995477218,3
2.78734787320294,0.7222708975250909,3
2.772555036300011,0.47786728521120464,3
2.4500239472244196,1.8880992764565827,3
2.792930374576606,1.0970840296462971,3
2.9626064143841284,0.3933711170661254,3
2.484481936690072,1.7404773569072123,3
2.8904341400650666,0.4412021535802465,3
-1.096090536336311,-0.5776063492121286,61
-1.6335445547532401,-0.4267389017299342,61
-1.4810767915191856,-0.329476668110111,61
-1.5270189580981315,-0.09979726088856138,61
-1.2916907661605217,-0.30150980840287944,61
-1.0960903893109741,-0.5776066135534891,61
-1.6318034675497235,-0.43369739260233164,61
-1.4810769439699427,-0.3294754769912133,61
-1.5270193742724905,-0.09979369687366184,61
-1.291690772169968,-0.30150989834960373,61
-2.3061427411638027,1.4978581996640077,68
-2.2882483498858766,1.4198866519787021,68
-2.331863897188633,1.5155338257392348,68
-2.390331462746822,1.4675720285648715,68
-2.306142741163805,1.4978581996640075,68
-2.2882483498858757,1.4198866519787008,68
-2.331863897188633,1.5155338257392341,68
-2.3903314627468215,1.4675720285648712,68
-0.11908666518302277,3.029950683266592,10
-0.4083764257151107,2.9197625369740074,10
-0.3608176353681623,2.9606247078782775,10
-0.400654467608621,2.8837715151575534,10
-0.35200539093368016,2.8197978176395035,10
-0.15341600391524204,3.1324415188798755,10
-0.1667742009898455,3.0144855027367683,10
-0.2203259836810412,3.105913272427985,10
-0.31457632978330136,2.996663035979756,10
-0.2004715187624291,3.050806736195337,10
-2.1243051900064653,1.2464564471937143,68
-2.3544129345020792,1.4878440688162897,68
-2.311071920014111,1.4019843803149188,68
-2.268607528628673,1.4911613395709862,68
-2.3124722842873373,1.4357262168175675,68
-2.124305190006466,1.246456447193714,68
-2.3544129345020783,1.4878440688162902,68
-2.3110719200141085,1.40198438031492,68
-2.268607528628673,1.4911613395709875,68
-2.3124722842873355,1.4357262168175675,68
-1.9643617974464602,0.8323610953293106,67
-1.9236162140244124,0.8103163900796649,67
-1.9711859249951496,0.8618240008146958,67
-1.9584096404079296,0.7785243520711501,67
-1.964361797446459,0.8323610953293105,67
-1.9236162140244093,0.8103163900796656,67
-1.971185924995151,0.861824000814696,67
-1.9584096404079296,0.7785243520711512,67
1.49344747373961,3.3424305200466513,1
1.4087825784315429,3.310381502855453,1
1.419879013895132,3.3314922424578874,1
1.3900660543997994,3.264248967571454,1
1.4132558157746358,3.238979244007442,1
1.4857231455239366,3.4576640843695,1
1.420712031851875,3.4331572116761184,1
1.5121123487944652,3.4428500001309446,1
1.3420642471756876,3.4251599582211174,1
1.4100543482686445,3.444806925771865,1
-1.8180654445666882,0.7209257491214922,67
-1.9700844407039013,0.8205207911736085,67
-1.9419891059261905,0.8072130888498548,67
-1.9181163463647668,0.8909171782276548,67
-1.8344861608320238,0.8052236777847844,67
-1.8180654445666895,0.7209257491214942,67
-1.9700844407039013,0.8205207911736084,67
-1.9419891059261907,0.8072130888498555,67
-1.9181163463647668,0.8909171782276546,67
-1.8344861608320229,0.8052236777847832,67
-1.1634113807234063,0.554397725733949,64
-1.086680396273818,0.4263334594637095,64
-1.2147668760595882,0.5200569361412692,64
-1.0889018887639574,0.37488472592547734,64
-1.1634113807243822,0.5543977257349927,64
-1.0866803962738578,0.42633345946376394,64
-1.2147668760584447,0.5200569361398002,64
-1.0889018887614261,0.37488472592016736,64
1.3301707203965387,1.5610458662490898,12
1.4224493062085628,1.4520799538159401,12
1.417300610917348,1.492410713204105,12
1.3922236257631737,1.4059106844158993,12
1.3532951813016798,1.3474559593088984,12
1.3757521746506254,1.5953819639203135,12
1.5120847564983146,1.618455127192142,12
1.4468885029393592,1.5717288664488462,12
1.4636427205511564,1.5991766279426127,12
1.451313631320286,1.5822394255935956,12
-1.050512062042394,0.5149018643912018,64
-1.162905952013968,0.4702657732401675,64
-1.083985991642839,0.3755393837002877,64
-1.150845675218837,0.4760724539650095,64
-1.0833938797252527,0.3826886159981946,64
-1.050512062043142,0.5149018643920247,64
-1.1629059520144676,0.4702657732407995,64
-1.0839859916428407,0.37553938370029427,64
-1.1508456752188405,0.4760724539650156,64
-1.0833938797252105,0.38268861599813464,64
-1.298180352218239,-0.11783788974585511,63
-1.0287397308691508,-0.11373591849165146,63
-1.253014351831911,-0.05606481395364977,63
-1.0806756969632452,-0.1819949990881659,63
-1.2981814847097617,-0.11784637979147454,63
-1.0287397284076778,-0.1137358237575718,63
-1.2530143462548635,-0.056065095038071375,63
-1.0806756963349284,-0.1819936045078883,63
2.1697827011468305,2.239772641322145,4
2.1615099935318844,2.151157992343559,4
2.1595133932183845,2.1689247862506074,4
2.1506543600911012,2.119123570486105,4
2.1182625446657495,2.126418351347043,4
2.139701682789673,2.189911287218295,4
2.1835092658860433,2.23667485164472,4
2.1796230263517926,2.188654332723513,4
2.125800840746923,2.2013928719765468,4
2.1586101454090936,2.1988287513140388,4
-1.0316104023944421,0.06624406536245116,63
-1.4579078172666822,-0.13502787298119776,63
-1.2018666092171941,-0.11660733582398293,63
-1.30819272279299,0.023403071234878548,63
-1.1043491742063452,-0.02591262176575708,63
-1.031610406282927,0.06624419015357974,63
-1.4579062147363286,-0.13505997691630564,63
-1.2018665548054817,-0.11660683988006137,63
-1.3081929490241815,0.02340136886344274,63
-1.1043491805481476,-0.025912897179827712,63
-1.789772168732696,1.0903920413748334,66
-1.7309721225883647,1.023412255918849,66
-1.8306063984688985,1.095329057699013,66
-1.797997533952243,1.0450868420433868,66
-1.7897721687326964,1.090392041374833,66
-1.7309721225883654,1.023412255918848,66
-1.830606398468899,1.0953290576990131,66
-1.797997533952243,1.0450868420433874,66
0.40522087726704575,2.6861341345695022,12
0.35088588864000114,2.6322040169000362,12
0.3185666181007103,2.6041824675854417,12
0.2565387987207043,2.58457084207804,12
0.21988453541825012,2.603794482039034,12
0.5328158570877448,2.7532697980155887,12
0.5625650114447339,2.7507594052139903,12
0.5287326856884101,2.73487335584946,12
0.4575823944692975,2.732590704866257,12
0.5149691761543637,2.7987061767929906,12
-1.8453831862133978,1.0816578679468494,66
-1.7850141535208492,1.0446397840843575,66
-1.755612186734532,0.9872874108829827,66
-1.7540866446313974,1.0619039231246203,66
-1.8179457894288544,1.0683613876063514,66
-1.8453831862133974,1.0816578679468498,66
-1.7850141535208486,1.0446397840843589,66
-1.7556121867345313,0.9872874108829824,66
-1.754086644631397,1.061903923124621,66
-1.8179457894288575,1.0683613876063496,66
-1.6582643509876167,0.6254975986294509,65
-1.5215483226206794,0.6281601885897802,65
-1.6384880946066747,0.6087077283039213,65
-1.5913478644646584,0.6032103443612665,65
-1.6582643509876158,0.6254975986294511,65
-1.5215483226206796,0.6281601885897801,65
-1.6384880946066744,0.608707728303922,65
-1.5913478644646593,0.6032103443612666,65
1.433383603274184,3.1465541749936494,1
1.406886664202871,3.1010061069055013,1
1.3945932731061608,3.0753168762595338,1
1.3665307180132868,3.042080058928886,1
1.3662358957809329,3.0522997810675316,1
1.4550935977288495,3.1850379519853824,1
1.4238505422930727,3.220390402499768,1
1.455343365566084,3.1629751866268614,1
1.3599158373788176,3.18309504527071,1
1.4157841817258656,3.18378715121333,1
-1.7257473525137952,0.7612660208969388,65
-1.6517910069253094,0.576171291196913,65
-1.5857417557220985,0.6242672793508134,65
-1.6503340906494928,0.6590446781034615,65
-1.5842007379387903,0.6714927763047231,65
-1.7257473525137947,0.7612660208969385,65
-1.65179100692531,0.576171291196914,65
-1.5857417557220983,0.6242672793508134,65
-1.6503340906494923,0.659044678103462,65
-1.5842007379387897,0.6714927763047227,65
2.0586508017508804,-1.477883935722075,44
2.323731414084708,-1.4153616498697754,44
2.286553853810269,-1.4048541391001335,44
2.1274072611339174,-1.420393975839805,44
2.058650801750881,-1.4778839357220752,44
2.3237314140847074,-1.4153616498697772,44
2.286553853810269,-1.4048541391001328,44
2.127407261133917,-1.4203939758398059,44
1.9577360553289587,-2.859457940284501,52
2.016445336766947,-2.5969514813121077,52
1.9901149068758883,-2.6914495230315403,52
2.1535346186552484,-2.6590353888245883,52
2.038269167963257,-2.895891545293625,52
1.959827303528818,-2.8013882703854964,52
2.0479938051536863,-2.689180814316565,52
2.0881266156504843,-2.7897073977741544,52
2.0858641292226716,-2.676612292753054,52
2.10109344215662,-2.7977491823929888,52
2.140819152898018,-1.413427583355063,44
2.144602605052357,-1.3971907590085857,44
2.27750089196185,-1.2992286292734567,44
2.27225267379337,-1.324778976796188,44
2.110011729882769,-1.3669194049119526,44
2.1408191528980147,-1.4134275833550622,44
2.1446026050523574,-1.3971907590085852,44
2.277500891961851,-1.2992286292734585,44
2.2722526737933695,-1.324778976796188,44
2.1100117298827676,-1.3669194049119542,44
2.4141073092842538,-1.3758884993513476,44
2.1551243406436402,-1.2246204457557317,44
2.364683229434184,-1.2258717725094008,44
2.4369163412481134,-1.2452817092233803,44
2.2904060186154034,-1.2397740356404596,44
2.4141073092842533,-1.3758884993513476,44
2.1551243406436384,-1.2246204457557315,44
2.364683229434185,-1.2258717725093997,44
2.4369163412481134,-1.2452817092233806,44
2.2904060186154034,-1.2397740356404596,44
2.0234809801711604,-2.754640368388708,52
-2.610001664657337,1.955601786744828,52
1.9481006797405551,-2.6148202200634922,52
2.131782365857285,-2.6631272241095303,52
2.035735925878641,-2.6051550491311852,52
2.2309826411712566,-2.663676821398316,52
1.9257982636968631,-2.5780237804529738,52
2.2858566949030035,-2.777904112709587,52
2.076331180610829,-2.6540854074766664,52
2.2169012125470995,-2.7766600322346964,52
2.0234809801687756,-2.754640368390518,52
2.1308925591063397,-2.847468983898659,52
-2.11336827400318,1.7148255899066978,52
2.1317823658530632,-2.66312722411313,52
2.0357359258787735,-2.6051550491310684,52
2.2309826411714972,-2.6636768213981084,52
-2.015883130884711,1.6575785363231275,52
2.2858566949036287,-2.7779041127090642,52
2.076331183023105,-2.6540854054476024,52
2.2169012125469463,-2.7766600322348207,52
-1.8417675934028301,0.907053118840873,62
-1.6223415349317816,0.8154508187447392,62
-1.7768866274469888,0.8770896040928395,62
-1.7051295544472804,0.8204634377223087,62
-1.8417675935172075,0.9070531189841045,62
-1.622341534955246,0.8154508187700206,62
-1.7768866274252328,0.877089604071149,62
-1.7051295553281596,0.8204634389772338,62
1.6203980784594736,0.4585266527396434,5
1.6402007265566274,0.2765589446970788,5
1.7112547605794517,0.3143453004159096,5
1.6538231310627756,0.3055808705986414,5
1.629794864711556,0.2276781610287548,5
1.6452310559078491,0.3656478213631172,5
1.6968477574717253,0.2944360744581702,5
1.7092940609010974,0.2638025774704196,5
1.6922920721071715,0.27328094633607203,5
1.7383140755598445,0.20847994109453558,5
-1.3134486804901373,0.580406387036811,62
-1.9404687791374766,0.9142509295901059,62
-1.5593441924658478,0.703897028632317,62
-1.653740772920032,0.8289047141464296,62
-1.5549553987270468,0.7300247874736987,62
-1.313448587363952,0.5804062799051974,62
-1.940468778542573,0.9142509241216916,62
-1.5593441932562242,0.7038970297307339,62
-1.6537407729560307,0.8289047141871823,62
-1.5549553991515759,0.7300247879416608,62
-1.5582561645808453,-0.29265537437428446,61
-1.3586681702484298,-0.302101817627159,61
-1.5127821527693228,-0.2575381949612657,61
-1.3328420628507769,-0.3511352979342276,61
-1.558341163664255,-0.2920670589974368,61
-1.3586645437010276,-0.3021299512469744,61
-1.5127827271941563,-0.25753484953822947,61
-1.3328365731828262,-0.3511634385430143,61
2.776398969564444,1.1539377567871019,3
2.7077225331394077,0.43637493416700723,3
2.8121955502150247,0.4489797865411078,3
2.74143016335184,0.416114957309988,3
2.725932645536894,0.40502547956985946,3
2.4641860697040077,1.6770822670959002,3
2.74194649744053,0.498519057573669,3
2.86348777386068,0.37517712121941477,3
2.7342134196838015,0.48907517363124464,3
2.742193220408796,0.454557424717563,3
-0.9812588159284643,-0.46672552374783605,61
-1.6546994119543583,-0.24496456904972402,61
-1.3882753836325343,-0.17133952331128988,61
-1.4546599684819617,-0.0248975184840277,61
-1.1783679016146946,-0.14315728902989158,61
-0.9812588540025137,-0.4667254552696932,61
-1.6540511792328478,-0.24764106865657423,61
-1.3882746044804393,-0.1713165070696628,61
-1.4546603617683114,-0.02490538391120468,61
-1.1783684135766683,-0.1431601868332438,61
-2.2908252887470018,1.459288035376328,68
-2.2243364748305625,1.3553034791707412,68
-2.2923289469153953,1.4397519296751118,68
-2.3303830181495107,1.4022763796443662,68
-2.290825288747001,1.4592880353763267,68
-2.2243364748305616,1.3553034791707421,68
-2.2923289469153967,1.439751929675113,68
-2.3303830181495098,1.402276379644365,68
0.09610216612289552,2.76148867510024,10
-0.23846488904906238,2.566465443551171,10
-0.1460729501291848,2.6424316278426967,10
-0.27475041940762646,2.585524328338993,10
-0.18130583478031226,2.51461690333094,10
0.0952912245640698,2.887924840717216,10
0.06813446824262231,2.7680665335277115,10
0.08552770460486889,2.840543882414514,10
-0.049966469876292184,2.79777124235921,10
0.021734197989322697,2.8143421899384347,10
-2.081293208513758,1.2213551831524099,68
-2.339643445924177,1.4406551459647456,68
-2.236448683642744,1.3526635598132934,68
-2.242477352154128,1.4321407547519687,68
-2.264417238159099,1.3969123038223539,68
-2.0812932085137588,1.2213551831524097,68
-2.3396434459241773,1.4406551459647454,68
-2.236448683642742,1.3526635598132926,68
-2.242477352154129,1.4321407547519684,68
-2.2644172381590986,1.396912303822354,68
-2.0221262867351784,0.8382616650659953,67
-1.980140199013346,0.8649722568216731,67
-2.019678727115507,0.8665790480382589,67
-2.0210508160269525,0.8585730496093984,67
-2.022126286735176,0.8382616650659959,67
-1.9801401990133456,0.8649722568216729,67
-2.019678727115508,0.866579048038259,67
-2.021050816026954,0.8585730496093978,67
1.552390320796188,3.134471339901717,1
1.490460980848526,3.1351012352051217,1
1.5217659239722925,3.1281430889599062,1
1.4670279266806414,3.0768201436944893,1
1.4569327952949018,3.0438135627997522,1
1.553660800747313,3.2763860497192376,1
1.4989668832540795,3.271978034886284,1
1.5754861168422065,3.2762772000828537,1
1.4382307602804085,3.290663276980829,1
1.4614713893688334,3.2804630696971575,1
-1.859170882943035,0.7459383595847796,67
-2.067882571178419,0.8548758864593636,67
-1.9606164723854556,0.8587886407619297,67
-1.9717166912146515,0.8995441622704597,67
-1.9183531322668632,0.8529249696606889,67
-1.8591708829430325,0.7459383595847796,67
-2.06788257117842,0.8548758864593637,67
-1.9606164723854558,0.8587886407619306,67
-1.971716691214651,0.8995441622704591,67
-1.9183531322668628,0.8529249696606895,67
-1.1203464993291168,0.47215867237079556,64
-1.0004061043759342,0.37408319429890846,64
-1.1228347990205187,0.42609523841073627,64
-1.0050132793738527,0.32625479062841306,64
-1.1203464993292884,0.472158672371,64
-1.000406104375891,0.3740831942988528,64
-1.1228347990204406,0.4260952384106316,64
-1.0050132793738256,0.3262547906283753,64
1.410074421555338,1.4050179718938365,12
1.4422262985338106,1.3061340399297323,12
1.4464925465082832,1.3341165892481435,12
1.4297393960205922,1.2783892176407863,12
1.4030751142990434,1.2179150496783038,12
1.3973892458168098,1.3923284684905675,12
1.5155747234904597,1.4512452379743919,12
1.470400291405332,1.3957353173129543,12
1.4775135538665285,1.394817392489728,12
1.4703135022564773,1.3695727918841496,12
-0.9493767818400128,0.45287167830978975,64
-1.1154196866331723,0.401714449678046,64
-1.024544227577991,0.3546365917621199,64
-1.0610995140851591,0.38833991477578667,64
-1.0034846778226856,0.3140083654211529,64
-0.9493767818399949,0.4528716783097702,64
-1.1154196866333221,0.401714449678287,64
-1.0245442275779937,0.3546365917621219,64
-1.0610995140851633,0.3883399147757909,64
-1.003484677822675,0.3140083654211418,64
-1.3028478052931456,-0.060519080010375134,63
-1.0173372537332084,0.025232440031666782,63
-1.270190106829119,-0.027141109952836247,63
-1.0799111578525509,-0.017826041148097663,63
-1.3028476074214765,-0.060518113900758924,63
-1.0173372536351935,0.02523246477767512,63
-1.2701901427414846,-0.027141825224654456,63
-1.0799111510669452,-0.01782575237938395,63
2.167884045182754,2.139655723420355,4
2.169270508932677,2.0392939443166873,4
2.1657702759620747,2.056678433705562,4
2.1774823003165737,2.03898605623612,4
2.142468938102474,2.0328493206052434,4
2.1480568413565724,2.1101815292019155,4
2.212752072401723,2.144198346747724,4
2.189915324491871,2.0823996757464265,4
2.1462726891612585,2.1004967462941555,4
2.1567017280820218,2.0955332486298417,4
-0.9710625614146786,0.10767531479550273,63
-1.4516282221061512,-0.1783207207399878,63
-1.1700799939846893,0.0027194664050706973,63
-1.3211683813620168,0.029115206018613546,63
-1.0800266728302683,0.04222258173482035,63
-0.9710625669180057,0.10767514274709748,63
-1.4516279993369847,-0.17832368781482855,63
-1.1700799971113385,0.002719141134002854,63
-1.321168177775814,0.029116000276927474,63
-1.080026676348259,0.04222244808652019,63
-1.7980845314327936,1.058773575665979,66
-1.7014632073851779,0.9598272068628302,66
-1.795182716482694,1.017277329289159,66
-1.7867221439945284,0.99483509073205,66
-1.7980845314327927,1.0587735756659788,66
-1.7014632073851774,0.9598272068628295,66
-1.7951827164826937,1.017277329289157,66
-1.7867221439945284,0.9948350907320502,66
0.4965612624600215,2.5598435163165796,12
0.39454271962499954,2.463198622850417,12
0.419348633761003,2.469908408859506,12
0.3846395497580692,2.4452694963091535,12
0.31819741454389444,2.4609311137730296,12
0.592291563313659,2.6331795930482573,12
0.6269126066496079,2.64976310898853,12
0.6008722956153237,2.5992458735924537,12
0.5504853544850211,2.631067307048884,12
0.5544745193095787,2.6570023704054426,12
-1.77198798740995,1.0061108685440119,66
-1.7814621163504971,0.9941404545122653,66
-1.7156643193256822,0.9360925814326282,66
-1.7198357499543324,0.9893165222363971,66
-1.7772857429949747,1.016646541037124,66
-1.771987987409949,1.0061108685440132,66
-1.7814621163504976,0.9941404545122652,66
-1.7156643193256818,0.9360925814326282,66
-1.719835749954333,0.9893165222363977,66
-1.7772857429949738,1.016646541037124,66
-1.783705699597055,0.6394300919810879,65
-1.5937388862408335,0.656413611830472,65
-1.7472197064688735,0.6084116687440446,65
-1.6666158602052172,0.6554629898813562,65
-1.7837056995970546,0.6394300919810877,65
-1.5937388862408344,0.6564136118304722,65
-1.747219706468873,0.6084116687440445,65
-1.666615860205218,0.6554629898813559,65
1.4731851023985545,3.0316130696907075,1
1.441693747144223,2.987272423652129,1
1.4431853915423025,2.9635749843676242,1
1.4108777039512241,2.9369013029435003,1
1.3989437722534057,2.9401257310129796,1
1.4726019793136629,3.061465566367218,1
1.475942592248059,3.0973759938003584,1
1.487218479456704,3.0278945150681653,1
1.4206243290974163,3.0699350270859633,1
1.4593024954005633,3.0823585382488274,1
-1.775099792346008,0.776806434280974,65
-1.793219882496804,0.5699859869456568,65
-1.6618847261435183,0.6468837636244773,65
-1.7593132048690914,0.6588692182903416,65
-1.6617724320749174,0.6946380267127213,65
-1.7750997923460063,0.7768064342809806,65
-1.7932198824968035,0.5699859869456574,65
-1.6618847261435181,0.6468837636244774,65
-1.7593132048690912,0.6588692182903407,65
-1.661772432074916,0.6946380267127215,65
2.1183579367366665,-1.4717501625894154,44
2.3836615446548457,-1.4226159681105912,44
2.342277456901396,-1.39950225208431,44
2.180053687704622,-1.3832556781984462,44
2.1183579367366665,-1.4717501625894158,44
2.3836615446548453,-1.4226159681105903,44
2.3422774569013955,-1.3995022520843092,44
2.1800536877046204,-1.3832556781984482,44
1.8292005084815917,-2.991315892192512,52
1.989619559449926,-2.6529352997436044,52
1.92426965364488,-2.7863675955240232,52
2.0801719027301138,-2.7191225759263107,52
1.9929047223309129,-2.9997812111765336,52
1.865783623545139,-2.8185829970538614,52
2.0160685793949895,-2.726473718042618,52
2.0427629918956107,-2.829223406329062,52
2.04721292850208,-2.7070890978121884,52
2.1013829432575646,-2.8611776029176315,52
2.2323769273135756,-1.4270496532417054,44
2.1807136053525378,-1.4103232513941952,44
2.377339437179411,-1.296215673686381,44
2.325391633747293,-1.3072994925164716,44
2.163730990190535,-1.3395188467148942,44
2.2323769273135756,-1.427049653241707,44
2.1807136053525378,-1.4103232513941957,44
2.3773394371794128,-1.2962156736863808,44
2.325391633747293,-1.3072994925164703,44
2.1637309901905355,-1.339518846714894,44
2.469695734932386,-1.3636494191114972,44
2.226523859131023,-1.2375244695865384,44
2.4724335343684305,-1.279392417718659,44
2.515180275509443,-1.2852540354941984,44
2.333045145962946,-1.2391710045707127,44
2.4696957349323867,-1.3636494191114974,44
2.226523859131022,-1.2375244695865388,44
2.4724335343684305,-1.2793924177186584,44
2.5151802755094423,-1.2852540354941977,44
2.333045145962945,-1.2391710045707132,44
1.9493268930845515,-2.7893814970116395,52
2.0850389291271236,-2.9208591033204847,52
1.8488225031826686,-2.66062003904973,52
-2.4145686719629618,1.883489275455503,52
1.966191278129483,-2.638941643186623,52
-2.459408010546667,2.018183933474734,52
1.8881102350017032,-2.6651815125197187,52
2.2907702545665427,-2.8776319684607223,52
1.993206023100882,-2.712736632322533,52
2.1791838757438518,-2.8328811518528574,52
1.9493268931203223,-2.7893814969861332,52
2.0850389776770966,-2.9208590680651167,52
-2.1524920447555447,1.6656912891516529,52
2.07252403633684,-2.7230593787111026,52
1.9661912781288398,-2.6389416431871435,52
2.1823589651266353,-2.714603146517632,52
1.888110234924678,-2.665181512579293,52
2.290770254566733,-2.877631968460568,52
1.9932060231034496,-2.7127366323205666,52
2.17918387574423,-2.8328811518525576,52
-1.4126237298787447,0.07623365754812234,62
-1.130106490103246,0.044860756991586405,62
-1.327569296859409,0.1644659572362052,62
-1.2278148218052585,0.050601012914732624,62
-1.412623707547053,0.07623275572262192,62
-1.1301064910343972,0.04486076014291222,62
-1.3275692953684528,0.16446594993881394,62
-1.2278148097324135,0.05060098282224116,62
1.686392066163459,0.37673656608291195,5
1.677833304063888,0.17460407888624185,5
1.7360782780380073,0.23367030796637384,5
1.7145788956700245,0.21460561560848407,5
1.7383981621047633,0.18404130839203922,5
1.697229673976123,0.2985239218375438,5
1.6614076686104806,0.22774952960215658,5
1.6784235544805333,0.16775102247317608,5
1.6915425306102327,0.22848888389478095,5
1.7672126316085874,0.16906595781331396,5
-0.9934542623891132,-0.1045645260868324,62
-1.4807364884388983,0.05591221546826952,62
-1.1273363386521016,0.036245141340084205,62
-1.200731814985466,0.20612982273956135,62
-1.0986107046693998,0.060986183684818625,62
-0.9934542552226097,-0.10456454903720959,62
-1.4807358214739388,0.05590638030367799,62
-1.1273363386257231,0.03624514124466075,62
-1.2007318152568862,0.20612982363941,62
-1.0986107062725603,0.06098618881307958,62
-1.1871065053135326,-0.8526251634984063,61
-0.9182259511385863,-0.745012242629426,61
-1.1004181135717168,-0.7955856098402677,61
-0.9705040627601448,-0.7812703705888155,61
-1.1871064952192572,-0.8526252183055589,61
-0.9182259507352276,-0.7450122463062772,61
-1.1004180864365045,-0.795585755405509,61
-0.970504056973167,-0.7812704151002439,61
2.7557599740532592,0.5071697415658901,3
2.5563306197393927,0.37499003770385103,3
2.68863740951209,0.430842969071003,3
2.6303752027908454,0.4491680946671624,3
2.6604536816517244,0.45929083044115904,3
2.749864645222804,0.4958815735121794,3
2.604515158980074,0.4563218538479036,3
2.678679845193994,0.3145745967359694,3
2.6159057248837105,0.4920095735450608,3
2.7104509502610363,0.4199945168507025,3
-0.7956348725890164,-0.8800222637079508,61
-1.1467624394979417,-1.1060567927820537,61
-0.820818456076037,-0.6729077766169167,61
-1.0517221054626018,-0.5712585963101794,61
-0.779493198884995,-0.7233959764817339,61
-0.7956348725902731,-0.880022263744813,61
-1.146762370377001,-1.1060569679239052,61
-0.8208184562831041,-0.6729077787341576,61
-1.0517221397910124,-0.5712585160012582,61
-0.779493202482188,-0.7233959929997252,61
-1.970036511216328,1.2540816872640947,68
-1.9620473033791166,1.2341021191839638,68
-2.014177493116593,1.306127200428546,68
-2.040319068929432,1.2796888240741668,68
-1.9700365112163174,1.2540816872640954,68
-1.9620473033791235,1.2341021191839594,68
-2.0141774931165943,1.3061272004285462,68
-2.040319068929427,1.2796888240741688,68
0.46045774822031016,2.3755925402835394,10
0.27524080783680327,2.097194121492234,10
0.3771214938832309,2.1763821241812975,10
0.3278072913878658,2.2231828787838945,10
0.45476814801880383,2.1851592781935376,10
0.578714462410341,2.4675470535536363,10
0.6201223089542286,2.2924131590166996,10
0.5370120766592081,2.2648290122253254,10
0.5713108705606503,2.4034572484206405,10
0.6496681081500753,2.411076735589634,10
-1.6165079810190162,0.9455753287627885,68
-1.9967171348170458,1.2595524120006363,68
-1.9096220699740407,1.1835433223879968,68
-1.8803729289620474,1.2521748376992623,68
-1.8513988700084314,1.1815358152725568,68
-1.6165079810190155,0.9455753287627885,68
-1.9967171348170458,1.2595524120006358,68
-1.9096220699740398,1.1835433223879972,68
-1.8803729289620474,1.2521748376992616,68
-1.8513988700084334,1.1815358152725572,68
-1.5660548606580476,0.6555857851058701,67
-1.4977683703777607,0.6732539692948959,67
-1.6214805313021108,0.6903725783810929,67
-1.537310156058959,0.6628408688874202,67
-1.5660548606580467,0.6555857851058704,67
-1.49776837037776,0.6732539692948962,67
-1.621480531302111,0.6903725783810932,67
-1.5373101560589586,0.6628408688874206,67
1.755004935363321,2.8619180257072303,1
1.6622415112306679,2.8433103539578877,1
1.6975444396680857,2.8415036408666374,1
1.675180093782544,2.830495835679233,1
1.6866064182322424,2.833044385188275,1
1.7136030173332117,2.9104715968589594,1
1.693522133455735,2.9323332123865935,1
1.728941357898264,2.909644082705421,1
1.6629310234639882,3.011109378449255,1
1.7196576779093526,3.0008327848791003,1
-1.23970482203617,0.4013316612794033,67
-1.5557293234289191,0.6001189398242922,67
-1.4141703283028018,0.5774904732953758,67
-1.5355333041926744,0.6863253803111752,67
-1.409492849671733,0.607427610253353,67
-1.239704822036169,0.40133166127940284,67
-1.5557293234289187,0.6001189398242925,67
-1.4141703283028024,0.5774904732953757,67
-1.5355333041926742,0.6863253803111758,67
-1.409492849671734,0.6074276102533537,67
-0.8518443958462424,-0.030365913441386422,64
-0.8135805965870941,-0.05479093580917711,64
-0.8859561008360911,-0.022163415271835078,64
-0.8643123693103169,-0.0639929116310325,64
-0.8518443958462429,-0.030365913441386186,64
-0.8135805965870939,-0.054790935809177294,64
-0.8859561008360906,-0.02216341527183499,64
-0.8643123693103164,-0.06399291163103353,64
1.7359118901893056,1.263382657539836,12
1.730707395858401,1.0763565115944531,12
1.7312979075666408,1.1076282454007946,12
1.7078236322798273,1.1039789941418034,12
1.6694433461600242,1.1185616447527387,12
1.659268525165628,1.161698685617374,12
1.7170599240298743,1.1587546541318263,12
1.7369555207917466,1.0453398505794165,12
1.6675794936147348,1.139128020163687,12
1.6841889896019093,1.0911025126149236,12
-0.6425564321204156,-0.1688447478052388,64
-0.8904056165647731,-0.060190282489557274,64
-0.7460870964979868,-0.04442058614790933,64
-0.8274023485703675,0.038622330791653774,64
-0.7101872396510339,-0.06525230709613193,64
-0.6425564321204157,-0.16884474780523875,64
-0.8904056165647727,-0.06019028248955737,64
-0.7460870964979865,-0.0444205861479093,64
-0.8274023485703675,0.03862233079165386,64
-0.7101872396510337,-0.06525230709613207,64
-0.9692685878849917,-0.5813335141680869,63
-0.7753410052064997,-0.5000401260688786,63
-0.9329117676903348,-0.5316718228994188,63
-0.8483973606353804,-0.549763057454557,63
-0.9692685878846287,-0.5813335141697499,63
-0.775341005206531,-0.5000401260687241,63
-0.9329117676913522,-0.5316718228941326,63
-0.8483973606354072,-0.5497630574542894,63
2.474206287402637,1.9452887092728275,4
2.361711916956518,1.8028972670235255,4
2.3954362316147395,1.8238208270142116,4
2.3706387080867017,1.803471340644666,4
2.3600783100894698,1.8820219245451457,4
2.36720956269618,1.859035531641389,4
2.333395592670346,1.912626075911396,4
2.373221630898592,1.8156724082142899,4
2.287759162971626,1.8671777793505593,4
2.323063709577525,1.8948950740325134,4
-0.7083663519831835,-0.6282473969540805,63
-1.0574593468602553,-0.6244132864437042,63
-0.7547098717346871,-0.5380016787628715,63
-0.8776862469460585,-0.3908818836672558,63
-0.7691155601664903,-0.49184671905450295,63
-0.708366351983184,-0.6282473969540829,63
-1.0574593468950846,-0.6244132863497106,63
-0.7547098717346916,-0.5380016787628304,63
-0.8776862469477457,-0.3908818836622849,63
-0.7691155601669883,-0.4918467190521504,63
-1.1732187386401987,0.5858572639634316,66
-1.1634247960968211,0.5589322992644015,66
-1.2329405210025863,0.6139369308475449,66
-1.2092683118176109,0.5939261028429093,66
-1.173218738640199,0.5858572639634314,66
-1.1634247960968211,0.5589322992644021,66
-1.2329405210025863,0.6139369308475446,66
-1.2092683118176113,0.593926102842909,66
1.0147407657489562,2.2612541852176804,12
0.9434273557805757,2.131937184726187,12
0.9439180208548134,2.082536230516252,12
0.8808457391821729,2.0950808844152236,12
0.8560030843618416,2.130920296218297,12
0.9546714332273994,2.244705964339577,12
0.9866934994974318,2.2762466619695227,12
1.0093998076785649,2.1945060800251466,12
0.8741468107769542,2.25942631644773,12
0.8947812584479862,2.2731326000168397,12
-1.0605583960219218,0.40019158869402205,66
-1.1876306372558454,0.5506907812997832,66
-1.1213057339551484,0.5091857975176666,66
-1.1747239199098571,0.6200961107568479,66
-1.0938494443569475,0.5360802744919947,66
-1.0605583960219203,0.40019158869402177,66
-1.1876306372558454,0.5506907812997834,66
-1.121305733955148,0.5091857975176667,66
-1.174723919909857,0.6200961107568479,66
-1.093849444356948,0.5360802744919947,66
-1.0835908521225242,0.2109581026921674,65
-1.0047181821595068,0.25401247400567006,65
-1.1027529204600044,0.22043741481976784,65
-1.0318341426109543,0.22774611212924686,65
-1.083590852122524,0.21095810269216692,65
-1.004718182159507,0.25401247400567,65
-1.1027529204600055,0.22043741481976772,65
-1.0318341426109547,0.22774611212924692,65
1.7770012140690954,2.8135796385528216,1
1.7395360873425394,2.759341276749558,1
1.7339162191260242,2.7086981321856882,1
1.7170522904567724,2.7211115882325254,1
1.6903651212126827,2.7408925525957373,1
1.7432590984162701,2.7848770447766107,1
1.7197743151154057,2.832147168458031,1
1.736740428990722,2.7807758213272185,1
1.6668425878107347,2.823762594603667,1
1.706287678053128,2.8749507342567235,1
-0.9476366815999647,0.09100551923603993,65
-1.1354496640618117,0.14176250919806935,65
-0.9792366554660829,0.21116803950822474,65
-1.0592958155648777,0.24211632821778864,65
-0.95285145815474,0.22109089670982893,65
-0.947636681599965,0.09100551923603989,65
-1.1354496640618128,0.1417625091980694,65
-0.9792366554660826,0.2111680395082247,65
-1.0592958155648777,0.24211632821778864,65
-0.95285145815474,0.22109089670982912,65
2.154140102094726,-1.5471645456829861,44
2.376339705069523,-1.4355323638557766,44
2.3405759871700917,-1.5100683810728002,44
2.2417089665382566,-1.4008055080079989,44
2.1541401020947264,-1.5471645456829863,44
2.3763397050695216,-1.4355323638557769,44
2.340575987170092,-1.5100683810728004,44
2.2417089665382584,-1.4008055080079993,44
-2.8241812449960326,1.865736924617228,52
1.819286374572267,-2.7303338334934573,52
1.7284361172959157,-2.893075824077699,52
1.9433353991153879,-2.800943662051717,52
1.7776602817961153,-3.160223241387968,52
1.7923078336920495,-2.8999929973845004,52
1.8788359771505625,-2.7242636557079387,52
1.9135644536398362,-2.798143059904599,52
1.91220309278264,-2.693211942749006,52
1.893396060154159,-2.8653999818887583,52
2.1857865562577965,-1.3596946106536205,44
2.1228095673264504,-1.466842929175353,44
2.3593378218377894,-1.382661360133815,44
2.276767955324677,-1.4138266635404064,44
2.1767390683915546,-1.3826923331253695,44
2.185786556257796,-1.3596946106536205,44
2.122809567326448,-1.4668429291753546,44
2.359337821837789,-1.3826613601338134,44
2.2767679553246762,-1.4138266635404069,44
2.1767390683915573,-1.3826923331253693,44
2.5107538456259735,-1.3532807273406273,44
2.195491994652031,-1.31238805990585,44
2.460019696301602,-1.3200478795198738,44
2.544810019450237,-1.366002008065166,44
2.3644096400328998,-1.3020090761320884,44
2.510753845625973,-1.3532807273406273,44
2.195491994652031,-1.31238805990585,44
2.4600196963016034,-1.3200478795198745,44
2.544810019450239,-1.3660020080651645,44
2.3644096400329007,-1.3020090761320888,44
1.8197351696752782,-2.807935273678424,52
1.7460234218832498,-2.962962856666521,52
1.69283821909315,-2.6926528613834653,52
1.7802495336969892,-2.777273691672184,52
1.7910278205282075,-2.6060408883411728,52
1.8727523358849143,-2.7165091328015243,52
1.7269463903550022,-2.689837569059856,52
1.978134375360528,-2.9263562855216776,52
1.8910410186604167,-2.8589825545854453,52
1.9207078571187575,-2.921591942197695,52
1.8197351700080173,-2.8079352734631864,52
1.7460234216118025,-2.9629628568167163,52
1.6928382118674046,-2.692652866131295,52
1.7802495334267534,-2.777273691845768,52
1.7910278207058214,-2.6060408882032644,52
1.872752335886598,-2.7165091328003066,52
1.726946390897327,-2.689837568700313,52
1.9781343753568184,-2.9263562855241636,52
1.8910410186888527,-2.8589825545666234,52
1.9207078571168388,-2.9215919421989525,52
0.4012800737266915,-0.7109137714379533,56
0.4560987665264394,-0.6917495090589557,56
0.3751156918881125,-0.6757166421893127,56
0.404720504299319,-0.7398789746572422,56
0.40128007372669167,-0.7109137714379538,56
0.4560987665264381,-0.6917495090589566,56
0.37511569188812827,-0.6757166421892952,56
0.40472050429931855,-0.7398789746572428,56
2.383728586111515,0.4334976954085657,6
2.382061706782115,0.3042431837152006,6
2.4145101586706095,0.35611366197086314,6
2.436760964882959,0.38269973644045413,6
2.4345731751962276,0.3646789148133805,6
2.3172967802770463,0.34787733755914463,6
2.423628430745916,0.3308096867882737,6
2.346025308082731,0.2839822733098202,6
2.4145278942230015,0.33631453151354346,6
2.4189280135378826,0.3050338501661827,6
0.5473858770058088,-0.8786287235986003,56
0.2956416789461994,-0.8767207134541366,56
0.3624436110825262,-0.6341990403545991,56
0.35994899897928717,-0.6410850719391588,56
0.400582775849469,-0.6878066554706893,56
0.5473858785402471,-0.8786287225009518,56
0.29564167894619914,-0.8767207134541365,56
0.3624436110825267,-0.6341990403545992,56
0.35994899897929106,-0.6410850719391561,56
0.4005827758494669,-0.6878066554706933,56
0.5843337078359928,-0.829859489771124,55
0.6239770042816289,-0.9439713733440934,55
0.5033788605372584,-0.885799944520955,55
0.5930465330775028,-0.9561188474039443,55
0.5843337078358117,-0.8298594897712532,55
0.6239770042816442,-0.9439713733440818,55
0.5033788605372597,-0.8857999445209543,55
0.5930465330775001,-0.9561188474039468,55
3.271874659651668,0.6400789064678125,2
3.0926683822919867,0.5273206501512319,2
3.2194371577242418,0.6013182312543611,2
3.16256214448784,0.5904043210589804,2
3.1611456946570478,0.6061015339735002,2
3.164853022142876,0.5980315800779816,2
3.186773054353375,0.5896776887003268,2
3.145178035662739,0.525727326161031,2
3.1642850259204005,0.6385715079884609,2
3.1629368222173264,0.6046503915057002,2
0.6299738008900823,-0.9571905966755326,55
0.48711482123874267,-0.9225549263308038,55
0.62158246979564,-0.8705985846614724,55
0.5733048939069689,-0.8270192433360087,55
0.6113021583602718,-0.9149147914136275,55
0.6299738008902892,-0.9571905966754028,55
0.4871148212387425,-0.9225549263308035,55
0.621582469795641,-0.8705985846614709,55
0.5733048939039688,-0.8270192433383853,55
0.6113021583602458,-0.9149147914136463,55
-0.3653534990941965,0.18948914447183524,60
-0.2820582699200579,0.07132042040685593,60
-0.40630688480421734,0.17585577143882555,60
-0.3318168449963645,0.06970582806795335,60
-0.3653516100846221,0.18948727043477837,60
-0.28205825577772115,0.07132040587430712,60
-0.4063067920058872,0.17585568205697427,60
-0.331816832886706,0.06970581493580326,60
1.9932575884864192,1.6962362312648016,11
2.0083790200408886,1.5970277235737178,11
2.010205880690461,1.62071552547108,11
1.9941803336126727,1.651807634120631,11
2.0153622060250647,1.6746680571671082,11
2.053331079867192,1.7890795877122507,11
2.130191817203441,1.7440855769313601,11
2.0837524207398634,1.6872549943157757,11
2.0770989788461467,1.8124760760656387,11
2.1304499024312546,1.7635193961030067,11
-0.21500248856551998,0.0025375532549696267,60
-0.5210584462866334,0.18299786796481568,60
-0.3211896673725724,0.10470926054181397,60
-0.4120159163568248,0.2095215722800638,60
-0.35122161401619956,0.09091839522241676,60
-0.21500246995701724,0.002537535557270767,60
-0.5210529087831827,0.18299182264425934,60
-0.32118964604789035,0.10470923722833776,60
-0.4120159141387674,0.209521570122458,60
-0.35122144664156085,0.0909182111028019,60
-0.026455362055842185,-0.2549287836118101,59
0.04269858929543138,-0.34273878209484615,59
-0.08126239998803665,-0.2694202709526854,59
0.014372789467218384,-0.3822872871256922,59
-0.02645536205583982,-0.25492878361181526,59
0.042698589293600236,-0.34273878209133146,59
-0.08126239998802978,-0.2694202709527042,59
0.014372789466880172,-0.38228728712484317,59
2.711903057742976,2.0783007307516264,1
2.6237023303943103,2.0615707982096088,1
2.684703548583315,2.064136306929587,1
2.6325422633226894,2.0484600994036257,1
2.6133082629445585,2.078443841941154,1
2.692394841537019,2.1822310097640916,1
2.647675257291933,2.2258845445917155,1
2.696368266685739,2.1969979792549736,1
2.6168783685791537,2.2773182067949516,1
2.6657538677649333,2.3043880045522367,1
0.13930113469001193,-0.4352195067783918,59
-0.05643478341400517,-0.3473552921633894,59
-0.04372095660123761,-0.28871244284684844,59
-0.0893652785676709,-0.1949280426088495,59
-0.04000394812341264,-0.3015142932290566,59
0.13930113469002023,-0.43521950677839705,59
-0.056434783413800614,-0.3473552921638802,59
-0.043720956601267215,-0.2887124428467619,59
-0.0893652785676709,-0.19492804260884944,59
-0.040003948123435405,-0.3015142932290013,59
0.5014636022749661,-0.821645686180775,54
0.5594118964915256,-0.8595528001896492,54
0.4495465203025537,-0.8331182657844346,54
0.5418581993331087,-0.8878347475530691,54
0.5014636022749661,-0.8216456861807757,54
0.5594118964915262,-0.8595528001896472,54
0.44954652030255354,-0.8331182657844345,54
0.5418581993331087,-0.8878347475530699,54
2.7809835844299005,1.114712795395292,7
2.7436275054354833,1.010892714901387,7
2.71472690586579,1.0184600389622305,7
2.72827357386048,1.0306500241188346,7
2.7122176993363345,1.0578840913170031,7
2.756241116368967,1.098889786764051,7
2.8377556997976647,1.0924212971934306,7
2.767856249121207,1.0079046431850178,7
2.7809933181018436,1.0877493159034015,7
2.7570335931605268,1.0658881306514945,7
0.8281514758754709,-0.8518345315079124,54
0.4083891023190534,-0.974663992367439,54
0.5023581039675385,-0.7812516892498378,54
0.45646482229380364,-0.7776285758953841,54
0.5274953472841433,-0.8181966040200193,54
0.8281514758599331,-0.8518345315254597,54
0.4083891023190525,-0.9746639923674387,54
0.5023581039675363,-0.7812516892498402,54
0.45646482229380386,-0.7776285758953844,54
0.5274953472841433,-0.8181966040200194,54
0.5009535664050118,-1.1885196232812953,53
0.5694653549763005,-1.2867976019029663,53
0.4530854189454641,-1.2635766925006593,53
0.5729305438246701,-1.3075505194184245,53
0.5009535664050113,-1.1885196232812947,53
0.5694653549762988,-1.2867976019029679,53
0.4530854189454642,-1.26357669250066,53
0.5729305438246702,-1.307550519418424,53
3.5009544392752523,1.4005710240013105,2
3.3949575913706806,1.2553537741170697,2
3.432490947435153,1.3025432111482251,2
3.417757643416646,1.285497057458987,2
3.395987987884881,1.296085211543992,2
3.443800816434215,1.3633514374921756,2
3.4603034108666977,1.3616808877212052,2
3.4391948866927087,1.2901798730552045,2
3.404623772640046,1.3696506060661464,2
3.3914970426759026,1.3516563282210736,2
0.5911797788496562,-1.255294679233704,53
0.47384522280322844,-1.2460948907337948,53
0.5726582536199649,-1.2311626421316444,53
0.5154299740160866,-1.2104601079931145,53
0.5746009689097,-1.258220641690178,53
0.5911797788496636,-1.2552946792337047,53
0.47384522280322827,-1.2460948907337952,53
0.5726582536199645,-1.2311626421316422,53
0.5154299740160877,-1.2104601079931188,53
0.5746009689096996,-1.258220641690179,53
0.09319129538733588,-0.2513116505209072,58
0.11784897553374467,-0.2778071052447995,58
0.02510797386389011,-0.2465975790815162,58
0.08284787132885557,-0.30065842997254666,58
0.09319129538733582,-0.25131165052090737,58
0.11784897553374472,-0.27780710524479957,58
0.025107973863890083,-0.2465975790815158,58
0.08284787132885554,-0.3006584299725467,58
2.1824453776235178,1.8137611064562345,14
2.147435648542752,1.7513580697626514,14
2.1284716171198728,1.6979197502584789,14
2.127702082526172,1.7421163228952106,14
2.1584467115561714,1.8057158048624835,14
2.2342493712303084,1.8696768284025025,14
2.291492966457127,1.9005343752590835,14
2.206053990026265,1.782630044825517,14
2.218139040750979,1.8686299803257216,14
2.2845521609338113,1.907051194765005,14
0.2709735065901998,-0.4200040463421613,58
0.017816404530540734,-0.3244884397830083,58
0.052765173010037116,-0.20845517017398307,58
0.016624247603553553,-0.18744595467218153,58
0.04147878061239903,-0.2649756859936611,58
0.27097350659019953,-0.42000404634216076,58
0.017816404530540845,-0.3244884397830087,58
0.05276517301003708,-0.20845517017398324,58
0.01662424760355352,-0.1874459546721816,58
0.04147878061239906,-0.26497568599366095,58
0.1412654953658021,-0.498691508150609,57
0.20560881802982986,-0.5619317626632302,57
0.08533423473802895,-0.562988181974567,57
0.18026253479775511,-0.609587212692476,57
0.14126549536580224,-0.49869150815060875,57
0.20560881802983008,-0.5619317626632303,57
0.08533423473802898,-0.5629881819745672,57
0.1802625347977551,-0.6095872126924762,57
2.897604830558646,2.310569230566974,0
2.8211996600654006,2.182653356674743,0
2.85101864817187,2.1952343007855415,0
2.835020227406963,2.1419691487133363,0
2.8544170789249974,2.181326458924434,0
2.9120925122403345,2.3123929114529966,0
2.8837073130813877,2.295584211173754,0
2.882058798805892,2.263717168042884,0
2.836961950764044,2.2729783393128415,0
2.8950513213265254,2.33056162839642,0
0.24461620377625828,-0.6768575558126653,57
0.07814906787797295,-0.6015453585676519,57
0.2064245544749798,-0.5407185621011792,57
0.10215550327636487,-0.4931223816278313,57
0.17049235775413035,-0.5897498229822729,57
0.2446162037762544,-0.6768575558126801,57
0.07814906787797292,-0.6015453585676522,57
0.20642455447497984,-0.5407185621011783,57
0.10215550327636497,-0.4931223816278317,57
0.17049235775413035,-0.5897498229822733,57
2.5604878202518924,-2.157636403182202,41
2.6831206224267072,-2.2181573951572156,41
2.6930544758045363,-2.189835315767247,41
2.5871024402053253,-2.1917533802540925,41
2.5604878202518915,-2.1576364031822046,41
2.683120622426711,-2.218157395157209,41
2.6930544758045363,-2.189835315767246,41
2.5871024402053244,-2.191753380254093,41
1.2640181474942411,-3.801491132994745,45
1.3537680163908616,-3.7421830651602392,45
1.2537233685198874,-3.7360200141283166,45
1.4159975561927303,-3.6768377185530623,45
1.320708500133512,-3.926054504367952,45
1.1138444034555905,-3.646044345274334,45
1.3016148797795568,-3.671972218213603,45
1.2867731880215352,-3.6572980822109447,45
1.2836225548416897,-3.6597778044942513,45
1.2361459120595113,-3.8137461903183296,45
2.6020959227750198,-2.174971252953263,41
2.483810187751881,-2.147009662128263,41
2.6301298342180086,-2.1615533884083415,41
2.5990442809223278,-2.122148990860781,41
2.4877153106671743,-2.1381037357250654,41
2.602095922775019,-2.174971252953262,41
2.48381018775188,-2.1470096621282644,41
2.6301298342180073,-2.1615533884083424,41
2.599044280922328,-2.1221489908607793,41
2.4877153106671734,-2.1381037357250645,41
2.7806522885055696,-2.2687352609654803,41
2.5838969370399045,-2.206208788418277,41
2.7569689548867675,-2.2048213771237317,41
2.79528231493159,-2.2131011852211717,41
2.699050126568385,-2.2339561718413807,41
2.7806522885055696,-2.2687352609654816,41
2.5838969370399054,-2.206208788418277,41
2.7569689548867706,-2.2048213771237313,41
2.7952823149315895,-2.213101185221175,41
2.6990501265683857,-2.23395617184138,41
1.1577188873172732,-3.621848873227079,45
1.4071988891547798,-3.703421362016731,45
1.038066940348065,-3.550304645229181,45
1.3424119281469393,-3.662825464263429,45
1.0982545740782543,-3.6278791168638223,45
1.4011222066480031,-3.6276146696656633,45
1.0002272630217313,-3.6462899647119946,45
1.3459395039668587,-3.7275745061700647,45
1.1688158730527636,-3.5901016698769146,45
1.4026521412524349,-3.782429364984801,45
1.157718885293552,-3.6218488737984655,45
1.407198889741619,-3.7034213618124743,45
1.038066887556327,-3.5503046583529647,45
1.3424119271042516,-3.662825464605572,45
1.098254574029282,-3.6278791168764237,45
1.401122206467247,-3.627614669727449,45
1.0002272632235183,-3.6462899646647404,45
1.3459395032693613,-3.7275745063993786,45
1.168815873049593,-3.590101669877798,45
1.4026504607325099,-3.782429944401243,45
0.5181634864354581,-0.690361188995351,56
0.5791985888569211,-0.6842628580342632,56
0.4823977042385276,-0.6627124023739751,56
0.5458811929268986,-0.7268830236594612,56
0.51816348643546,-0.6903611889953508,56
0.5791985888569211,-0.6842628580342636,56
0.482397704238528,-0.6627124023739758,56
0.5458811929268977,-0.7268830236594619,56
2.364883754945679,0.4445998236054372,6
2.3648381712338833,0.337363057387136,6
2.399735518831778,0.37870828152762,6
2.4292969724760582,0.38811773849547704,6
2.400315778039871,0.3910429742917357,6
2.308044914843574,0.40438443883488695,6
2.412619730341157,0.3804522796313249,6
2.338093021284517,0.3376070423138658,6
2.400090247870608,0.3960105377916426,6
2.3956186442207743,0.359786765085248,6
0.7284097892170207,-0.7667513851450652,56
0.41005674236423745,-0.8395184957225512,56
0.47484862030947544,-0.6254173237755625,56
0.4583012839589351,-0.6290542593454701,56
0.49363577479129084,-0.6684708195427562,56
0.7284097892145092,-0.766751385146696,56
0.4100567423642409,-0.8395184957225468,56
0.47484862030947544,-0.625417323775562,56
0.4583012839589347,-0.6290542593454698,56
0.4936357747912907,-0.6684708195427567,56
0.7387402143748666,-0.8438261239063212,55
0.7609243696401876,-0.915406196306177,55
0.6628996005897454,-0.898324300843203,55
0.7573747613234046,-0.9509380766247905,55
0.7387402143752534,-0.8438261239059484,55
0.7609243696402895,-0.9154061963060843,55
0.6628996005897334,-0.8983243008432135,55
0.7573747613234391,-0.9509380766247573,55
3.28170938419817,0.664201428348213,2
3.106502703117283,0.5491717041551448,2
3.236852505962113,0.6074461111242618,2
3.1570888035471496,0.6266859180354647,2
3.1525112128311514,0.6606029911508008,2
3.167991486789469,0.6524606022686338,2
3.1993173821730783,0.6390188866696134,2
3.161010932739573,0.5711494091805078,2
3.1809188946822102,0.6985665679128521,2
3.1740473074903455,0.6415092725778977,2
0.774682314039049,-0.8704484596030607,55
0.6854727462873081,-0.926641192918861,55
0.808967517603966,-0.836024079964094,55
0.7570226559093156,-0.8146636681026315,55
0.773508353891798,-0.8886605581320755,55
0.7746823140394709,-0.8704484596026645,55
0.6854727462866176,-0.9266411929194637,55
0.8089675176021789,-0.8360240799657871,55
0.7570226559159707,-0.8146636680956496,55
0.7735083538919665,-0.8886605581319019,55
-0.13160901450853343,0.015770359437049235,60
-0.12284474768640903,-0.044103619143619384,60
-0.19613231460727096,0.004041268743104422,60
-0.15513838747324793,-0.07083097013056978,60
-0.1316090134699904,0.01577035854975225,60
-0.12284474766289778,-0.044103619165624754,60
-0.19613231447011598,0.00404126860418556,60
-0.155138387474016,-0.07083097012976154,60
1.9439565122559561,1.648961829677016,11
1.9551995490015261,1.564999869328489,11
1.9622679025948524,1.56753290266449,11
1.9473946760039953,1.603116324346168,11
1.950110393244452,1.6458201997825737,11
2.0030498696354972,1.7717687689497585,11
2.0870155718618344,1.7446623442735196,11
2.0441808651495847,1.6806444787068235,11
2.044301269945444,1.8169845114104646,11
2.086992365990828,1.7493628521491007,11
-0.04150822184821608,-0.06466740386745344,60
-0.2074811550078626,-0.03634676129151761,60
-0.1491712806068263,-0.0030741716628540066,60
-0.1883118432407968,0.06121387034447601,60
-0.17038745641734976,-0.01598763214351369,60
-0.04150821850536795,-0.06466740627291011,60
-0.20748116067506145,-0.03634675539867628,60
-0.1491712806027095,-0.003074171666686497,60
-0.18831184325009045,0.06121387035247835,60
-0.17038745642584208,-0.015987632135207007,60
0.08010625079779211,-0.3572777033871983,59
0.1851912814786314,-0.3955639114938143,59
0.04292730924257907,-0.3885541722076338,59
0.13041278231334874,-0.43224858946032324,59
0.08010625079778848,-0.35727770338719456,59
0.18519128147863365,-0.3955639114938164,59
0.042927309242578024,-0.3885541722076307,59
0.13041278231334472,-0.4322485894603135,59
2.67876429691989,2.0950111451298516,1
2.5966284514337246,2.097101576882755,1
2.653638007130567,2.1096704600325866,1
2.61986609356654,2.076677044724548,1
2.5905448377248543,2.113572023554145,1
2.6781137059688835,2.2165277398452123,1
2.6349714996774685,2.2643041309712575,1
2.686807847321586,2.2489163012336424,1
2.601925577525338,2.3142424865715245,1
2.666468601143846,2.3500979155721033,1
0.2517779117482213,-0.4101236488611373,59
0.0553485805496283,-0.460602055531884,59
0.07726121482695555,-0.39447336181031745,59
0.030238280442897312,-0.3207941317519636,59
0.07541138160993516,-0.4066202130372892,59
0.2517779117482213,-0.41012364886113706,59
0.055348580549617665,-0.46060205553184635,59
0.07726121482695912,-0.3944733618103243,59
0.030238280442898415,-0.3207941317519658,59
0.07541138160993555,-0.40662021303729046,59
0.5933115816214407,-0.8271175418463719,54
0.6594917529990887,-0.87216014202947,54
0.5323540539711484,-0.87929386822286,54
0.6442040930690496,-0.9072918263972757,54
0.5933115816214412,-0.8271175418463718,54
0.659491752999057,-0.8721601420295041,54
0.5323540539711477,-0.8792938682228607,54
0.6442040930690477,-0.9072918263972765,54
2.7834908619664676,1.125823863540778,7
2.7464113876554572,1.0281221348753924,7
2.7492169820284214,1.030610300798192,7
2.7458457640501437,1.04612936351024,7
2.6950577152827515,1.0739092419062897,7
2.7524287230592703,1.129100321062762,7
2.8384594602743234,1.1255161700156462,7
2.762579202043017,1.0432158625778443,7
2.783065980907496,1.1183566004494356,7
2.754421277097026,1.0829193222039961,7
0.9318420961238253,-0.8017615067782671,54
0.5108757041137049,-0.9698673873960152,54
0.5865773422359258,-0.78741426487276,54
0.5398801589670663,-0.7956888072874745,54
0.6156929220805727,-0.8168576140243037,54
0.9318420961238253,-0.8017615067782663,54
0.5108757041137046,-0.9698673873960143,54
0.5865773422359257,-0.7874142648727604,54
0.539880158967053,-0.7956888072874948,54
0.6156929220805725,-0.8168576140243038,54
0.61894752762939,-1.2838529008748605,53
0.6864979278514196,-1.369564974347697,53
0.5519636225339111,-1.3740571166552986,53
0.6777969623747071,-1.404971530324521,53
0.6189475276293888,-1.2838529008748627,53
0.6864979278510555,-1.3695649743480183,53
0.5519636225339212,-1.3740571166552888,53
0.6777969623747004,-1.4049715303245276,53
3.4885811595015164,1.4353291663119834,2
3.385219383890587,1.308239168988793,2
3.413326047788445,1.3713777773570828,2
3.409236734650354,1.3461705169126659,2
3.374164847087636,1.3632507756672507,2
3.442719184153141,1.4145655919729785,2
3.4531624617174024,1.4188301426137475,2
3.4230722388065042,1.3540494463517314,2
3.4060543317255316,1.4297365000213222,2
3.383804186565044,1.3955725373644146,2
0.7174438965306722,-1.2743288948046017,53
0.5823465147120066,-1.3404079745224944,53
0.6744819133018255,-1.3063263472663542,53
0.6308718149594407,-1.28788613004106,53
0.6961983733918895,-1.32249504867549,53
0.7174438965274731,-1.2743288948072438,53
0.5823465147120068,-1.340407974522494,53
0.6744819133022393,-1.3063263472659952,53
0.6308718149593225,-1.287886130041161,53
0.6961983733915975,-1.3224950486757472,53
0.1712705222593263,-0.3082573492858809,58
0.18834601318778685,-0.31721007579244576,58
0.11447332637712414,-0.30634917444795556,58
0.15528670323889318,-0.3474878469125407,58
0.17127052225932657,-0.30825734928588105,58
0.1883460131877868,-0.31721007579244587,58
0.11447332637712404,-0.3063491744479555,58
0.15528670323889307,-0.34748784691254053,58
2.1692680149043,1.8022372411506504,14
2.1336003272573407,1.7429618842111898,14
2.128596784863036,1.6920993522157408,14
2.1084538036634535,1.7324725714585296,14
2.1312647400619786,1.7939296019041804,14
2.2109436731572956,1.8917976467064341,14
2.258219341970732,1.9140997355366367,14
2.190452464356207,1.8111841242436952,14
2.1902256269658724,1.8882405143034193,14
2.2513242387147336,1.9096890821113088,14
0.32610996988474644,-0.4178879126617484,58
0.10330980702480747,-0.37298779814242444,58
0.14465193371818305,-0.2611988619844639,58
0.1008603643701407,-0.23825541431767844,58
0.10852041266431627,-0.28549566073400806,58
0.32610996988474655,-0.41788791266174896,58
0.10330980702480762,-0.37298779814242466,58
0.1446519337181831,-0.26119886198446385,58
0.1008603643701407,-0.23825541431767858,58
0.10852041266431627,-0.28549566073400784,58
0.20235387374367092,-0.5875923145474645,57
0.2862311724913322,-0.6368107615935202,57
0.16800113143940962,-0.6792559442376527,57
0.2405691977596797,-0.6909273338509259,57
0.20235387374367123,-0.587592314547465,57
0.2862311724913319,-0.6368107615935212,57
0.16800113143940953,-0.6792559442376529,57
0.2405691977596799,-0.6909273338509255,57
2.877948983533527,2.331615246928489,0
2.8151055350487537,2.2256902197033113,0
2.849802069375668,2.22677241588585,0
2.835361097513883,2.1655147396344505,0
2.836788573970645,2.2210482190839627,0
2.902590078485577,2.34967817883831,0
2.880443805516191,2.3503323667473217,0
2.872624093987158,2.3238561784080525,0
2.830346459649096,2.310386364247135,0
2.8917166786765347,2.372290207518461,0
0.3426289126467192,-0.697694049262664,57
0.15288881950850977,-0.7038753403735754,57
0.2906220816153735,-0.6455694653746742,57
0.1855489279138273,-0.6123617229983642,57
0.23237876188354226,-0.6948958134694289,57
0.3426289126463787,-0.6976940492637057,57
0.15288881950850966,-0.7038753403735749,57
0.2906220816153734,-0.645569465374675,57
0.18554892791382716,-0.6123617229983649,57
0.23237876188354203,-0.6948958134694274,57
2.6791762928141436,-2.2069420215176825,41
2.812180765171465,-2.2463556268600327,41
-2.2562514624341516,1.9794536332363535,41
2.690923489236706,-2.236734383772713,41
2.6791762928141463,-2.2069420215176816,41
2.81218076517146,-2.2463556268600424,41
2.8256581049275065,-2.216915537805978,41
2.690923489236699,-2.236734383772715,41
1.0723339549863786,-3.821407549894291,45
1.1354882174423597,-3.6789458105191035,45
1.048658091815569,-3.708678480167591,45
1.200493362979933,-3.6288711292809834,45
1.1215324071366857,-3.914846990584747,45
0.8995160172381099,-3.6645934311756543,45
1.110655389643439,-3.624986739033957,45
1.0945698828892507,-3.648695016936944,45
1.0888209733996097,-3.6245204583124466,45
1.0306078586720717,-3.7906106105569095,45
2.625094031052951,-2.1648347708120297,41
2.617980064618855,-2.221384295295454,41
2.795636950398756,-2.1948291121811336,41
2.7204108462487584,-2.1426065032370327,41
2.6081735352832114,-2.1591519996585267,41
2.625094031052951,-2.1648347708120284,41
2.6179800646188567,-2.221384295295456,41
2.795636950398756,-2.194829112181133,41
2.7204108462487615,-2.14260650323703,41
2.608173535283211,-2.159151999658527,41
2.80326536194349,-2.2722814469012245,41
2.6802711010933855,-2.231217873922573,41
2.8425012078692653,-2.1997768607905863,41
2.870836036241779,-2.1913907556832157,41
2.7830519324312473,-2.2369811205673784,41
2.8032653619434877,-2.272281446901228,41
2.6802711010933895,-2.231217873922573,41
2.8425012078692684,-2.199776860790584,41
2.8708360362417786,-2.191390755683214,41
2.783051932431243,-2.2369811205673806,41
0.9258145846680638,-3.6142488956738896,45
1.1909635685653157,-3.6676982606468873,45
0.8293344846625167,-3.5353158072225415,45
1.1008765766280473,-3.5869813083847357,45
0.8817461688764355,-3.6339526868343746,45
1.1660595480286797,-3.626136293637671,45
0.792689442528638,-3.639876316712523,45
1.1413764903489179,-3.718229667777207,45
0.9358175131122058,-3.572666189299793,45
1.1864015751403207,-3.746464263067417,45
0.9258142979026877,-3.614248957998854,45
1.190963815181381,-3.6676981898028127,45
0.8293344846632176,-3.535315807222392,45
1.100876576430592,-3.5869813084370055,45
0.8817461666110562,-3.6339526872906154,45
1.1660594959735968,-3.626136308440552,45
0.7926895651583283,-3.6398762927425965,45
1.1413766652213462,-3.7182296212446433,45
0.9358175131048441,-3.572666189301471,45
1.186401575185661,-3.7464642630545315,45
1.098596532122917,-0.9721523899180868,56
1.115887557402668,-0.9350835591696406,56
1.0497769965000887,-0.9823048102567175,56
1.1125723326011903,-0.975418850754078,56
1.0985965319799023,-0.9721523900474712,56
1.1158875574026332,-0.9350835591696733,56
1.0497769958246952,-0.9823048108167298,56
1.1125723326016357,-0.9754188507537108,56
2.827473310230599,0.46165307037942294,6
2.785470017720028,0.37296649318925507,6
2.8558811678308906,0.41742533149907224,6
2.8635814862585915,0.3891701222463815,6
2.8557113840049393,0.41202552396293873,6
2.8274990674086697,0.4079078951038673,6
2.8457765498660144,0.40634991231699724,6
2.8244477586339407,0.36668772268845035,6
2.8346705743122533,0.40877210543335857,6
2.850006970045536,0.3853846741433376,6
1.2109682316606687,-1.029737409088319,56
0.9777641383570307,-1.1508145188581391,56
0.9884488564444971,-0.8866629306269687,56
0.9802166475873358,-0.9862032719888786,56
0.9716765157896138,-1.0176561597284521,56
1.2109682312630576,-1.0297374094205651,56
0.9777641612086568,-1.150814502304731,56
0.9884488564460973,-0.8866629306255215,56
0.9802166474544326,-0.9862032720989793,56
0.971676515898713,-1.0176561596421538,56
1.2660137114405963,-0.9179360672179753,55
1.3014656785785679,-0.9867580500217908,55
1.212936312709051,-0.9648668441837113,55
1.3406228161148805,-1.0097638947149474,55
1.2660137114406518,-0.9179360672179254,55
1.3014656785782774,-0.9867580500220609,55
1.212936312719837,-0.9648668441732571,55
1.3406228161042049,-1.0097638947249703,55
3.6614146353725294,0.743064802959415,2
3.5077885066913757,0.6530566610001488,2
3.6112682667276914,0.7349963606747563,2
3.5585865965438876,0.7214094674250673,2
3.58502631744158,0.7481186132662159,2
3.6183903006627496,0.7347726789162616,2
3.5713711782688993,0.7146586226432593,2
3.5902472300183366,0.6815106790651126,2
3.5528653285054124,0.73957524927754,2
3.5586600600908014,0.7466354735800592,2
1.2591975538500906,-1.022791748664749,55
1.2675963109645,-0.9577150225986739,55
1.2667156300855529,-0.9167292960591363,55
1.268567452425035,-0.9157688713658753,55
1.260987914451449,-0.9747910149232029,55
1.2591975538431395,-1.0227917486710496,55
1.2675963109465442,-0.9577150226139285,55
1.2667156300855589,-0.9167292960591329,55
1.2685674524265558,-0.9157688713643826,55
1.260987914452423,-0.9747910149222868,55
1.167780377436586,-0.6745771630326348,60
1.0799893158922227,-0.6864639728559859,60
1.0535687528248574,-0.670366820692607,60
1.1397550175007114,-0.781037006619025,60
1.167780377433045,-0.6745771630303249,60
1.0799893158954361,-0.68646397285813,60
1.0535686708124934,-0.6703667722741774,60
1.1397550174330138,-0.7810370065695756,60
2.4333058153486693,1.5972716994009244,11
2.4239234436434356,1.506663457795243,11
2.440251473313084,1.5125388239302646,11
2.4176093557037452,1.5494663895800165,11
2.420905991892803,1.5687780762647585,11
2.4686890007300835,1.65037565405909,11
2.537292489901702,1.6122645355960314,11
2.500987464857693,1.542200717407519,11
2.4805464115189397,1.688361279472448,11
2.5570534536659975,1.6552677910804838,11
1.0748808905302432,-0.7477729554975039,60
1.1330346092941153,-0.7830173201821665,60
0.8865762355925331,-0.5515698620699406,60
0.9477811941081454,-0.5636532738544705,60
0.9868297988604442,-0.659620903536188,60
1.0748808902524198,-0.7477729553652717,60
1.1330346099977415,-0.783017320646521,60
0.8865751709920161,-0.5515692800768818,60
0.947781185310197,-0.5636532690417663,60
0.9868294357373629,-0.6596207116083095,60
0.7731200436423907,-0.5562728613110387,59
0.9516049240720516,-0.6483945781004506,59
0.7796891642583006,-0.6219203627938262,59
0.9106153075689859,-0.671052571363557,59
0.7731200436408832,-0.5562728613104341,59
0.9516049240720496,-0.6483945781004494,59
0.7796891642614983,-0.6219203627944417,59
0.9106153075689936,-0.6710525713635581,59
3.1865447291936566,1.8184529737867443,1
3.088393601100604,1.9010998457784534,1
3.147167532495331,1.8967780355894126,1
3.0776126840366897,1.9388149990480936,1
3.0828761058994734,1.9747719588773605,1
3.1318497525707745,2.002139862724361,1
3.1046378235916814,2.054699912811386,1
3.132640322360002,1.9952468803233134,1
3.068164745329046,2.1200403374640016,1
3.1019015824638685,2.13142021316837,1
0.9657330741069473,-0.7983659994986873,59
0.7722790893210172,-0.6444297382360051,59
0.8010675230942405,-0.6383844588422697,59
0.7622156103762253,-0.5503234708004698,59
0.8041220498015145,-0.6682370827020836,59
0.9657330741067515,-0.79836599949931,59
0.7722790893185412,-0.6444297382355753,59
0.8010675230939881,-0.6383844588422459,59
0.7622156103708115,-0.5503234707988658,59
0.8041220498014668,-0.6682370827020784,59
0.984718109157931,-1.0446609546536003,54
1.102322363064478,-1.0116785162466453,54
0.9623730399660604,-1.067398519294923,54
1.1003103508373275,-1.0615524254636703,54
0.9847181091641871,-1.0446609546485752,54
1.1023223629430203,-1.0116785163510646,54
0.9623730399771098,-1.0673985192863726,54
1.1003103508365486,-1.0615524254642985,54
3.1150726360350607,1.0566859030925584,7
3.0818781771856743,0.9507035750549446,7
3.0603029640743684,0.9695336420623896,7
3.1100445445317932,0.9587871672383015,7
3.080710222370238,1.0059696795815256,7
3.1185435276483124,1.0731206458346227,7
3.126662396583222,1.0160110111920293,7
3.0772248215620186,0.9615437214754567,7
3.062245865767145,1.0158858604269818,7
3.1141077712808687,1.0151606843525791,7
1.2667398105231813,-0.9614441764350545,54
0.8694233127485462,-1.1909604230380364,54
1.0429497159466685,-0.9631865302509658,54
0.9881388317373858,-1.0303311996748594,54
1.071307111321163,-1.0166065178405268,54
1.2667398102757073,-0.9614441766596266,54
0.8694233126631961,-1.1909604231023072,54
1.0429497157516272,-0.9631865304409488,54
0.9881388318855284,-1.0303311995510331,54
1.071307111619391,-1.0166065176006878,54
1.2510540855598102,-1.2147186418047928,53
1.2861400937312928,-1.2670144421961704,53
1.0690723256073147,-1.39740250597921,53
1.29572005480007,-1.2887499005477534,53
1.2510543630265576,-1.2147184085593474,53
1.286139575949579,-1.2670148711777538,53
1.0690782575036033,-1.3973976221716295,53
1.2957201057009646,-1.2887498586895954,53
3.8529729127478136,1.2470382720122746,2
3.7632523044830397,1.1418875223835088,2
3.7801689244777883,1.1951399336376203,2
3.7704726919176053,1.1870226959128967,2
3.769578747644795,1.2149595215459832,2
3.8112683754163768,1.285863096914765,2
3.7728475994348685,1.2589145938320374,2
3.7724032574662774,1.202871692616572,2
3.742565086288489,1.2797574661635358,2
3.750618632027922,1.265086840831507,2
1.2514751191036255,-1.2072297674966996,53
0.9594365461882464,-1.5247358943912062,53
1.3435074069194035,-1.187785751971886,53
1.2982532425593585,-1.2237797260708079,53
1.2656768747899492,-1.2576669395667432,53
1.2514750783191158,-1.2072298019336416,53
0.9594265413774353,-1.524745051189968,53
1.3435077439491823,-1.1877854536809667,53
1.2982494764762942,-1.2237829554190367,53
1.2656794676593892,-1.2576647688074858,53
0.7745667084856354,-0.6086957508373141,58
0.7772536733065275,-0.6697982982945108,58
0.6657506994478718,-0.7090203357852286,58
0.74061001498009,-0.7237772554432833,58
0.7745667084856347,-0.6086957508373145,58
0.7772536733065277,-0.66979829829451,58
0.6657506990698483,-0.7090203363460785,58
0.740610015044593,-0.7237772553641271,58
2.5908206844835386,1.6197888910473732,14
2.5791344831914147,1.5643463451529218,14
2.5286545219121392,1.5357947183662222,14
2.524085652754686,1.578715748321945,14
2.555663259210489,1.6369409571308013,14
2.638931220132759,1.6663552447121885,14
2.690170656903103,1.680375529932124,14
2.617710390086695,1.5699188289061692,14
2.6097234625257113,1.666352426615114,14
2.723130116944789,1.6947622207290265,14
0.9405567961161492,-0.79296819928127,58
0.6857072109602247,-0.7663692031563237,58
0.6881818160621426,-0.5852836303369305,58
0.6575699846665547,-0.5773148934447015,58
0.6895716622624442,-0.6567455809147584,58
0.9405567961016693,-0.7929681993001674,58
0.6857072104179666,-0.7663692039837747,58
0.6881818160621475,-0.58528363033693,58
0.6575699846665571,-0.5773148934447009,58
0.6895716622619086,-0.6567455809152257,58
0.8075613957587469,-0.7101227252951243,57
0.965725188108064,-0.7981220140171509,57
0.722268159643793,-1.0102497011661282,57
0.8658547664309421,-0.9452030232870229,57
0.807561395758938,-0.7101227252948613,57
0.9657251880288908,-0.7981220142025127,57
0.7222673161390937,-1.01025036923053,57
0.8658779681202958,-0.9451773757970033,57
3.3355470473657456,2.034332409032302,0
3.3022943067421866,1.9890415517257816,0
3.299676683160703,2.0131999837865853,0
3.2877838240233865,1.9876799878604354,0
3.302018789678627,2.040911591875159,0
3.343824350353043,2.1040546154509734,0
3.338547447730042,2.1399888379603342,0
3.317221163876845,2.0815137578653173,0
3.271737768425747,2.146476506855064,0
3.354972733609162,2.1578287570962496,0
0.8812009153119482,-0.992508118122176,57
0.6742258261642514,-0.9983116185197333,57
1.0068791536541946,-0.8556185798300224,57
0.924609584326698,-0.7670619108531544,57
0.881400630912139,-0.9318510212434671,57
0.8810228060694866,-0.9926859846571957,57
0.6742231696095906,-0.9983135470798588,57
1.0068791551211087,-0.8556185780873283,57
0.9246095842505911,-0.7670619109653872,57
0.8814005165078234,-0.9318511570716849,57
2.7029291959708717,-1.960405328944338,42
2.8379661859378906,-2.015922714720232,42
2.8105902237119,-1.9652838519864815,42
2.727990622776492,-2.046359826431051,42
2.702929195970874,-1.9604053289443302,42
2.8379661859377405,-2.015922714720472,42
2.810590223711907,-1.9652838519864724,42
2.727990622776419,-2.046359826431156,42
0.6569994090035154,-4.167769631614626,46
0.8649518194214338,-3.991258528353244,46
0.7658080647830985,-4.060136361609504,46
0.9514134809606322,-3.922878812929602,46
0.7992926413280176,-4.176788729591414,46
0.5492276204329873,-3.970563233210593,46
0.8246483121908265,-3.935472771115024,46
0.727761207463436,-3.941167753819216,46
0.8275686041167098,-3.8897043074220723,46
0.7025520308855916,-4.126371081184194,46
2.7942161228287556,-1.9516991926461138,42
2.6445481595412685,-1.9499622308345386,42
2.758519307263943,-1.8978578475863899,42
2.7340065795112323,-1.8560177245148244,42
2.624764905052116,-1.889305729031227,42
2.794216122828754,-1.95169919264612,42
2.6445481595412597,-1.9499622308345588,42
2.7585193072639345,-1.8978578475864072,42
2.734006579511229,-1.8560177245148248,42
2.624764905052117,-1.8893057290312258,42
2.8983557033466294,-2.110683626174969,42
2.805372679357164,-2.0604935669244693,42
2.891884916465924,-1.996903464220185,42
3.0101116368541603,-2.05588349478614,42
2.8658174660049283,-2.0189605580971874,42
2.8983557033466605,-2.1106836261749238,42
2.805372679357067,-2.060493566924619,42
2.891884916465925,-1.9969034642201848,42
3.0101116368541607,-2.0558834947861397,42
2.865817466004908,-2.0189605580972203,42
0.6063146236993201,-3.9082771500895293,46
0.8946489588690119,-3.921544559028816,46
0.5315852227027962,-3.8568162996692217,46
0.8388333631690282,-3.845348880137216,46
0.5575598249785149,-3.954588441603967,46
0.8833752051576864,-3.9178322931610636,46
0.44757818012172323,-3.9854139125990518,46
0.8939426079312959,-4.009000774314384,46
0.6428608261317318,-3.8998910596412473,46
0.9155843627800062,-4.051010505237456,46
0.6063146218685951,-3.9082771503491656,46
0.8946489490413767,-3.9215445610012525,46
0.5315852226381181,-3.8568162996776887,46
0.8388333660562199,-3.8453488795945256,46
0.5575598228157399,-3.9545884418728683,46
0.883375209914314,-3.917832292232525,46
0.44757821117464974,-3.9854139094389733,46
0.8939444197351859,-4.009000416991903,46
0.6428608261415917,-3.899891059639739,46
0.915584170998981,-4.051010544863895,46
0.42570402422809567,-0.7889467750725804,56
0.5376102897653589,-0.7518837737080297,56
0.4210167524925642,-0.7581760563481699,56
0.4802810455902008,-0.7928348728336417,56
0.42570402422809545,-0.7889467750725803,56
0.5376102897653505,-0.7518837737080359,56
0.421016752492564,-0.75817605634817,56
0.4802810455902003,-0.7928348728336432,56
2.4421116364378213,0.39197307718278,6
2.412775883697643,0.30602566537965403,6
2.4576790073673154,0.3476243519595802,6
2.4727630522959654,0.3520645047911466,6
2.468385167135252,0.34011858450172405,6
2.3680937916679543,0.3209920047469889,6
2.435656874006399,0.3193405702344805,6
2.4026324406398967,0.26451113431031975,6
2.424303249622432,0.309789441922281,6
2.4507482423242104,0.29137097263613265,6
0.6335813529453282,-0.7842470520418262,56
0.3143542692406341,-0.9098907991986475,56
0.4235426026958374,-0.6881256091475088,56
0.3735106640162516,-0.7007709681685895,56
0.41936719897930946,-0.7187887607447866,56
0.6335813529234928,-0.7842470520572222,56
0.31435426924063414,-0.9098907991986462,56
0.4235426026958376,-0.6881256091475091,56
0.3735106640162522,-0.70077096816859,56
0.4193671989793098,-0.718788760744786,56
0.8128557584231584,-0.9154237538868728,55
0.8670547302957442,-0.951120991338064,55
0.7503660693481435,-0.9482400180585859,55
0.8227497173980682,-1.0010019995910033,55
0.8128557584229702,-0.9154237538870356,55
0.8670547302950627,-0.9511209913386098,55
0.7503660693481358,-0.9482400180585931,55
0.8227497173980707,-1.0010019995910016,55
3.2476444297892697,0.6334276616937643,2
3.120778828830893,0.5172944321681338,2
3.202150109411431,0.6020185634139699,2
3.154464545968143,0.5624477361980417,2
3.1387591264103234,0.5805938655399586,2
3.165254255046659,0.6043891511431617,2
3.165557233061924,0.6010464880851504,2
3.165861309181667,0.5474879019442953,2
3.1352459220332287,0.6150913384015081,2
3.1484121482641654,0.6060083912905316,2
0.8333506515234216,-0.9255922797025651,55
0.7608694925694296,-0.9794392029963601,55
0.8265748023646083,-0.9050494863726065,55
0.7463384248902345,-0.9245228404714283,55
0.7862557755184736,-0.9508748288281722,55
0.8333506515235324,-0.9255922797024734,55
0.7608694925692442,-0.9794392029964936,55
0.8265748023678846,-0.9050494863696923,55
0.7463384248903643,-0.9245228404713142,55
0.7862557755184685,-0.9508748288281763,55
-0.10385452748526745,-0.0718701090281055,60
-0.1059065540872655,-0.18856561026331614,60
-0.1379441185198474,-0.10553615403662106,60
-0.13668634799765814,-0.1981505518778197,60
-0.10385452747983578,-0.07187010903298892,60
-0.10590655408094853,-0.18856561027267968,60
-0.13794411852193886,-0.10553615403411558,60
-0.13668634767463575,-0.19815055247159374,60
1.9741726280628231,1.6217301754375202,11
1.9573868801045828,1.507654488917578,11
1.9711349401039173,1.525274189016344,11
1.9422539701676782,1.5320818059794241,11
1.9502773561506286,1.5689541394515332,11
2.0261874456352973,1.7605288338461953,11
2.0669339912980362,1.701767397567197,11
2.0493517911290913,1.6571595921203177,11
2.02344043961657,1.752445164360164,11
2.0937151491626036,1.7161715423228576,11
-0.15080011557599785,-0.08254595434094043,60
-0.19468704128801656,-0.12911889454126194,60
-0.14392359811572047,-0.08016243046759133,60
-0.14713620658470952,-0.02083245983340188,60
-0.15043410082377073,-0.09127837179152543,60
-0.1508001155787203,-0.08254595433812159,60
-0.19468704127624628,-0.1291188945574271,60
-0.14392359811533895,-0.08016243046802922,60
-0.14713620658478424,-0.020832459833335544,60
-0.15043410082532976,-0.09127837178976013,60
0.08227317353856708,-0.48302956654334106,59
0.14610386124480648,-0.5910026966120334,59
0.04433329650609403,-0.5234226514245344,59
0.10023811955341545,-0.6216788942094478,59
0.0822731735385672,-0.48302956654334106,59
0.14610386124480412,-0.5910026966120484,59
0.04433329650609388,-0.5234226514245337,59
0.10023811955341566,-0.6216788942094488,59
2.6919338427363244,2.0479236961887763,1
2.593119129777232,2.026176268726616,1
2.6694145874608695,2.0316454192282993,1
2.594762704808913,1.9652561403432958,1
2.5652704330572678,2.005782600420488,1
2.671315657182269,2.1831116259201666,1
2.620686947304262,2.2363160690918584,1
2.6823477332145718,2.22225007156829,1
2.5886455426451453,2.2457585942497333,1
2.656548781778269,2.3160106652808814,1
0.1369418722007891,-0.537279330896812,59
0.05398366822238567,-0.5688764989332887,59
0.07028894317395215,-0.5579088043377713,59
0.03649664538187534,-0.4351185815932365,59
0.08416201139282926,-0.4939920241541364,59
0.1369418722007891,-0.5372793308968127,59
0.053983668222388384,-0.5688764989333033,59
0.07028894317395226,-0.5579088043377733,59
0.03649664538187583,-0.4351185815932384,59
0.08416201139282921,-0.4939920241541357,59
0.629251509407744,-0.8735018166724265,54
0.7065060842677963,-0.9230479683145948,54
0.5841115739733277,-0.8723924814226004,54
0.6720394400148395,-0.9737027561984348,54
0.629251509407744,-0.8735018166724263,54
0.7065060842674677,-0.9230479683149602,54
0.5841115739733275,-0.8723924814226005,54
0.6720394400148321,-0.9737027561984412,54
2.835384620537504,1.0928687204294354,7
2.77360184702989,0.9814751576320309,7
2.78097456435322,0.9956128335780678,7
2.781207468174543,1.0138023133070708,7
2.728779573245367,1.04026667119043,7
2.815403381110256,1.080438989678434,7
2.8296497425240434,1.0687846815741708,7
2.794965824275055,1.0028209339235294,7
2.77226420585413,1.0643229117135118,7
2.79210327688452,1.0553058800744635,7
0.9485288841065131,-0.7755364652687375,54
0.5345076468151256,-0.9705059726763036,54
0.6012635884666233,-0.7924420647898872,54
0.6067232096217516,-0.7902243027586726,54
0.6501294758460591,-0.8572880620398987,54
0.948528884106515,-0.7755364652687375,54
0.5345076468151251,-0.9705059726763036,54
0.6012635884666239,-0.7924420647898873,54
0.6067232096217506,-0.790224302758674,54
0.6501294758460643,-0.8572880620398927,54
0.6817156038709816,-1.30949186817499,53
0.8075165629299965,-1.4016346801574988,53
0.6813322761208076,-1.3619593490135098,53
0.804519568946345,-1.4197297766083812,53
0.681715603870893,-1.3094918681750631,53
0.8075165633506621,-1.401634679803308,53
0.6813322761217157,-1.361959349012726,53
0.8045195690574178,-1.4197297765147188,53
3.488046950682507,1.3816372438170232,2
3.395730373212444,1.263595362299941,2
3.416250413143527,1.3353971707720143,2
3.3726178856567035,1.3091780982956114,2
3.3370856817458168,1.3451800230739184,2
3.430411199686593,1.3988838229746294,2
3.441422070030099,1.3729559304423937,2
3.4426946788064554,1.3177676424510656,2
3.3731597500115,1.3907462460490752,2
3.398080989674962,1.3733542196502395,2
0.7855637927806974,-1.2522824136112973,53
0.6661522978273886,-1.3582354212814127,53
0.8199056700252956,-1.291043913604886,53
0.7850645952952603,-1.2718388073373457,53
0.8190687457586696,-1.3191935416408194,53
0.7855637927681806,-1.2522824136208,53
0.6661522978275513,-1.3582354212812717,53
0.8199056697608735,-1.291043913814444,53
0.7850645953465417,-1.2718388072968827,53
0.8190687453629819,-1.3191935419671266,53
0.19029466056241942,-0.3519899209260254,58
0.18866059325449697,-0.3862308318409692,58
0.13313383445597377,-0.3778295286327561,58
0.15898009247617081,-0.4083043866003988,58
0.19029466056241942,-0.35198992092602543,58
0.18866059325449697,-0.3862308318409689,58
0.1331338344559737,-0.37782952863275615,58
0.15898009247617076,-0.40830438660039925,58
2.1659159405812285,1.7356674736785263,14
2.12575719243199,1.652909240229744,14
2.10108244413056,1.6387298929807508,14
2.075963974570274,1.6691070045253456,14
2.099534493601716,1.718207197177516,14
2.2107066886516233,1.8097567667275116,14
2.2476676750420967,1.8311886616204591,14
2.1973828545856415,1.7309087939569536,14
2.17384013501965,1.8124033784511513,14
2.266320059253617,1.8261768699867658,14
0.26045228381507235,-0.3893151972558845,58
0.10957321359506654,-0.3875483553446933,58
0.1334600365146174,-0.3185022301218229,58
0.11987433637256331,-0.29414508412186874,58
0.1337946474482971,-0.34792976888925237,58
0.2604522838150726,-0.38931519725588437,58
0.10957321359506665,-0.38754835534469345,58
0.13346003651461757,-0.3185022301218231,58
0.11987433637256331,-0.294145084121869,58
0.13379464744829714,-0.34792976888925253,58
0.21051014221278166,-0.7557825966352193,57
0.28702756352932374,-0.8303250820905965,57
0.18448834617458637,-0.8236409509632033,57
0.2585336356028901,-0.8702380993244739,57
0.2105101422127814,-0.7557825966352193,57
0.287027563529324,-0.8303250820905967,57
0.18448834617458632,-0.8236409509632037,57
0.2585336356028903,-0.8702380993244699,57
2.8980500501198287,2.2412390242268976,0
2.799053187920642,2.178849339983344,0
2.8331514339050727,2.1896516171846385,0
2.805688455897416,2.115001821359692,0
2.798583828951385,2.1716666792889585,0
2.8905339580323783,2.3144538629047684,0
2.8555345888994603,2.3057951921707276,0
2.8860771041817994,2.2666449234194768,0
2.8045849837257766,2.2707303950915594,0
2.8843911953744894,2.352424259104823,0
0.286939944327315,-0.8630676011203969,57
0.16073813255008507,-0.8414762391073064,57
0.27643355652104495,-0.7736498817777667,57
0.18334793347017053,-0.7219407374635252,57
0.24897661004418337,-0.7922650728357833,57
0.2869399443275827,-0.8630676011251736,57
0.16073813255008515,-0.841476239107306,57
0.2764335565210496,-0.7736498817777283,57
0.18334793347017028,-0.7219407374635245,57
0.2489766100441836,-0.7922650728357815,57
2.5496132412575534,-1.9648308179944134,41
2.6208148618741305,-1.9776036661628307,41
2.6646084797492224,-1.996384794264077,41
2.5129027524643655,-1.9369069242040526,41
2.5496132412575516,-1.964830817994417,41
2.6208148618741296,-1.9776036661628311,41
2.664608479749234,-1.9963847942640596,41
2.5129027524643623,-1.9369069242040533,41
1.123212655396238,-3.7983613684737456,45
1.1633838264406084,-3.667854014711298,45
1.133480525450091,-3.6991160006979267,45
1.2706200061231079,-3.6336714668914203,45
1.1935572262252179,-3.840475035285607,45
0.9247880485664337,-3.7020957818490654,45
1.1307555436687204,-3.6260371065872534,45
1.0922318645112536,-3.6421246102880134,45
1.1241761379395179,-3.612030393254127,45
1.1261995644233544,-3.722663054661795,45
2.5073610600757927,-1.944570582980027,41
2.51681561391938,-1.914144282736526,41
2.5887239748159665,-1.9478959150776123,41
2.580801499696692,-1.8803106971506598,41
2.453872668324034,-1.8748021434513054,41
2.507361060075795,-1.9445705829800264,41
2.516815613919381,-1.9141442827365256,41
2.5887239748159656,-1.9478959150776107,41
2.5808014996966953,-1.8803106971506611,41
2.453872668324033,-1.8748021434513056,41
2.6836823812017037,-2.032949855832984,41
2.561552213387136,-1.9914874380360774,41
2.6590292250974388,-1.9617095271584792,41
2.741546820669838,-1.9927359474165836,41
2.6335927184528867,-2.0018537282665223,41
2.6836823812016846,-2.0329498558330195,41
2.561552213387135,-1.9914874380360772,41
2.6590292250974508,-1.9617095271584626,41
2.741546820933464,-1.992735946991737,41
2.633592718452896,-2.0018537282665028,41
1.023070306815223,-3.6235614641652596,45
1.3413453999219536,-3.663403762242008,45
0.9344582284327092,-3.5464680222486167,45
1.2846395279987777,-3.6450511353457196,45
0.9397299761993824,-3.6535463633952148,45
1.2709987326346095,-3.5739583027497246,45
0.8937586947192598,-3.669196120757091,45
1.3146067771023449,-3.691394032564565,45
1.0038140161293825,-3.5745034748878255,45
1.3265478924653629,-3.710312099517166,45
1.023070306825713,-3.6235614641626994,45
1.3413454000334686,-3.6634037622058946,45
0.9344582284250079,-3.5464680222503855,45
1.2846395275458435,-3.6450511354882065,45
0.9397299761869594,-3.653546363397894,45
1.2709984547163482,-3.5739583881268766,45
0.8937589145874943,-3.669196076503118,45
1.3146067771460261,-3.6913940325507024,45
1.0038141053294976,-3.5745034529210358,45
1.3265478922043525,-3.7103120996019587,45
0.5571285658536594,-0.6273054320745788,56
0.6334447603875454,-0.6655421559628587,56
0.5597362405374317,-0.617527893912227,56
0.5759629041992295,-0.7018780366968527,56
0.5571285658536597,-0.6273054320745785,56
0.6334447603875447,-0.6655421559628587,56
0.5597362405374323,-0.6175278939122271,56
0.5759629041992298,-0.7018780366968529,56
2.404618217370711,0.34824656560530853,6
2.3705965717381456,0.2725920097758375,6
2.4189756589881104,0.295761469289187,6
2.42996608460929,0.30971875317130326,6
2.4318580400903094,0.31236401249600504,6
2.343516975926732,0.3244198024000434,6
2.400568283200532,0.31570674601015597,6
2.359960217460864,0.2695515812654141,6
2.3802965479683547,0.33265855796156474,6
2.4034203884656997,0.30262046142257637,6
0.845738242408557,-0.6737794686806622,56
0.4596933911689738,-0.737372504621765,56
0.4962730373593967,-0.6074393849391433,56
0.5239629757045926,-0.5751282330550045,56
0.4984342642517303,-0.6453650701605953,56
0.8457382424085579,-0.6737794686806614,56
0.4596933911689653,-0.7373725046217742,56
0.49627303735939665,-0.6074393849391437,56
0.5239629757045933,-0.5751282330550045,56
0.49843426425173026,-0.645365070160596,56
0.9268591261386803,-0.8409562781854569,55
0.9712078354564313,-0.9029929256992848,55
0.8541554136355614,-0.852830843624539,55
0.963468132438092,-0.9260426172242732,55
0.9268591261386889,-0.8409562781854505,55
0.9712078354563534,-0.9029929256993534,55
0.8541554136356051,-0.8528308436245039,55
0.9634681324381659,-0.9260426172242073,55
3.2311240935719194,0.5982541643821769,2
3.075745227717503,0.5024594475232607,2
3.1712259776593608,0.5429534327959481,2
3.112772952003854,0.5534346267541628,2
3.097991330077442,0.5701287032967588,2
3.123280782632151,0.5594036542700482,2
3.1404004010546203,0.5806224786091708,2
3.132428330117348,0.5129886932122663,2
3.1132201021358443,0.5985658070995601,2
3.113475056810237,0.5721894459016112,2
0.895092144834452,-0.864361361988126,55
0.9191001173110194,-0.8590627095479089,55
0.9957692523832742,-0.8268674305681408,55
0.9564669817594702,-0.7863518252420696,55
0.9187606607729866,-0.8817105405219482,55
0.8950921448344734,-0.8643613619881054,55
0.9191001173106408,-0.8590627095482057,55
0.9957692523832744,-0.8268674305681413,55
0.9564669817594698,-0.78635182524207,55
0.9187606607727654,-0.8817105405221511,55
-0.08479445353907113,0.056154555995351595,60
-0.07790880697271212,-0.05083536038881928,60
-0.10341617566450151,-0.004104586738339915,60
-0.12735873004707016,-0.0547161235832373,60
-0.08479445342599072,0.05615455591147481,60
-0.07790880703038743,-0.050835360342826624,60
-0.10341617565942406,-0.004104586742322247,60
-0.12735873053225705,-0.05471612315183413,60
1.9486649158376246,1.5671538379470842,11
1.9342636233105817,1.460023285920393,11
1.9565234336782955,1.466530144907431,11
1.9164002664834712,1.4819595603004458,11
1.9252530643586323,1.5199303319353739,11
2.001291594554447,1.7579393452016387,11
2.0515359207071935,1.700336225041016,11
2.0313117963336795,1.6527540390288409,11
2.0007939873724596,1.7580459173583076,11
2.0735364333437922,1.6927547639076,11
-0.11385426303875881,0.021142631464445883,60
-0.129831534869266,-0.012208306682981226,60
-0.1489050460018762,0.016445696543244324,60
-0.11548624954111922,0.06645663235857084,60
-0.16575511679890606,-0.00619242125317859,60
-0.1138542593555933,0.021142628539122372,60
-0.1298315347168371,-0.012208306804510656,60
-0.1489050460183009,0.01644569655758315,60
-0.11548624954399499,0.0664566323607679,60
-0.16575511682619137,-0.006192421228500182,60
0.17511107518943658,-0.4149571806990056,59
0.21185013271561476,-0.5071026212805358,59
0.1517855445732494,-0.4258716632901261,59
0.16002659587888762,-0.5538677978341624,59
0.1751110751894359,-0.4149571806990063,59
0.21185013271560163,-0.5071026212805543,59
0.1517855445732489,-0.4258716632901256,59
0.160026595878888,-0.5538677978341611,59
2.7251945663383688,2.0127424539636203,1
2.5977619736568403,2.044143715574373,1
2.67161707902546,2.0172272321406566,1
2.6002766441267178,1.9544727935348323,1
2.5575059077757567,2.002966604310991,1
2.6921940508860804,2.169254052935446,1
2.6245821063015935,2.214165701765989,1
2.701041797985351,2.1988286774448578,1
2.596345714276631,2.2318534080932366,1
2.662917223115973,2.290961231232906,1
0.2608078990047008,-0.43144531180598444,59
0.13988226348966448,-0.485993573349991,59
0.14003439578039767,-0.48801218282340014,59
0.1454614853970063,-0.36138621337639476,59
0.13047412194614597,-0.4683724497365116,59
0.2608078990045888,-0.4314453118060325,59
0.13988226348966382,-0.4859935733499856,59
0.14003439578039795,-0.48801218282339903,59
0.14546148539696413,-0.36138621337638394,59
0.1304741219461462,-0.4683724497365124,59
0.7251994486113613,-0.7419438317482224,54
0.7382571725884123,-0.8725083943324802,54
0.665870001661313,-0.7954017178214322,54
0.7108908373521434,-0.928810980569716,54
0.725199448611361,-0.7419438317482223,54
0.7382571725775755,-0.8725083943435503,54
0.6658700016613165,-0.7954017178214295,54
0.7108908373536597,-0.9288109805681305,54
2.8364329337187413,1.0804961399289112,7
2.7691581150832305,0.9684608502305047,7
2.7907972151769913,0.9842001491335312,7
2.783732632328798,1.00106056959883,7
2.727786419163863,1.0160644717741123,7
2.8061220508836056,1.0774257266082732,7
2.829563449360021,1.0760893782055287,7
2.805320196142899,1.019548440879104,7
2.7664193652489324,1.078380605335276,7
2.7859286282396543,1.0557495334173166,7
1.0467643032515122,-0.7355398169207186,54
0.6290161314333088,-0.8282475642531242,54
0.6281167143208571,-0.7337509440211397,54
0.6973221165180359,-0.6801921788974369,54
0.6609863438324552,-0.8037765694369401,54
1.0467643032515108,-0.7355398169207183,54
0.6290161314333119,-0.8282475642531208,54
0.6281167143208545,-0.7337509440211434,54
0.6973221165180362,-0.6801921788974364,54
0.660986343832811,-0.8037765694365309,54
0.8074936132028767,-1.2349801182640596,53
0.8420542158242298,-1.3514622131606326,53
0.7548292250274995,-1.2939470973888734,53
0.8462378286703516,-1.3902219805331353,53
0.8074936132038171,-1.234980118263345,53
0.842054214793174,-1.351462214000098,53
0.7548292250282767,-1.2939470973882385,53
0.8462378276412427,-1.3902219813916112,53
3.4913060465376278,1.376990837665554,2
3.374637402486068,1.2872393756103526,2
3.394789926385396,1.3261723881278087,2
3.348802831793858,1.3113272787328325,2
3.3145806008622967,1.3643304316880591,2
3.4356104039417645,1.395331034174618,2
3.4284856141932676,1.395432928008284,2
3.4353984190543954,1.3297250878903273,2
3.352131660134188,1.393309317542094,2
3.3831604850417696,1.3814255384887697,2
0.9034507202035846,-1.198128539206828,53
0.7567075714447005,-1.3063435055522017,53
0.845937826671079,-1.276749322843016,53
0.8823129827455362,-1.2064536180005971,53
0.8262321152404838,-1.3222582931970848,53
0.9034507199752426,-1.1981285393812724,53
0.7567075714387445,-1.3063435055571189,53
0.8459378264068897,-1.2767493230419351,53
0.8823129826288355,-1.206453618089719,53
0.8262321165123836,-1.322258292106619,53
0.24407935781921875,-0.23365872393285766,58
0.21273748103094006,-0.27699394962410534,58
0.16974828964333843,-0.2762968894227981,58
0.19187746589253582,-0.3042708304446797,58
0.24407935781921902,-0.2336587239328578,58
0.21273748103094006,-0.2769939496241053,58
0.16974828964333843,-0.2762968894227983,58
0.191877465892536,-0.3042708304446798,58
2.177681418479573,1.7106308636841248,14
2.1394965286452554,1.6425877190650267,14
2.1308130873866653,1.6180993121337015,14
2.089452168175336,1.6455782667491377,14
2.1093778998028743,1.6868797020452224,14
2.2196970191873375,1.8235909187496715,14
2.261434152242757,1.8434840372394976,14
2.217411281343138,1.7544189456485653,14
2.1870990674425714,1.8195001712098697,14
2.2745111315384374,1.8292729970331338,14
0.303199952350648,-0.29251467767917166,58
0.16276620225129523,-0.3009360890759663,58
0.15490269427824188,-0.25685403748702584,58
0.15084710140014676,-0.1967577858125442,58
0.13465573445912582,-0.297618954591894,58
0.30319995235063907,-0.2925146776791649,58
0.16276620225129518,-0.3009360890759664,58
0.15490269427824196,-0.2568540374870256,58
0.15084710140014695,-0.19675778581254436,58
0.13465573445912593,-0.2976189545918941,58
0.27320803570740027,-0.687982845524664,57
0.33151492348973916,-0.7803224105709132,57
0.24398141019158434,-0.7421864921442668,57
0.30150865802484045,-0.8419753512418036,57
0.2732080357073995,-0.6879828455246655,57
0.33151492347849293,-0.7803224106441612,57
0.243981410191584,-0.7421864921442688,57
0.3015086580248403,-0.8419753512417968,57
2.9319578892076774,2.222801910058654,0
2.8123218204477274,2.1523288091775226,0
2.8462147798564237,2.153003370376229,0
2.8103350893271126,2.0799459577070385,0
2.7977853490308626,2.1558301326562574,0
2.9268810837195627,2.2948806592674864,0
2.8628812876450556,2.3037046696903234,0
2.9041856359446636,2.2601767846474043,0
2.8160470469778685,2.2563648251869606,0
2.892397896226415,2.338156705115658,0
0.387217325658533,-0.7972709330906691,57
0.21147538820621564,-0.7812409643822462,57
0.2971251687914774,-0.7622836958991255,57
0.26142830328300704,-0.6697619993642981,57
0.25267031736476714,-0.7794018174956111,57
0.38721693941918384,-0.7972718810882307,57
0.21147538820621564,-0.7812409643822461,57
0.2971251687909662,-0.7622836959021317,57
0.2614283032829978,-0.6697619993643275,57
0.2526703173647625,-0.779401817495674,57
2.602395170914372,-1.9586423685625736,41
2.734673163581211,-2.013360392187924,41
2.7407490046042455,-1.9748355395407857,41
2.6031971797260822,-1.9534472024374607,41
2.6023951709143645,-1.9586423685625869,41
2.7346731635818102,-2.013360392187031,41
2.7407490046055414,-1.974835539538712,41
2.603197179726081,-1.9534472024374663,41
0.9563203500527414,-3.9484445717431313,45
0.9957154063197583,-3.742945814692604,45
0.9832072051731019,-3.8193466447545097,45
1.0902967431304162,-3.714953159075732,45
1.0112057341619047,-3.9949872043681944,45
0.6801677998795655,-3.8600881602090613,45
0.9430953230975287,-3.711748201460935,45
0.9028821482482773,-3.754297003413332,45
0.9252180098775526,-3.704217739627391,45
0.9084295526517708,-3.8672902338951727,45
2.47357636698205,-1.9141215334930997,41
2.536140838141745,-1.9376400324137826,41
2.692904993120999,-1.9416457936150824,41
2.6479157750537925,-1.8761147240246738,41
2.5199567072251514,-1.8451334283083354,41
2.4735763669820496,-1.9141215334931005,41
2.536140838141745,-1.9376400324137846,41
2.692904993121016,-1.941645793615057,41
2.6479157750539324,-1.8761147240244116,41
2.5199567072251488,-1.8451334283083407,41
2.653112869205271,-2.0333820311016826,41
2.5532977963700847,-1.945233316419111,41
2.673095253851614,-1.9093268373144605,41
2.7297760814031915,-1.9281754171333148,41
2.6767148285037163,-1.9796550285409766,41
2.6531128692052834,-2.0333820311016653,41
2.553297796370076,-1.9452333164191213,41
2.6730952538511548,-1.9093268373152341,41
2.7297760814033953,-1.928175417132984,41
2.676714828503829,-1.979655028540793,41
0.8162399343692582,-3.7649938716186058,45
1.1142095564641186,-3.76906775935171,45
0.7223503655165375,-3.680853283167369,45
1.0198428521129406,-3.6605402697780893,45
0.6858772568460549,-3.8221607182046857,45
1.044803181856561,-3.6806502878262783,45
0.6621449219647173,-3.7926962786814666,45
1.0680144377364338,-3.8195592269287957,45
0.7926668331559156,-3.7145856479164516,45
1.0844940526285862,-3.7930763495211752,45
0.8162394164802907,-3.764993969989082,45
1.1142094302968453,-3.769067791865212,45
0.7223503655121266,-3.6808532831681906,45
1.0198428521211729,-3.66054026977615,45
0.6858772631622915,-3.8221607171377903,45
1.0448031818560055,-3.68065028782641,45
0.6621449222505805,-3.792696278633431,45
1.0680144365271043,-3.8195592272232797,45
0.7926645874800314,-3.7145860670058894,45
1.0844940526246685,-3.793076349522142,45
0.8863011226839659,-0.7867826966574624,56
0.890149201475831,-0.790255462860582,56
0.7995419964048355,-0.7760015374549522,56
0.8635270927027796,-0.8281741834286599,56
0.8863011226839257,-0.7867826966575007,56
0.8901492014758429,-0.7902554628605715,56
0.799541996404873,-0.7760015374549198,56
0.8635270927028905,-0.8281741834285543,56
2.8103033546833185,0.4046886725140534,6
2.7831226166630882,0.2829202835739623,6
2.848031874072594,0.3378267836141923,6
2.817382654753717,0.3670939911718285,6
2.802158514588473,0.332614588047712,6
2.76715969516726,0.38689987349298327,6
2.796281924061638,0.3642703080059654,6
2.7828986397707847,0.31231183529133816,6
2.7696091083093717,0.3790536554080952,6
2.8121480811051325,0.31928257456442133,6
1.0540075477483855,-0.8064928360900178,56
0.7510876442368813,-0.9594743995824665,56
0.716546011522508,-0.7158093441356498,56
0.7555357633944207,-0.7142724650292865,56
0.7277907805775384,-0.7778365262027809,56
1.054007547748384,-0.8064928360900183,56
0.7510876425164172,-0.9594744008383932,56
0.7165460115225087,-0.7158093441356488,56
0.7555357633944532,-0.714272465029266,56
0.7277907805770384,-0.7778365262031958,56
1.072594521251657,-0.9317357763412188,55
1.1123234289263664,-0.9740460015233025,55
1.0266702082922272,-0.9601309178771273,55
1.1571765263225267,-1.0209279495380583,55
1.0725945212518686,-0.9317357763410239,55
1.1123234289305959,-0.9740460015197151,55
1.0266702082941812,-0.9601309178753215,55
1.157176526323438,-1.020927949537239,55
3.5941491152261436,0.7383983433696735,2
3.417818275051634,0.6115945856917427,2
3.530570770816624,0.7115641963437707,2
3.468622801240367,0.6547570138043034,2
3.4867982128624897,0.6917902352895131,2
3.5315916850614646,0.7163513583967697,2
3.4433970883338194,0.7035414949184661,2
3.493245497915806,0.6801584427595027,2
3.432963580850339,0.7224065454538129,2
3.4534156427230482,0.7360572396608455,2
1.0772479098575423,-0.9515464026990477,55
1.1354148299827524,-0.95249078790755,55
1.1085199628013602,-0.9273030223130504,55
1.0800633952839496,-0.9214125322610656,55
1.0819812417366295,-0.9824241159859047,55
1.0772479098575394,-0.9515464026990496,55
1.1354148299652196,-0.9524907879236403,55
1.1085199628015943,-0.9273030223128255,55
1.0800633952836547,-0.9214125322613411,55
1.0819812417360108,-0.9824241159864808,55
0.44057009831141475,-0.27100966932385,60
0.4206423760883566,-0.4117635807569896,60
0.3679469914115092,-0.29177501495036645,60
0.4247241569712375,-0.4256068542888709,60
0.4405885792332837,-0.2710206904160498,60
0.42064190597577655,-0.4117634319157113,60
0.36794957737210016,-0.2917766508071187,60
0.424724006477209,-0.42560681209527634,60
2.417631636571976,1.694514416279878,11
2.3919094701467887,1.582610608014803,11
2.426483188463424,1.611983886291501,11
2.381194776527449,1.6307011200433785,11
2.3712401760067814,1.6451314950910787,11
2.4098424749737415,1.7568380300894688,11
2.464147250869986,1.7185969900025952,11
2.4341743350197254,1.6915509459271425,11
2.4426124452256186,1.7952967068293373,11
2.5099349809863227,1.765835066693912,11
0.3920273687873505,-0.34511935739515787,60
0.3883898528451518,-0.33749209913916794,60
0.24822311019880872,-0.21921704324238134,60
0.27762800758913647,-0.1635688450818962,60
0.2813138877555012,-0.30537486626169585,60
0.3920270836947569,-0.3451192173821799,60
0.38838955493177657,-0.3374919372921984,60
0.24822605824064115,-0.2192194537387439,60
0.27762107144457965,-0.16356380880719945,60
0.28131581820180906,-0.3053765518345308,60
0.517094011872112,-0.5258491298486055,59
0.5838436902380199,-0.6124349012371078,59
0.48326991863467816,-0.5493879546068774,59
0.4871576387191862,-0.7600125524797505,59
0.517094011872112,-0.525849129848605,59
0.5838436902377823,-0.6124349012372615,59
0.4832699186346616,-0.5493879546068846,59
0.48715762580269906,-0.760012571705881,59
3.0570134336905173,2.008344323870511,1
2.9727570879104426,2.0280382672213526,1
3.0145227951342455,2.024094061038256,1
2.973503319508639,1.9739355416574194,1
2.952028469335712,2.010212089625711,1
2.998561423919704,2.1688342364227697,1
2.9693605131687915,2.2501883325211067,1
3.0061312940210794,2.234922845780208,1
2.9387061482400307,2.247321017249299,1
2.9999203796808365,2.335837997176967,1
0.5938313399174129,-0.6383253958859008,59
0.5204718921145951,-0.6287221395783605,59
0.4445333273231788,-0.5955359663795275,59
0.496536062915693,-0.4762010515960239,59
0.4522790268581727,-0.5858183202716307,59
0.5938313399178679,-0.638325395885584,59
0.5204718918498105,-0.6287221397933797,59
0.44453332730163075,-0.5955359663968256,59
0.49653606291568303,-0.47620105159602566,59
0.45227902685865207,-0.5858183202713272,59
0.8997635438659572,-0.8347189175086515,54
0.9430801896344709,-0.966457861911164,54
0.829817248781027,-0.9171599023773543,54
0.9807916272317394,-1.0070430996745532,54
0.8997635438659328,-0.8347189175086785,54
0.9430801896389768,-0.9664578619068367,54
0.8298172487638025,-0.9171599023933473,54
0.9807916270239904,-1.0070430998557331,54
3.09175019879741,1.0648933812547685,7
3.066186679179053,0.9649718780022617,7
3.0677291399730082,0.990458500913215,7
3.080262419430108,0.9978098422808686,7
3.05667436117002,1.0156453458666288,7
3.1027417163947684,1.0762022836392509,7
3.096567981208596,1.045743048966469,7
3.063826045020722,1.0006916916054,7
3.0607225708387165,1.0576753828971865,7
3.0848709991730576,1.0366989601948258,7
1.1877596425682477,-0.7947733112912165,54
0.8119935144599792,-0.9514201830375659,54
0.850809582675695,-0.8634202276185092,54
0.8579421560551646,-0.830555383571033,54
0.8980544691834182,-0.9286163502552249,54
1.1877596425682506,-0.7947733112912173,54
0.8119935144341552,-0.9514201830619277,54
0.8508095825329582,-0.8634202277836975,54
0.8579421560492129,-0.8305553835779091,54
0.8980544690651113,-0.9286163503806303,54
1.0379398576722891,-1.1722371925936959,53
1.0520311509298643,-1.296748215619305,53
0.9205730431101455,-1.291126107937294,53
1.1023489114131215,-1.3012661907581047,53
1.0379398574672196,-1.1722371927599782,53
1.0520311049130575,-1.2967482531891459,53
0.92057304041304,-1.2911261101534817,53
1.1023488916993947,-1.301266206813472,53
3.751699923364866,1.3187964325986532,2
3.68604560685142,1.196294388104755,2
3.7036699440885346,1.2560609402398062,2
3.6793205143760126,1.2452090748012647,2
3.6462286693467623,1.2792044071464053,2
3.708428553931642,1.3592130370994635,2
3.692138940823608,1.3223876424516932,2
3.7031239346017797,1.290353818776088,2
3.6533941589250967,1.3369399205581771,2
3.684707241055289,1.3220112863213787,2
1.066019882158885,-1.1512531932809547,53
1.010128759674628,-1.2459194640561784,53
1.0463112077151175,-1.2141335723462916,53
1.0157621724771067,-1.199563872751672,53
1.0164297363250194,-1.2491671900579824,53
1.0660198803308667,-1.1512531947409763,53
1.0101287602334854,-1.2459194635889033,53
1.0463112091065283,-1.2141335712082861,53
1.0157621858369346,-1.1995638619466045,53
1.0164297272041933,-1.249167197406439,53
0.539155783543153,-0.410290806077609,58
0.49512133850499057,-0.49117482063262996,58
0.42577196650234184,-0.4581099410603596,58
0.48255858363017845,-0.531957120188781,58
0.539155783543153,-0.4102908060776091,58
0.49512133850498996,-0.49117482063263046,58
0.42577196650234206,-0.45810994106035935,58
0.48255858363031895,-0.531957120188753,58
2.5393966964002184,1.6808499256973284,14
2.5000588398538746,1.6041977661182132,14
2.4774148733348067,1.5920419276535556,14
2.460607167958466,1.6333596061881053,14
2.4704230910312086,1.6828917751514811,14
2.560435296652542,1.738247300475803,14
2.5979333282184185,1.7285845147342005,14
2.532793355026532,1.6513656974125406,14
2.5259729120660146,1.7458312353147578,14
2.6271704554952136,1.7518848057589929,14
0.6459920845350571,-0.5318730217047668,58
0.44592555803393,-0.47117332777709603,58
0.382094812886214,-0.4524151247197526,58
0.3991873240146922,-0.3818689192493389,58
0.39606970884753473,-0.5492306522930435,58
0.6459920845336492,-0.5318730217042754,58
0.4459255580339297,-0.47117332777709586,58
0.3820948128862141,-0.45241512471975226,58
0.39918732401469187,-0.38186891924933913,58
0.39606970884757325,-0.5492306522929576,58
0.5331836522722138,-0.872860267723634,57
0.6497382285540276,-0.9801526582564892,57
0.4898639550148973,-0.9499224321280261,57
0.6347587367949896,-1.0443988441776846,57
0.5331836469585532,-0.8728602746012033,57
0.6497381963110002,-0.9801526868680707,57
0.4898639548773472,-0.9499224322457429,57
0.6347587367924097,-1.0443988441793732,57
3.2103655619322446,2.160815713289918,0
3.1746365167668804,2.109622588954097,0
3.1741295997624817,2.123398144726318,0
3.1298172381031333,2.0706188019614595,0
3.1406357336651425,2.1310445543073,0
3.1943042861652957,2.2443595552105715,0
3.2010896478116178,2.2497002587001798,0
3.2089872339534335,2.2093725366250903,0
3.122589215654953,2.2152511052170825,0
3.2291613075614025,2.2761136053641127,0
0.7191119507065835,-0.8511538709809587,57
0.4580650338593393,-0.9361687636861419,57
0.6463948145558985,-0.9272022734843745,57
0.603490136819244,-0.7539848952414858,57
0.5912340470985148,-0.9729943732593775,57
0.7191117911906093,-0.851154066769583,57
0.458065033868826,-0.9361687636740363,57
0.6464247994076698,-0.9271677957647044,57
0.6034901378640385,-0.7539848934705812,57
0.5912343664328567,-0.9729941146175982,57
2.644715500918321,-1.8824415079586339,42
2.7529183186968234,-1.8340490941097138,42
2.7900637215389663,-1.882858286164081,42
2.6334158071880154,-1.8410350627892396,42
2.6447155009183496,-1.8824415079585834,42
2.752918318696824,-1.8340490941097094,42
2.7900637215389694,-1.8828582861640693,42
2.633415807187989,-1.8410350627892855,42
0.5491118960096183,-4.186114761247353,46
0.7811145171784194,-3.947006251695773,46
0.6632285098694483,-4.021407221968138,46
0.9230413455017289,-3.898740873006351,46
0.7173039846085012,-4.168519155077347,46
0.5128831189541525,-4.012340634036429,46
0.8027683395365199,-3.8554649742860585,46
0.6802046971653869,-3.909924241607198,46
0.8154113346072482,-3.7748970515271307,46
0.6878875084261282,-4.055333483470842,46
2.806409789441745,-1.9789375310568633,42
2.5821086244292974,-1.8528764417838488,42
2.678239100480413,-1.787693066833423,42
2.706946701182105,-1.8105463161479034,42
2.570713568839443,-1.8134201818389935,42
2.806409789441656,-1.978937531057008,42
2.582108624429296,-1.8528764417838495,42
2.6782391004804165,-1.7876930668334188,42
2.7069467011821047,-1.8105463161479052,42
2.5707135688394414,-1.8134201818389908,42
2.8316711452711294,-2.0781850587581165,42
2.7873872059021894,-2.0203241035737407,42
2.863550753027991,-1.9327791004720596,42
3.015169950977276,-2.041193196776236,42
2.8456140559599525,-1.9894843041059638,42
2.8316711452711396,-2.078185058758099,42
2.787387205902349,-2.020324103573485,42
2.863550753027991,-1.932779100472058,42
3.0151699509770244,-2.0411931967766552,42
2.845614055959951,-1.9894843041059675,42
0.5409362120924953,-3.940019214043352,46
0.901705792549137,-3.8913345629994316,46
0.491937373036781,-3.8481395289720717,46
0.8745753325312221,-3.82409519553199,46
0.5663146280690494,-3.9535570903558486,46
0.8961037588393392,-3.8381573333980965,46
0.46472143045715186,-3.9971457965132484,46
0.9163532125612408,-3.9015426725436537,46
0.5999755230450173,-3.9018226794676796,46
0.9308778701741393,-3.9411544848202036,46
0.5409362160556066,-3.9400192135440952,46
0.9017057764980734,-3.8913345661787004,46
0.4919373730359551,-3.8481395289721863,46
0.8745753272272664,-3.824095196570639,46
0.5663146454057725,-3.9535570882068387,46
0.8961037686191166,-3.8381573314578263,46
0.46472143072227284,-3.997145796485992,46
0.9163531466859131,-3.9015426860515885,46
0.5999754848807711,-3.9018226848990247,46
0.9308778700729374,-3.9411544848413613,46
1.7342163460134643,1.0660974055263412,5
1.8828465834410597,0.8789327382220771,5
-2.1275110360760427,1.3439305401652981,86
-2.1275107499290464,1.3439308683490734,86
2.566460629438573,2.2926123170874986,3
2.5445385032717787,2.3390863707291336,3
-1.9093457625862262,0.6129579368577648,86
-1.8146240911678138,0.22606650750380236,86
-0.08335689440708122,3.059430441980619,10
0.019755381467624643,3.1422731599926657,10
-2.010563419308428,1.4598822005635532,86
-2.010563419308428,1.4598822005635532,86
1.453182283510936,3.334928667090371,1
1.4350685298051582,3.464964218213565,1
-2.119703929743154,1.131107647654336,86
-2.119703929743154,1.131107647654336,86
1.6026207821924952,2.1835709171188213,12
1.6503197573788728,2.224226977419081,12
-1.6918984171927771,1.3597701320116833,86
-1.691898417278646,1.3597701320694238,86
2.383541369382425,2.723298203110528,4
2.4244889973669856,2.71976017102411,4
-0.542095511608102,-2.6792613576827606,86
-0.5420955116055101,-2.6792613576845663,86
0.6638586849238132,2.8271239829970076,12
0.6943774376875309,2.932864295385479,12
-1.9968492036268422,1.5431528212597982,86
-1.9968492036268422,1.5431528212597982,86
1.6356085318835878,3.2810805329467536,1
1.6755243501125505,3.348173581498175,1
-2.2812818790243945,1.434916617683363,86
-2.281281879024511,1.43491661768319,86
1.9446523225500512,-3.4292912163686196,52
1.9377669404399034,-3.518844971253228,52
2.0469790653507602,-2.240004352619856,44
2.046979065350782,-2.240004352619829,44
2.2323363349926306,-2.417616309282991,44
1.0830523490834276,-3.0675893813285313,44
2.101493865488376,-3.4611794298230665,52
2.1872727070919877,-3.4306555276204542,52
-3.7759819467912266,-1.6174262940988955,52
2.1872727063921076,-3.4306555280766973,52
1.7719116194110356,0.904849521098838,5
1.9123515222094765,0.7522692391895502,5
-2.0372270017278167,1.3071346667134696,86
-2.037227001727373,1.3071346667135049,86
2.5380514996522963,2.299083961334551,3
2.519520802561235,2.361477555092195,3
-1.9040823567388472,0.6766389880257343,86
-1.8792347899441844,0.47312804399978997,86
-0.05221184854684132,2.9421620937514192,10
0.00432638424948639,3.034286348610781,10
-1.9862722770987207,1.4085841822605516,86
-1.9862722770987202,1.4085841822605512,86
1.424551565335619,3.3219199474932477,1
1.3950576380809876,3.462911118021032,1
-2.132754811838702,1.1413549508978142,86
-2.132754811838702,1.1413549508978142,86
1.6241813156944924,2.156017106304387,12
1.6704480164212399,2.2252332640241423,12
-1.5613959006604463,1.2755743132716286,86
-1.5613959006605127,1.2755743132716741,86
2.4000526544451026,2.7209751303752974,4
2.422593932239175,2.7316614197602975,4
-2.2148477543538885,1.467684463557701,86
-2.214847754353889,1.4676844635577018,86
0.7077811186810078,2.786474379486483,12
0.7353972307706552,2.893842312582998,12
-1.923105901967883,1.4746783128256449,86
-1.923105901967883,1.4746783128256449,86
1.6665554798259807,3.290451254389457,1
1.7030974673641228,3.350936552660875,1
-2.2865528986546058,1.4258047698151795,86
-2.2865528986548305,1.4258047698148848,86
1.9532502655037536,-3.5724627112049783,52
1.9675693549175342,-3.607452467685672,52
2.1112123771161073,-2.220534217310948,44
2.1112123771161073,-2.220534217310948,44
2.324113859832936,-2.4202600485889096,44
2.3241138598329343,-2.42026004858891,44
2.095575963624282,-3.5545922479553274,52
2.160278466119724,-3.5069784673383517,52
2.095575916505008,-3.5545922762993114,52
2.160278620810846,-3.5069783698114367,52
-0.3490759227007731,-0.4879146479551201,62
-0.31778709374226083,-0.46876852253690904,62
-0.3213145105047977,-0.2875977076714365,62
-0.3300593238119876,-0.48165427110869313,62
-0.349075922700773,-0.48791464795512013,62
-0.3177870937422606,-0.46876852253690815,62
-0.32131451050479826,-0.2875977076714363,62
-0.33005932381198744,-0.4816542711086929,62
2.189860346247813,0.49319902691214235,6
2.2288502880610843,0.3714267203150308,6
2.2693114462013755,0.4020370531027427,6
2.2745774239066625,0.3656257283476309,6
2.259660830170926,0.34816673370061246,6
2.1819845597642886,0.45192682250609817,6
2.24771040916617,0.42097962787329396,6
2.2068652838858176,0.3647800972843781,6
2.2600468211500124,0.3868273782511861,6
2.190156513802398,0.3313047573613771,6
-0.23917279556694707,-0.6974762275927725,62
-0.38196525358284167,-0.4943060164657217,62
-0.28283764480909906,-0.4075121097742479,62
-0.27404871651095847,-0.22098210391016118,62
-0.2607442712072904,-0.3727172599274637,62
-0.23917279556694718,-0.6974762275927727,62
-0.3819652535828418,-0.494306016465722,62
-0.2828376448090992,-0.4075121097742477,62
-0.2740487165109585,-0.22098210391016113,62
-0.2607442712072901,-0.37271725992746374,62
-0.41089795450058414,-1.1439309031095757,61
-0.3530193466635254,-1.2123588343347844,61
-0.37756518066925265,-1.0300832199928696,61
-0.3197964815279881,-1.1674556992196385,61
-0.4108979545005832,-1.1439309031095743,61
-0.35301934666352497,-1.2123588343347835,61
-0.37756518066923883,-1.0300832199928363,61
-0.3197964815279931,-1.1674556992196443,61
2.9853556155094263,0.9434713584112076,3
2.870131368669846,0.7510375220968506,3
2.975875203937368,0.8174981266194683,3
2.9993479862504473,0.8097901740626792,3
2.9488760384684323,0.746080959329235,3
2.9096055972099917,0.851366252194507,3
2.882103423270005,0.8923162444632181,3
2.88326444887141,0.7314727555334939,3
2.890166952720937,0.930588287000383,3
2.850866859175499,0.8254374800926572,3
-0.36796516117166905,-1.2708312077654573,61
-0.5119492435662983,-1.3055987101782993,61
-0.34974299206253123,-1.0877441319815297,61
-0.34368421303319074,-0.8732589891205441,61
-0.28425919944507416,-0.982725559438803,61
-0.3679651611716689,-1.2708312077654564,61
-0.5119492435662985,-1.3055987101783002,61
-0.34974299206252907,-1.087744131981526,61
-0.34368421303318997,-0.8732589891205423,61
-0.28425919944507416,-0.9827255594388031,61
-0.9336309950885452,0.6379448217450662,68
-0.8896919722923146,0.5796270880091194,68
-0.9161530961178861,0.6721478564196252,68
-0.9618498016172313,0.6250009348014379,68
-0.9336309950885447,0.6379448217450663,68
-0.8896919722923147,0.5796270880091197,68
-0.9161530961178859,0.6721478564196246,68
-0.9618498016172307,0.6250009348014376,68
1.327876667204386,1.9976803328270023,11
1.3114259854379917,1.8924407751312466,11
1.34501609545578,1.884270182157201,11
1.2989553192060421,1.9220334657080056,11
1.3562283357894782,1.822318167109418,11
1.3067658279386727,2.050173511320398,11
1.44328641583274,2.0216251253525064,11
1.4036288897790323,1.9788728534437792,11
1.347307942304047,2.0722111981238194,11
1.4136446735616812,1.9098618975913673,11
-0.7345953089157358,0.308843120508645,68
-1.035080612028429,0.6641514606958888,68
-0.922561096435601,0.5863405060249526,68
-0.8957382860916848,0.6822539145963035,68
-0.8546233786242265,0.5612900519411781,68
-0.7345953089157365,0.3088431205086453,68
-1.0350806120284277,0.6641514606958882,68
-0.9225610964356012,0.5863405060249525,68
-0.8957382860916848,0.6822539145963032,68
-0.8546233786242268,0.5612900519411784,68
-0.757170453103237,-0.010129401450234403,67
-0.7082818017166459,-0.04468993678460962,67
-0.7477486877300542,0.0928713180955502,67
-0.7454269880222543,-0.055839766097646064,67
-0.7571704531032373,-0.01012940145023443,67
-0.7082818017166453,-0.04468993678460955,67
-0.7477486877300544,0.09287131809555031,67
-0.7454269880222539,-0.055839766097646036,67
2.1985948466524183,2.543186201718251,1
2.1465476244134614,2.3967511849196,1
2.2118762380380597,2.4761215877270297,1
2.159608104117649,2.357460311842759,1
2.1459746200745444,2.316921918371107,1
2.1466028585187136,2.6517835590865584,1
2.1654539207177486,2.584935012682114,1
2.176909924955713,2.6140742006140925,1
2.113819340920703,2.5877321825750443,1
2.1293324667606504,2.5934155849022376,1
-0.7251599387358261,-0.11335916969423568,67
-0.8171654050944612,0.05637860641378117,67
-0.6935513448469341,0.027739290004255845,67
-0.7265070512654226,0.21394866698992276,67
-0.7063339353607568,0.052300182598701776,67
-0.725159938735826,-0.11335916969423548,67
-0.8171654050944613,0.056378606413781146,67
-0.693551344846935,0.027739290004255977,67
-0.7265070512654225,0.21394866698992282,67
-0.7063339353607574,0.05230018259870183,67
-0.08134493475430456,-0.470816398058523,64
-0.045275001128053945,-0.47316110649567794,64
-0.08376976932857942,-0.29902028864251884,64
-0.06221289971485777,-0.49935801163683563,64
-0.0813449347543046,-0.47081639805852277,64
-0.045275001128054146,-0.47316110649567816,64
-0.08376976932857937,-0.2990202886425187,64
-0.06221289971485773,-0.4993580116368353,64
2.2196933884354575,1.3650440668102386,7
2.3022472207110987,1.1913884323045703,7
2.275847146918157,1.2242805520042919,7
2.3026085964685152,1.193075031742162,7
2.2685897072207037,1.1392395171774845,7
2.1989783449553237,1.329614164778911,7
2.2899462576051834,1.3115139441491168,7
2.280761645181003,1.1777334285796464,7
2.294742849754854,1.3321018534557547,7
2.2617203989093744,1.1371316170378367,7
0.11484532780005663,-0.5792412622843618,64
-0.13279223289341333,-0.4678262377984112,64
-0.043964426161812724,-0.4007395656333915,64
-0.03679401658032581,-0.2125846470566687,64
-0.01487425418318236,-0.3728215940583883,64
0.11484532780005659,-0.5792412622843616,64
-0.13279223289341346,-0.4678262377984114,64
-0.043964426161812724,-0.40073956563339164,64
-0.03679401658032587,-0.21258464705666874,64
-0.01487425418318239,-0.37282159405838766,64
-0.20468686135140907,-1.1748790409280923,63
-0.2018483950864165,-1.3057787767672557,63
-0.17777117087139843,-1.0607471572103495,63
-0.19196030680826331,-1.3285227663483754,63
-0.20468686135136888,-1.1748790409280312,63
-0.20184839508333088,-1.305778776763043,63
-0.1777711708714034,-1.0607471572103648,63
-0.19196030681294265,-1.3285227663545305,63
3.0921021938251085,1.7198447401464896,4
3.0597970273135817,1.5569919534732883,4
3.0940809925081134,1.5954397149504014,4
3.1130141593603953,1.541823984561261,4
3.056930917242086,1.5374997457488837,4
3.072250835947716,1.7255732443861211,4
3.0647697553694635,1.6846008267304602,4
3.0493655567785174,1.648787409568714,4
3.056860098072532,1.6940070291518017,4
3.0090863808716937,1.6268002061872757,4
-0.10250652044350457,-1.381088773862976,63
-0.2682192070898775,-1.2673809155883629,63
-0.07073364106452831,-1.1545071822646422,63
-0.07585074871682164,-0.9135279654085072,63
-0.020056620743833468,-1.140053424061227,63
-0.10250652040641127,-1.381088773826974,63
-0.2682192070936791,-1.2673809155940796,63
-0.07073364106485149,-1.1545071822649478,63
-0.07585074871682226,-0.9135279654085083,63
-0.020056620743932302,-1.1400534240613047,63
-0.40393652137271124,0.11807653845604915,66
-0.39656764921837284,0.1226722025587704,66
-0.425926799141813,0.1985156191055975,66
-0.44087969916225966,0.13307264620868528,66
-0.4039365213727109,0.1180765384560491,66
-0.39656764921837245,0.12267220255877037,66
-0.425926799141813,0.19851561910559723,66
-0.44087969916225966,0.1330726462086853,66
1.6002936211697392,1.9874457641314949,14
1.5339682316601833,1.8709285999725933,14
1.5314999810582899,1.841683839944417,14
1.508112236264849,1.9016395701023683,14
1.569014582831293,1.80567593527337,14
1.6103894165925334,1.9885572215294398,14
1.6730437348273113,1.9515948138366779,14
1.6326444966663745,1.8708047613993872,14
1.5812181149037319,1.9483080276968234,14
1.6489040301111442,1.846462061992857,14
-0.31915381647995866,-0.09711892597783027,66
-0.4494155593389784,0.09843151598246012,66
-0.3870180056171816,0.11959182127889749,66
-0.393628506080154,0.22947537622784234,66
-0.39740916716454805,0.11083127638522905,66
-0.31915381647995866,-0.0971189259778303,66
-0.44941555933897853,0.09843151598246017,66
-0.38701800561718136,0.11959182127889742,66
-0.393628506080154,0.22947537622784211,66
-0.39740916716454805,0.11083127638522908,66
-0.48888206281872343,-0.2935695608535604,65
-0.4774785620781332,-0.3440645663731276,65
-0.5083824298320226,-0.23295934114383632,65
-0.4770929915508954,-0.38033297323213655,65
-0.48888206281872343,-0.2935695608535605,65
-0.477478562078133,-0.3440645663731272,65
-0.5083824298320225,-0.23295934114383632,65
-0.47709299155089563,-0.3803329732321368,65
2.391030382829426,2.584961111729788,0
2.314696443699139,2.42325920940694,0
2.352248176828228,2.471762259586648,0
2.309842545751783,2.3772903045565528,0
2.3303270063248473,2.3628041406551104,0
2.4261283555492588,2.6296811847469064,0
2.404653435359806,2.5501877663331523,0
2.4154588901049037,2.6110997459935694,0
2.35675257321705,2.5317607793486223,0
2.3713505870338785,2.5770040248093014,0
-0.44580117257084284,-0.5430864342195664,65
-0.5169811729554304,-0.35215652346528953,65
-0.43705557539013756,-0.2747150730829527,65
-0.4457241920416432,-0.1247204541184276,65
-0.4074854803940738,-0.29318771327364734,65
-0.44580117257083995,-0.5430864342195719,65
-0.516981172955431,-0.35215652346528936,65
-0.43705557539013723,-0.2747150730829529,65
-0.4457241920416433,-0.1247204541184276,65
-0.40748548039407345,-0.2931877132736472,65
2.099537149697522,-2.0324389952675443,43
2.2720554505039883,-1.9847545287180406,43
2.306302876767718,-2.1264809275244496,43
2.100678967829439,-1.976315664719205,43
2.0995371496975213,-2.0324389952675417,43
2.272055450503988,-1.9847545287180397,43
2.3063028767677185,-2.12648092752445,43
2.100678967829439,-1.9763156647192048,43
1.6936973746887396,-3.5739631947120487,51
1.8505155391948045,-3.2617432197138876,51
1.7047491876059395,-3.3751615933005654,51
1.8511675008930955,-3.199463330082103,51
1.6267804800970576,-3.5051667975735183,51
1.7614219669300395,-3.406480765681555,51
1.7783031827076363,-3.252294116030621,51
1.8746927318856372,-3.2744104983090057,51
1.8116119831411028,-3.1843949634998294,51
1.7968817778394854,-3.371042466966671,51
2.0166368234029086,-1.8581778989476851,43
2.136659070808704,-2.0598833501963614,43
2.1864786030942396,-1.912457170121916,43
2.226515825274985,-2.076968090501559,43
2.066346103624973,-1.9651734861334043,43
2.0166368234029077,-1.858177898947686,43
2.136659070808702,-2.059883350196361,43
2.18647860309424,-1.9124571701219162,43
2.2265158252749857,-2.076968090501561,43
2.0663461036249737,-1.965173486133406,43
2.2077314729451585,-2.1506240298946864,43
2.106377740527571,-2.1331095377562335,43
2.1882429025477474,-2.01497611218788,43
2.2772745314911993,-2.1584031944614837,43
2.1953670668293066,-2.0967134473824474,43
2.207731472945159,-2.1506240298946873,43
2.1063777405275714,-2.1331095377562326,43
2.188242902547746,-2.01497611218788,43
2.2772745314911993,-2.1584031944614854,43
2.1953670668293053,-2.0967134473824456,43
1.8098710580608726,-3.329079440709028,51
1.7458357164415679,-3.328521691193824,51
1.7096459494361267,-3.2276146880121557,51
1.7418485396704315,-3.222283133830187,51
1.809154740543226,-3.145112913879151,51
1.8572514750024076,-3.231700902802807,51
1.6865069550660774,-3.2313737398409845,51
1.7927938467855984,-3.2529008330089955,51
1.8387222129935876,-3.1941387234682423,51
1.7332995516374297,-3.2576908070412505,51
-3.4907889109169132,1.038727958941031,51
1.7458357163899916,-3.328521691219726,51
1.7096459621603564,-3.2276146818252935,51
1.7572473239567739,-3.2144413592450225,51
1.8091547465207998,-3.1451129105465268,51
1.8572514734290588,-3.2317009036664106,51
1.6865068905989453,-3.2313737710095243,51
1.7927938509692583,-3.25290083079169,51
1.8387221979177863,-3.19413873176657,51
1.7332995581614037,-3.2576908037227605,51
1.627846896765292,0.7469086839438632,5
1.736649840810875,0.6158203195579512,5
-2.1085366561620584,1.2367913078019315,86
-2.1085366561620584,1.2367913078019315,86
2.416667634851996,2.2236633227266847,3
2.387022607398203,2.2339023888919205,3
-1.8959454319929354,0.4249899600788832,86
-1.895245591330775,0.4192965495302085,86
-0.05642900290978872,2.885527283075816,10
0.07260469967603572,2.8821618309870884,10
-2.3495553387082353,1.609843925976197,86
-2.3495553387082353,1.609843925976197,86
1.2954206452673136,3.2534804488209796,1
1.3310816883275518,3.337473058717494,1
-2.358833659688883,1.2102123569048884,86
-2.358833659688883,1.2102123569048884,86
1.6561127292192201,2.2082206649928753,12
1.676377070475852,2.2298325496970657,12
-1.7154336422554797,1.2308972706868981,86
-1.7154336422567193,1.2308972706878132,86
2.3567635606558874,2.719550944895576,4
2.379129590693909,2.6795614206353546,4
-0.7345788536030791,-2.365797313049263,86
-2.2344661699766384,1.2498751666040644,86
0.6386174989164897,2.730400369901343,12
0.7002300772891624,2.805350859743792,12
-2.2502862134849075,1.603279483503951,86
-2.2502862134849075,1.603279483503951,86
1.533562681077537,3.186561750615289,1
1.5889285237841888,3.229945136829732,1
-2.470765523901244,1.4209028743400554,86
-2.4707655239012447,1.420902874340056,86
1.7618129518061887,-3.631001095004845,52
1.749354293849566,-3.613757144923727,52
2.396184719488783,-1.943218263940156,44
2.396184718470148,-1.9432182662655397,44
2.7769981281195317,-1.756346014997196,44
2.7769981281139686,-1.7563460150096641,44
1.9167535774438533,-3.5698013862436353,52
1.9922883780377307,-3.5460834179874827,52
1.9167529040747182,-3.5698017482966273,52
1.9922885133807193,-3.5460833414228117,52
1.6749411753031591,0.6458328786872907,5
1.7404132251904407,0.5568756462292018,5
-2.0606298368561125,1.2247585482843026,86
-2.0606298368561125,1.2247585482843026,86
2.45638436542053,2.049883225444619,3
2.399804557488072,2.0828811357035195,3
-1.820323117654811,0.28294947427992,86
-1.8203008891877521,0.2828621867469059,86
0.04982757400117304,2.6468001195813695,10
0.16066461873861704,2.6848290315079684,10
-2.3484180322598522,1.5767013004642303,86
-2.3484180322598522,1.5767013004642303,86
1.3665782006461058,3.0950472547495256,1
1.4356293975524836,3.1822184874446524,1
-2.3221648630975973,1.1485410858028577,86
-2.3221648630975973,1.1485410858028577,86
1.7464343717130764,2.0112621453593293,12
1.7723560740408488,2.0458768821952367,12
-1.6690100776750174,1.1979260474082738,86
-1.6690100776750199,1.1979260474082767,86
2.437689014800897,2.556801482241599,4
2.4487029999255623,2.531303717629113,4
-0.7366142634230338,-2.383250923671283,86
-2.2513582524797995,1.266449262661785,86
0.7170224673251261,2.604605577610966,12
0.7775928356370748,2.676422802234082,12
-2.2076574417950177,1.5457169887421869,86
-2.2076574417950177,1.5457169887421869,86
1.5922594780794244,3.0877867183168988,1
1.6464536937872214,3.1125143045204635,1
-2.4871839683463404,1.3728101041815763,86
-2.4871839683463413,1.3728101041815792,86
1.8111137562042923,-3.696875747123953,52
1.85131787009286,-3.6203913628095643,52
2.4449869155328914,-1.945944521894209,44
2.44498714045889,-1.9459440666951895,44
2.8296208519460166,-1.8032271392377843,44
2.829620851947102,-1.8032271392351458,44
1.941698987041613,-3.590443849663465,52
1.9955557877678523,-3.577128509096666,52
1.941698950148901,-3.5904438695788268,52
1.9955557364211125,-3.5771285380528086,52
-0.5284754298124265,-0.5565128029954519,62
-0.43330599247547597,-0.4329261275997161,62
-0.5331291661879624,-0.33975709051072694,62
-0.4564662512808575,-0.4833429029241144,62
-0.5284754298124268,-0.55651280299545,62
-0.43330599247547585,-0.43292612759971627,62
-0.5331291661879797,-0.33975709051065184,62
-0.4564662512808574,-0.4833429029241143,62
2.0169012470596672,0.3949488925451176,6
2.0844833012352852,0.25191017293051843,6
2.0953085800837346,0.2804717172325629,6
2.1001484571471587,0.2740902915493313,6
2.0925791578943893,0.23336673944672015,6
1.9863232566367868,0.4078784506774224,6
2.0944356001405873,0.31787974778663375,6
2.0440533165766923,0.2767186275769481,6
2.1128375479431507,0.30611008285438,6
2.0603459163338433,0.24404670725043642,6
-0.34181532606256354,-0.6704340942695816,62
-0.5838674175185068,-0.7107819091019457,62
-0.48097167003406793,-0.42693256101916693,62
-0.5164633054690755,-0.3476912326917208,62
-0.41418398201857726,-0.43242190152226134,62
-0.3418153260624647,-0.6704340942697619,62
-0.583867417518477,-0.7107819091008784,62
-0.48097167003406793,-0.4269325610191667,62
-0.5164633054690737,-0.34769123269172386,62
-0.4141839820185768,-0.43242190152226145,62
-0.5624994250924946,-1.0937777078884934,61
-0.5059531145093827,-1.18006959529789,61
-0.6044284402613017,-1.0690801346232888,61
-0.4965723270602205,-1.2156482097410544,61
-0.5624994250925056,-1.0937777078885609,61
-0.5059531145093803,-1.180069595297876,61
-0.6044284402612652,-1.0690801346221583,61
-0.4965723270602198,-1.2156482097410524,61
2.8839907565356366,0.6489077366473274,3
2.7255324485226415,0.5550158472248213,3
2.8757673417865424,0.5617179189946503,3
2.8522843339699393,0.5297447238521424,3
2.7828996615589467,0.538050825807079,3
2.776048735641321,0.6678654416707751,3
2.728502022337727,0.6600665466085819,3
2.783052158388078,0.5736160793431243,3
2.7334687225610894,0.6596361504051639,3
2.7224106793166722,0.6560462550104935,3
-0.5121417899835383,-1.3169417441763909,61
-0.6954607161019505,-1.3250482456224912,61
-0.5262461566914748,-1.015212367584746,61
-0.5573599463272532,-0.9346734099361035,61
-0.46141604301123385,-0.9804493939334779,61
-0.512141789983538,-1.3169417441763909,61
-0.6954607161019501,-1.3250482456224895,61
-0.526246156691475,-1.0152123675847515,61
-0.557359946327262,-0.9346734099362625,61
-0.46141604301123434,-0.9804493939334781,61
-1.4747535751837004,0.7918466634842038,68
-1.4652965704673335,0.7778154959092641,68
-1.5229390153841456,0.8647944833708124,68
-1.5688320752503953,0.8222339349744775,68
-1.474753575183701,0.7918466634842034,68
-1.4652965704673337,0.7778154959092645,68
-1.5229390153841444,0.8647944833708123,68
-1.5688320752503953,0.8222339349744779,68
1.0910632817773054,1.8614145450042068,11
1.0791242718041507,1.726206353338978,11
1.1644815961922599,1.7821331421904223,11
1.13873542245708,1.7890056743207734,11
1.1300873391451973,1.6973058307577318,11
1.1098854441526858,1.937052976747239,11
1.2335580794531094,1.889854655622827,11
1.1854046629869013,1.8449286276033232,11
1.2091545615344834,1.9630140356736667,11
1.2416938129486155,1.801314666382465,11
-1.124904104741568,0.4591640553076651,68
-1.538832153242089,0.8032265531161403,68
-1.3442317274455386,0.6818950034178531,68
-1.3554217891883813,0.7647246477195873,68
-1.28928606229464,0.6658127095888355,68
-1.1249041047415627,0.4591640553076587,68
-1.5388321532420899,0.8032265531161402,68
-1.344231727445539,0.6818950034178534,68
-1.3554217891883817,0.7647246477195873,68
-1.289286062294639,0.665812709588835,68
-1.0346584359928745,0.10856922891667156,67
-0.999455668503981,0.07858917958129404,67
-1.0981738978867297,0.1618352031398645,67
-1.0662211473598127,0.06108761475229747,67
-1.0346584359928748,0.1085692289166715,67
-0.9994556685039813,0.07858917958129404,67
-1.09817389788673,0.16183520313986455,67
-1.0662211473598122,0.06108761475229739,67
2.0229852375131934,2.4936302855681203,1
2.0491914701223726,2.3686018275544827,1
2.063617747942946,2.4705959029696674,1
2.0642828077846094,2.341127863078022,1
2.0318060913110685,2.2693379257385096,1
1.9905336012464747,2.6127434200723396,1
2.000957989115126,2.563751040659591,1
2.0235849559450885,2.6191229605910498,1
1.9611799333771343,2.5707233269940746,1
1.9773793366433652,2.5517223757732057,1
-0.9557293229231735,-0.027114316287292366,67
-1.1429471800229005,0.056613824542588426,67
-0.9981582288199099,0.12747144035791347,67
-1.0845881905983277,0.21601567293648938,67
-0.9969920556636742,0.12447031693402738,67
-0.9557293229231728,-0.027114316287292373,67
-1.1429471800229003,0.05661382454258852,67
-0.9981582288199103,0.12747144035791375,67
-1.084588190598328,0.21601567293648927,67
-0.9969920556636742,0.1244703169340273,67
-0.3713767805925119,-0.5260104395470744,64
-0.31137156596219656,-0.49868673347672954,64
-0.38393575145576087,-0.47899487761072546,64
-0.3271483801358137,-0.5436359902755277,64
-0.3713767805925124,-0.5260104395470746,64
-0.3113715659621965,-0.49868673347672965,64
-0.3839357514557609,-0.47899487761072557,64
-0.3271483801358138,-0.5436359902755281,64
2.130219437250782,1.2966501871080767,7
2.1428443881038786,1.0814452261574279,7
2.1546036129865254,1.1434765474770592,7
2.1340059296995983,1.0680648090719655,7
2.094285366250199,0.9936209425048056,7
2.147002301518419,1.2878236154662543,7
2.217499665001207,1.2490350906344974,7
2.2048111014507725,1.110337665586306,7
2.168449646122887,1.2383417897117301,7
2.1206366094054854,1.0414904933956237,7
-0.1958493917599682,-0.4944353013827786,64
-0.44029123245622,-0.6193642599888786,64
-0.3034297636662768,-0.4374394326963753,64
-0.369241797467524,-0.38267005357341916,64
-0.31609708873431436,-0.43865904111096077,64
-0.1958493917599685,-0.4944353013827784,64
-0.44029123245622,-0.6193642599888786,64
-0.3034297636662766,-0.4374394326963752,64
-0.3692417974675237,-0.382670053573419,64
-0.31609708873431414,-0.4386590411109605,64
-0.4776094552019984,-1.265057466385832,63
-0.4198197946942812,-1.3276691943061085,63
-0.5267879758585223,-1.3321384160669716,63
-0.42462016346359166,-1.3515224364907241,63
-0.47760945520199743,-1.2650574663858267,63
-0.41981979469428815,-1.3276691943061216,63
-0.5267879758585206,-1.3321384160669625,63
-0.4246201634635948,-1.3515224364907288,63
2.966035764474361,1.6019378008210983,4
2.896536062354931,1.440035404732027,4
2.9558575344701374,1.467230567534452,4
2.956850171416385,1.4162022868376591,4
2.9311219622046942,1.3776820671943095,4
2.904589370439243,1.6459013658023627,4
2.9194078313894454,1.601049715221613,4
2.917926448330759,1.545425403461378,4
2.8696331588165114,1.583939987847919,4
2.852392799282721,1.4973920414830704,4
-0.3339008462968144,-1.3680472897958622,63
-0.5436426788366244,-1.4172201667593392,63
-0.3447227457781669,-1.1182072004093415,63
-0.4697637848696543,-1.1588373141992905,63
-0.328684788173154,-1.1308734242282596,63
-0.33390084629678374,-1.368047289795811,63
-0.5436426788366239,-1.4172201667593383,63
-0.3447227457782749,-1.118207200409615,63
-0.4697637848691751,-1.1588373141971873,63
-0.3286847881731438,-1.1308734242282323,63
-0.7606810139471991,0.12747777803677288,66
-0.7495925687214536,0.11560782344236939,66
-0.7978680269439961,0.17502388876903616,66
-0.7796726449067981,0.11816037380758757,66
-0.7606810139471993,0.12747777803677285,66
-0.7495925687214537,0.11560782344236928,66
-0.7978680269439957,0.17502388876903607,66
-0.779672644906798,0.11816037380758775,66
1.365581472781735,1.9267180695630566,14
1.3374045170663285,1.7951886421574645,14
1.354741213084284,1.787265943251256,14
1.3295541134822373,1.7727122697504034,14
1.3291310317209237,1.736876457359809,14
1.3742588658294173,1.9620262565967679,14
1.5013537275977735,1.9204279451125217,14
1.4293714422314872,1.882340155015989,14
1.4104316880321832,1.9110658415612127,14
1.428045163982811,1.8050272910777667,14
-0.6010524367366131,-0.03624323702867182,66
-0.7917359145071069,0.1150420176126448,66
-0.6924326343917733,0.09085275564235935,66
-0.7180964412382697,0.1806967463419764,66
-0.6717104625430064,0.12722436401898501,66
-0.6010524367366136,-0.036243237028671764,66
-0.7917359145071076,0.1150420176126448,66
-0.6924326343917735,0.0908527556423595,66
-0.7180964412382699,0.18069674634197672,66
-0.6717104625430065,0.12722436401898501,66
-0.7690932122308134,-0.1899020938518521,65
-0.7422652861081868,-0.21331297455862366,65
-0.8498262213368463,-0.1962396665422617,65
-0.7368545781003225,-0.23551976888244067,65
-0.7690932122308132,-0.1899020938518521,65
-0.742265286108187,-0.21331297455862397,65
-0.8498262213368465,-0.19623966654226158,65
-0.7368545781003227,-0.23551976888244072,65
2.185715188907863,2.518844600222347,0
2.1434782574754982,2.370156819331525,0
2.1662277183272125,2.417995399339314,0
2.121486099889793,2.305557591256683,0
2.1515105102179017,2.2930882866323605,0
2.1821995379466843,2.59048754970304,0
2.204415470871602,2.4797554804457063,0
2.217798358841639,2.5632069335681447,0
2.1418189778834584,2.440362266040224,0
2.175921347785835,2.495855665593619,0
-0.7068284184258254,-0.38230228479954753,65
-0.82040284077133,-0.2790527327219916,65
-0.7129166941096158,-0.21961472158630402,65
-0.797219324428692,-0.15948324391684987,65
-0.69257007314677,-0.21564562806520307,65
-0.7068284184257247,-0.38230228479994566,65
-0.8204028407713296,-0.2790527327219917,65
-0.7129166941096159,-0.21961472158630396,65
-0.7972193244286914,-0.15948324391684982,65
-0.6925700731467702,-0.21564562806520327,65
2.314259773390757,-2.110462860714787,43
2.4820335111799148,-1.941475938860513,43
2.4913836862191476,-2.0744890987576206,43
2.363969452330951,-1.9517894346555564,43
2.314259773390757,-2.1104628607147875,43
2.4820335111800205,-1.941475938860313,43
2.4913836862186476,-2.07448909875841,43
2.3639694523309513,-1.9517894346555573,43
1.588065862371467,-3.582650521104034,51
1.7132647561733736,-3.251840390380851,51
1.590962656965109,-3.3565015943779297,51
1.7413108509237114,-3.2182455693192398,51
1.5904492844799105,-3.525738205889327,51
1.7025899844569097,-3.375960239163838,51
1.7608062398401674,-3.1866971335373444,51
1.8541590577382314,-3.2477672244961564,51
1.8275163348143078,-3.1329886494281927,51
1.7556351184102452,-3.3218766811208016,51
2.2473877471311323,-1.8645725810911788,43
2.299444068627898,-2.0547512636763896,43
2.4141920586713974,-1.874234473397904,43
2.4508426606567477,-2.0538790896622023,43
2.3067750314421565,-1.947139541392245,43
2.2473877471311328,-1.8645725810911775,43
2.299444068627898,-2.0547512636763905,43
2.4141920586713774,-1.8742344733979368,43
2.4508426606567473,-2.0538790896622006,43
2.3067750314421587,-1.947139541392246,43
2.4785352774847036,-1.9491229883679757,43
2.321191242818235,-1.9523654991636314,43
2.43595490027669,-1.7406032811858012,43
2.491343819976487,-1.9237525416249677,43
2.497872031830575,-1.9370922206472485,43
2.478535277484684,-1.949122988368008,43
2.3211912428182346,-1.9523654991636288,43
2.435954900276693,-1.7406032811857999,43
2.491343819977052,-1.923752541623848,43
2.497872031829324,-1.9370922206495753,43
1.6698853596687218,-3.37375042800247,51
1.7013556803938525,-3.35292460731152,51
1.5709961509509127,-3.27024470599207,51
1.7106030656702758,-3.1838109084813624,51
1.7038125679742162,-3.202014273490723,51
1.6831694041436815,-3.2024216107339223,51
1.5413049128296148,-3.291181877307641,51
1.8339412451735566,-3.1978847318853654,51
1.7040880982347755,-3.2406394026480076,51
1.7579784680684047,-3.2089751550581633,51
1.6737892936106,-3.3719505830307877,51
1.701355677468114,-3.3529246087152424,51
1.5709961527140899,-3.2702447051975505,51
1.710603068273339,-3.1838109071425844,51
1.7038126006015801,-3.2020142570160286,51
1.7538371822253993,-3.1657401042224524,51
1.5413049233442795,-3.291181872707401,51
1.8339412443670402,-3.197884732333352,51
1.704088108157117,-3.2406393977150625,51
1.7579784656638453,-3.2089751563273095,51
-1.363580153353484,-0.6412222432745531,62
-1.3314240560956294,-0.651573285308712,62
-1.3845951033890116,-0.5539205808915842,62
-1.338230198424453,-0.5863605635359719,62
-1.3635801532493799,-0.6412222435213503,62
-1.3314240561014807,-0.6515732852922936,62
-1.3845951029986898,-0.5539205821961668,62
-1.338230198421369,-0.586360563545571,62
1.415327310623828,0.30338080315340515,5
1.4144448439815984,0.20626767432907928,5
1.426987171156353,0.2662571157497058,5
1.4048677287207467,0.2734713620575322,5
1.4701271227703105,0.2579992290663988,5
1.3828228642253226,0.3450972850373465,5
1.363442935047335,0.29774751436657276,5
1.3797477441380408,0.24239414483262342,5
1.360529945517729,0.3316697075671531,5
1.4382845595281721,0.27596694875449707,5
-1.1156408070737225,-0.7296054850479486,62
-1.322992396271818,-0.7475424570622219,62
-1.3073731018850097,-0.6335963100699505,62
-1.379465278046834,-0.46256683544973826,62
-1.2300772219343097,-0.5926529843485888,62
-1.115640807073476,-0.7296054850483743,62
-1.3229923960367267,-0.7475424575991026,62
-1.3073731018312187,-0.6335963102089189,62
-1.3794652782576091,-0.4625668347002818,62
-1.2300772219035,-0.5926529844303771,62
-1.110869884875543,-0.7026090190780105,62
-1.3686588245097329,-0.5272579829857631,62
-1.2115599446321639,-0.49284495191551964,62
-1.2789526331550043,-0.410296665132263,62
-1.2078456125099402,-0.538053989974154,62
-1.1108698848749103,-0.7026090190791124,62
-1.368658824504984,-0.5272579830010524,62
-1.211559944631171,-0.4928449519189057,62
-1.2789526331591836,-0.41029666511087953,62
-1.2078456125065453,-0.5380539899834508,62
1.3331062514477698,0.4082116615971688,5
1.4088590020723986,0.32156667477615364,5
1.3476363556426763,0.38259052985508224,5
1.1917655818877482,0.3410995196250697,5
1.3853923542394089,0.28976925400834713,5
1.3698512858298968,0.20710016238607704,5
1.470477889987693,0.35886867369358055,5
1.4614570983443402,0.4303653607781483,5
1.3439548312397331,0.3375347253840703,5
1.2382245840328105,0.3049992968601484,5
1.333106251447773,0.4082116615971696,5
1.4088590020723952,0.3215666747761541,5
1.347636355642673,0.3825905298550801,5
1.1917655818877166,0.3410995196250928,5
1.3853923542394089,0.2897692540083471,5
1.3698512858298972,0.20710016238607684,5
1.470477889987693,0.35886867369358083,5
1.4614570983443405,0.4303653607781477,5
1.343954831239733,0.3375347253840703,5
1.23822458403281,0.3049992968601488,5
-1.3200955797092346,-1.455136611775681,61
-1.2753177752227742,-1.428399662657978,61
-1.2890578131042407,-1.3934722874174787,61
-1.2435828613257323,-1.480099706627593,61
-1.3200955797034566,-1.4551366117850013,61
-1.275317775223011,-1.4283996626575828,61
-1.2890578131115213,-1.3934722874045877,61
-1.2435828613253135,-1.4800997066282442,61
2.1099364061450747,0.428577452425967,3
1.971519442859476,0.3525528511933518,3
2.0572228862181947,0.34539279321891153,3
2.0280990573571125,0.425072770480758,3
2.0782120747135613,0.4095441800953337,3
2.1104896781413816,0.4545365409299742,3
1.9936571422721445,0.44859196897090275,3
2.0452491964050803,0.31732350199978354,3
2.03029331112016,0.47977008284155614,3
2.0491146254964474,0.4220088508988877,3
-1.1640821719875956,-1.4576923800728796,61
-1.291720852679863,-1.4633342672866851,61
-1.2052031931862512,-1.4258948545000407,61
-1.2786812122701714,-1.3046223441373999,61
-1.1567540175887194,-1.3921132021066804,61
-1.164082171987596,-1.4576923800728787,61
-1.2917208526795398,-1.4633342672871963,61
-1.2052031931863558,-1.425894854499864,61
-1.278681212279367,-1.3046223441196487,61
-1.1567540175886721,-1.3921132021067555,61
-2.1163353742244757,1.0784329397479469,68
-2.127739028785859,1.0505886585443394,68
-2.1362989531084797,1.1067717997499142,68
-2.1572624218161347,1.0786103809654417,68
-2.116335374224475,1.0784329397479469,68
-2.1277390287858613,1.0505886585443427,68
-2.136298953108479,1.1067717997499134,68
-2.1572624218161343,1.0786103809654428,68
0.16725595560069412,1.3397495947289928,10
0.12616512197489083,1.2426044840336703,10
0.17586106879428393,1.2899882813533199,10
0.14616123894527314,1.3186596292623947,10
0.1373612356943374,1.3054766696007625,10
0.2097965306933437,1.4450710558264577,10
0.14202729696624455,1.3705599920531728,10
0.2022583481375546,1.340516733739318,10
0.1317891111450686,1.430692658689097,10
0.1912214288044045,1.389265352616782,10
-1.8934898625290817,0.7831873403778125,68
-2.0592327870645484,1.0084261272624244,68
-2.134664355416312,1.0786134471073163,68
-2.0448925879240725,1.0926315988438065,68
-2.0211359160430877,0.9985920293340212,68
-1.8934898625290817,0.783187340377812,68
-2.059232787064549,1.0084261272624242,68
-2.1346643554163127,1.0786134471073179,68
-2.0448925879240725,1.0926315988438067,68
-2.0211359160430886,0.9985920293340205,68
-1.840813008576659,0.7688455010372403,68
-1.975027830017619,0.9914044914017222,68
-2.016126859097191,0.9803962187497266,68
-1.8256884308843537,0.9319654821845336,68
-1.8970408243576424,0.8748494597836032,68
-1.8408130085766576,0.7688455010372396,68
-1.9750278300176203,0.9914044914017218,68
-2.0161268590971906,0.9803962187497275,68
-1.8256884308843515,0.9319654821845322,68
-1.897040824357637,0.8748494597836034,68
0.1414629600495571,1.4483101218406251,10
0.1565037706233197,1.2904678033628085,10
0.07241755894355902,1.4811768186675933,10
-0.10266571001806941,1.492633237236904,10
0.09591273134653937,1.3069628371747604,10
0.035352027826215396,1.2540586964399822,10
0.18138514477123974,1.453972729586901,10
0.11675333508533861,1.4684756369141725,10
0.0982106362815886,1.39861906672099,10
0.017197535198087775,1.269425366137135,10
0.14146296004945588,1.4483101218406096,10
0.15650377062306045,1.2904678033627928,10
0.07241755894159665,1.4811768186672956,10
-0.10266571031894121,1.49263323725134,10
0.09591273134654217,1.3069628371747608,10
0.03535202782614044,1.2540586964399907,10
0.1813851447712339,1.4539727295868994,10
0.11675333508516848,1.468475636914145,10
0.09821063628174828,1.398619066720995,10
0.017197535198086537,1.2694253661371362,10
-1.7913268458753846,0.35825699047428927,67
-1.7835456500464462,0.3654418683703458,67
-1.7933042743961203,0.44775449518863386,67
-1.7941087104753317,0.36827306081941086,67
-1.7913268458753846,0.3582569904742855,67
-1.7835456500464464,0.36544186837034376,67
-1.79330427439612,0.44775449518863386,67
-1.7941087104753333,0.3682730608194094,67
1.3410982485880192,2.037576462385253,1
1.2857642801394138,2.080464337977958,1
1.338602169537894,2.084843070240113,1
1.3279798410777437,2.227596962172289,1
1.3115174693589522,2.158732614491886,1
1.364480399253999,2.185619216723844,1
1.329002999761658,2.2296979313519176,1
1.3766907969200168,2.1337583765869166,1
1.3189629709617163,2.3241635459476706,1
1.3015217264506453,2.2472153510278012,1
-1.6130278369358315,0.13815010352767582,67
-1.7642636395399611,0.3027831506744691,67
-1.7319320310881274,0.3911643126613291,67
-1.776220416116849,0.4738995158439254,67
-1.7021260008481531,0.3920678124525612,67
-1.6130278369358322,0.13815010352767537,67
-1.7642636395399598,0.30278315067447154,67
-1.7319320310881257,0.3911643126613305,67
-1.7762204161168504,0.47389951584392564,67
-1.702126000848153,0.39206781245255695,67
-0.9558105048413263,-0.3785865229995808,64
-0.9636179909538393,-0.3901717059196634,64
-0.9884141586470669,-0.36202004796320125,64
-0.942794991125947,-0.36212299667015996,64
-0.9558105048413295,-0.37858652299957496,64
-0.9636179909538395,-0.390171705919663,64
-0.9884141586470678,-0.3620200479632017,64
-0.9427949911259472,-0.36212299667015985,64
1.515605605890809,0.9196540768862178,12
1.4960479119008234,0.7783528863928393,12
1.4996810986007816,0.8492293488839586,12
1.4701099055473446,0.8567278867330411,12
1.4917396279972435,0.8830289876696485,12
1.4859218628517274,0.9453706220775804,12
1.4784994099504483,0.8816325387938382,12
1.513705891178718,0.8121909810060679,12
1.4353153968452392,0.9160177557458213,12
1.4922656450219294,0.8506134653607272,12
-0.8389835275753391,-0.3945741279805163,64
-0.9260076316439945,-0.4080048571302565,64
-0.9140196762763695,-0.3938635991494032,64
-0.9597299374910346,-0.2833640427379898,64
-0.8765716437629164,-0.37749076372905127,64
-0.8389835275753385,-0.39457412798051594,64
-0.9260076316439945,-0.4080048571302555,64
-0.9140196762763695,-0.3938635991494032,64
-0.9597299374910346,-0.28336404273798954,64
-0.8765716437629179,-0.3774907637290515,64
-0.8518881303499389,-0.29942504766883055,64
-1.0423273292684485,-0.2915731565843656,64
-0.9068735493726995,-0.2817224903950094,64
-0.9648616692857319,-0.2124612769287393,64
-0.8864979945567617,-0.3620394678537616,64
-0.8518881303499392,-0.29942504766883055,64
-1.042327329268449,-0.2915731565843657,64
-0.9068735493726997,-0.28172249039500924,64
-0.9648616692857312,-0.21246127692873926,64
-0.8864979945567615,-0.3620394678537614,64
1.4912524534551945,0.9645241641540993,12
1.5861598825357672,0.8451485316493074,12
1.5020639938883504,0.9371873429292606,12
1.3838759130376066,0.8365403278473759,12
1.5853116187625746,0.8484019391916331,12
1.516379645573364,0.7101806691036631,12
1.6394768163741866,0.9533178355100697,12
1.6097965478737712,1.0876141255677423,12
1.4111075964801596,0.8675984203240747,12
1.4154084053147427,0.7616159375114712,12
1.4912524534551923,0.964524164154099,12
1.5861598825357666,0.845148531649306,12
1.5020639938883484,0.9371873429292605,12
1.3838759130376057,0.8365403278473763,12
1.5853116187625749,0.8484019391916328,12
1.5163796455733642,0.7101806691036625,12
1.6394768163741846,0.9533178355100703,12
1.6097965478737706,1.0876141255677423,12
1.4111075964801596,0.867598420324074,12
1.415408405314742,0.7616159375114717,12
-1.1573132830666177,-1.065455505123502,63
-1.1144402069952852,-1.022509122043206,63
-1.1646410274246692,-1.0454377699818092,63
-1.099581812351755,-0.9922536939468264,63
-1.157313283066617,-1.0654555051235028,63
-1.1144402069952861,-1.022509122043207,63
-1.1646410274246675,-1.0454377699818147,63
-1.0995818123517545,-0.9922536939468258,63
2.075104945174566,1.4060931321668388,4
1.9557992177850247,1.2877287498969707,4
1.994677413777888,1.2953410579291174,4
1.9948374859737057,1.3448834755734407,4
1.975361503675067,1.3764356076427737,4
1.9978988899718466,1.3229105134486174,4
1.9436435244256338,1.4001305583684835,4
1.9537480289340305,1.2168785408453375,4
1.8897459322860448,1.3799234846263537,4
1.9091615643236666,1.315233647513364,4
-0.9758811188346285,-0.9712391509331554,63
-1.1455093971836574,-1.0912904847665994,63
-1.1077820943319774,-1.1058117940418672,63
-1.1622682220555227,-1.0271875398553272,63
-1.030828982918943,-1.0050637373177727,63
-0.9758811188346282,-0.9712391509331554,63
-1.1455093971836583,-1.0912904847665994,63
-1.1077820943319854,-1.1058117940418524,63
-1.162268222055523,-1.0271875398553247,63
-1.0308289829189452,-1.005063737317776,63
-1.3650447006278255,0.39481567877828366,66
-1.3667937714811735,0.38926210826205765,66
-1.3902580067646861,0.4320017540078898,66
-1.4000164158682364,0.4286265185801083,66
-1.3650447006278257,0.39481567877828355,66
-1.3667937714811726,0.3892621082620571,66
-1.390258006764687,0.43200175400789015,66
-1.4000164158682356,0.4286265185801078,66
0.700493265574078,1.6324478078554572,12
0.6766976075465488,1.5735110604014082,12
0.718144578083784,1.5773509146550904,12
0.6620816769898191,1.6018542731127097,12
0.6429336010564608,1.6195265024169316,12
0.6706912050103259,1.7028750292474664,12
0.6468204891445436,1.673951514779564,12
0.6792243940901121,1.6144283152574124,12
0.5995759835077139,1.6902818316552986,12
0.6162204834628846,1.6724507788808403,12
-1.2971708618513675,0.2638430428486091,66
-1.3172506336250436,0.348750651521205,66
-1.402249190265161,0.43764479597517436,66
-1.377222098463168,0.4737377211469074,66
-1.366083471096533,0.41897544683773164,66
-1.297170861851367,0.26384304284860904,66
-1.3172506336250436,0.34875065152120505,66
-1.4022491902651606,0.4376447959751745,66
-1.3772220984631687,0.47373772114690765,66
-1.3660834710965335,0.41897544683773164,66
-1.3311641612681646,0.34384920662658774,66
-1.515232063983731,0.5012987132594144,66
-1.4953793823031412,0.5165474259150212,66
-1.4087712581130447,0.48418855120198184,66
-1.4078853392019919,0.40066898351743496,66
-1.3311641612681646,0.3438492066265877,66
-1.515232063983732,0.5012987132594143,66
-1.495379382303143,0.5165474259150209,66
-1.4087712581130467,0.4841885512019819,66
-1.407885339201992,0.40066898351743546,66
0.6998211821812471,1.7500177573244424,12
0.7142633077202866,1.5689870282040874,12
0.658222863137602,1.7352752925440182,12
0.46425745404196933,1.576386587183831,12
0.6479064496086577,1.5852918060222916,12
0.5424773963853695,1.4280626784261885,12
0.6940580111553293,1.7109749399643688,12
0.6293598867616979,1.7717881076421647,12
0.6285983884043123,1.6168299808810775,12
0.47142656057335064,1.436745726523844,12
0.699821182181245,1.7500177573244422,12
0.7142633077202866,1.568987028204087,12
0.6582228631376077,1.7352752925440211,12
0.4642574540419704,1.5763865871838327,12
0.6479064496086577,1.5852918060222918,12
0.5424773963852917,1.4280626784261852,12
0.6940580111553267,1.7109749399643708,12
0.6293598867617122,1.7717881076421669,12
0.6285983884043131,1.6168299808810775,12
0.47142656057335014,1.4367457265238435,12
-1.3169360611866823,-0.04618546340950901,65
-1.3199611538287148,0.002594182326792309,65
-1.316267225712816,-0.03045074574064452,65
-1.305508940505314,-0.003636101262620231,65
-1.316936061186682,-0.0461854634095076,65
-1.3199611538287155,0.0025941823267922803,65
-1.3162672257128165,-0.030450745740644682,65
-1.3055089405053144,-0.0036361012626202186,65
1.439749533929319,2.192845772894096,0
1.4156496890400265,2.238578383851214,0
1.4215557971099229,2.179927722461923,0
1.4393037774656887,2.2703677610625204,0
1.3950248295433973,2.233020427892489,0
1.458958372529928,2.261146421458044,0
1.4267327031322075,2.355869782201153,0
1.451120987653331,2.228638998541853,0
1.3959538208393332,2.391009019047422,0
1.3602277940627796,2.2782552238280007,0
-1.2677681003517458,-0.13853866457458663,65
-1.2753611697714224,-0.13370632625106296,65
-1.2750853679575305,-0.003925275958899121,65
-1.2939650427564684,0.018529975812820246,65
-1.2258235803327218,-0.008583564870108385,65
-1.2677681003517476,-0.13853866457458663,65
-1.2753611697714227,-0.133706326251063,65
-1.27508536795753,-0.0039252759588992185,65
-1.2939650427564675,0.01852997581282019,65
-1.2258235803327227,-0.008583564870108352,65
1.99969953500773,-1.128497794530703,44
2.1563784365651446,-1.090808966936371,44
2.1689012344484153,-1.1438739327164817,44
2.0197743487972164,-1.0535327180913094,44
1.9996995350077313,-1.1284977945307038,44
2.1563784365651437,-1.0908089669363716,44
2.168901234448415,-1.1438739327164824,44
2.019774348797216,-1.053532718091309,44
1.4745411583642087,-2.6612723976562784,52
1.68161869320224,-2.0768924836976885,52
1.5979316813826543,-2.331946162113289,52
1.7893665434630397,-2.229589206990559,52
1.5848271165551886,-2.6938671274448582,52
1.5729350499143524,-2.3010960758353467,52
1.713050291645897,-1.9334103803445368,52
1.7187952844371797,-1.9679939004199314,52
1.7376516820520131,-1.929687560041289,52
1.7445935893311066,-2.280284466636217,52
2.2888348025047573,-1.1043373779216592,44
1.985070122522148,-1.0756584306739003,44
2.1211683682623574,-1.0413296916845247,44
2.1125867224382797,-1.0821349215115508,44
1.9726582261982828,-1.0279119897641322,44
2.2888348025047573,-1.1043373779216592,44
1.9850701225221472,-1.0756584306739003,44
2.121168368262358,-1.0413296916845254,44
2.11258672243828,-1.0821349215115514,44
1.972658226198283,-1.0279119897641324,44
2.3575267714820765,-1.0744837177998627,44
2.1072298592623495,-1.1092960341605618,44
2.3573923997353057,-1.0853730892561342,44
2.5054273153378315,-1.1490056162491797,44
2.209878805115156,-1.033249395084041,44
2.3575267714820765,-1.074483717799863,44
2.1072298592623513,-1.1092960341605618,44
2.3573923997353057,-1.085373089256133,44
2.505427315337832,-1.1490056162491804,44
2.209878805115157,-1.0332493950840411,44
1.6241326580309785,-2.2671890963896955,52
1.5718022215574718,-2.5496205027763317,52
1.582113355565037,-2.0942438215165127,52
1.7003012721836324,-2.2682978502817295,52
1.6266970643223033,-1.904894967500765,52
1.7440964502227336,-2.1830476709665074,52
1.5577965464096057,-1.978421815328639,52
1.7898936848830955,-2.3326873335212204,52
1.756201129629901,-2.2203058279094194,52
1.7590244020614332,-2.4358293626017256,52
1.6241326618356011,-2.2671890925373157,52
1.5718022202265787,-2.549620503714355,52
1.5821133555512712,-2.094243821533355,52
1.700301272183217,-2.268297850282202,52
1.6266970643221828,-1.9048949675009599,52
1.7440964502178342,-2.183047670973339,52
1.5577965464096744,-1.9784218153285558,52
1.7898936848830918,-2.332687333521227,52
1.7562011296297584,-2.220305827909613,52
1.7590244020643953,-2.435829362599003,52
0.22586028082014625,-1.6886000524337568,56
0.25673770221860603,-1.601565236481492,56
0.11750679684954998,-1.7319438853673679,56
0.2590881595435644,-1.5795204807220558,56
0.22586028082006926,-1.6886000524338276,56
0.25673770221860553,-1.601565236481494,56
0.11750679684954787,-1.7319438853673705,56
0.25908815954356634,-1.5795204807220529,56
2.540670751941755,0.25757660362452717,8
2.5718302883224675,0.16645101161982223,8
2.571202670425545,0.2149827571015646,8
2.6095033133071706,0.22988053146714924,8
2.607721985139081,0.2185488738084635,8
2.526385891434183,0.29949902466470907,8
2.6301226521485193,0.25530166245194197,8
2.555880676360654,0.190147239412773,8
2.6231388885407223,0.29961343911716914,8
2.638816701224439,0.1976810444772034,8
0.2517753991548589,-1.8896436477472074,56
0.0672648798091532,-1.8077777533017896,56
0.13058552568456125,-1.628163860580661,56
0.05776620879836583,-1.790316895422905,56
0.08387921631907232,-1.7160524264007417,56
0.2517753991572144,-1.8896436477447898,56
0.06726487980915086,-1.8077777533017974,56
0.1305855256845572,-1.628163860580672,56
0.05776620879836163,-1.7903168954229094,56
0.08387921631906872,-1.716052426400746,56
0.3118388508505342,-1.786789780373498,56
0.053593670824146004,-1.6714304467184609,56
0.19910610045225297,-1.5339134140680446,56
0.06857376554960856,-1.6298448714076936,56
0.0930236714562806,-1.690300259275067,56
0.3118388508899545,-1.7867897803339736,56
0.053593670824137206,-1.6714304467184702,56
0.19910610045225258,-1.5339134140680468,56
0.06857376554958804,-1.6298448714077058,56
0.09302367145630071,-1.690300259275054,56
2.5993525944467684,0.2787740577802108,8
2.769760732628437,0.24080297229759562,8
2.5834814112888145,0.24215081852600662,8
2.6714374934180642,0.22022325466660955,8
2.5512597275163653,0.16749807306459094,8
2.6825931647481216,0.13657884925275265,8
2.682963263920659,0.2331123528271516,8
2.8845414847042936,0.31092233001595987,8
2.6571749865163463,0.2263279021625764,8
2.806502324511041,0.20703867073605456,8
2.5993525944467666,0.27877405778021097,8
2.7697607326284377,0.24080297229759598,8
2.5834814112888114,0.24215081852600667,8
2.6714374934180647,0.2202232546666096,8
2.5512597275163635,0.16749807306459089,8
2.6825931647481225,0.13657884925275238,8
2.6829632639206604,0.2331123528271518,8
2.884541484704293,0.31092233001595976,8
2.657174986516345,0.22632790216257612,8
2.806502324511038,0.20703867073605375,8
0.1446231329816231,-2.2957289656619326,55
0.05325646230967936,-2.3483747818366125,55
0.07424592889948775,-2.3327146113443544,55
0.10581718832416548,-2.3600702111445044,55
0.14462313318351125,-2.2957289655102433,55
0.05325646229139678,-2.3483747818479137,55
0.07424592900825319,-2.332714611271382,55
0.10581718835891377,-2.3600702111242753,55
3.277690542337714,0.6114899011941227,2
3.255751644916395,0.5384952019831897,2
3.3013835405569103,0.573309309707849,2
3.3332732637283526,0.6371131534917968,2
3.303184602057992,0.5998426377430841,2
3.2770403377751998,0.675425896427827,2
3.3452004537693405,0.6168537880090851,2
3.281585399400245,0.5448272247207334,2
3.3406599236494765,0.6718514349234911,2
3.286629456379873,0.5687875151347264,2
0.07419727468973555,-2.3793403567130245,55
0.03369058319530296,-2.329022725280978,55
0.07581594244012065,-2.2932184902506165,55
0.0016025441641300696,-2.452751832172207,55
0.06064433822790941,-2.325711074447748,55
0.07419727458396293,-2.379340356777079,55
0.033690583210232716,-2.3290227252710904,55
0.07581594253064332,-2.2932184901886186,55
0.0016025441618648115,-2.4527518321734094,55
0.0606443382266999,-2.3257110744485767,55
-0.26134934382691943,-2.088274948472406,60
-0.30350927622664187,-2.2386127356429277,60
-0.28211901946991963,-2.030790198979681,60
-0.29278634168125084,-2.2052800343731573,60
-0.2613493457480177,-2.0882749526407283,60
-0.30350927575256786,-2.238612734491272,60
-0.28211908165436117,-2.030790347272068,60
-0.29278634168118106,-2.2052800343729873,60
2.041184312077607,0.9492939901939415,9
2.0625687387344325,0.8426784687473815,9
2.065145512847397,0.8738396730092544,9
2.0544087921179175,0.9306837165724101,9
2.0890399915475952,0.9807085939071426,9
2.0513500568058456,1.1815279822566758,9
2.168597555930929,1.0797677919973265,9
2.0755884017909816,1.022634424348414,9
2.111970133600064,1.214109139842742,9
2.1998944006662433,1.0501743010399436,9
-0.22893692541956473,-2.1563814391693334,60
-0.2718524757570376,-1.9604943808015052,60
-0.29929375416602466,-1.9910424708811412,60
-0.1838688237921918,-1.6547854852166874,60
-0.2616605582334869,-1.9377558123359693,60
-0.22893692538797067,-2.1563814391126197,60
-0.2718523549908104,-1.960494077935462,60
-0.29929375106863815,-1.9910424626772705,60
-0.1838693370291867,-1.654786573899903,60
-0.2616608295240713,-1.9377564274893229,60
-0.12749498489630348,-1.843613331376699,60
-0.1641097463617475,-1.5494183579322507,60
-0.1541966572095951,-1.6355810728246596,60
-0.09464198351100574,-1.3842809969786842,60
-0.1979963425623803,-1.7536860623996775,60
-0.12750773762814777,-1.843631448278305,60
-0.16410283047574975,-1.5494053726441264,60
-0.1542412507780172,-1.6356703764529086,60
-0.09464386994249603,-1.3842848930847338,60
-0.19799528258320107,-1.7536837545491777,60
2.3093520532660547,1.0720417167538911,9
2.269170496399993,0.8011626643066042,9
2.1943953856899143,0.9894818742532205,9
2.250690533067342,0.9100752455060575,9
2.1750044725203295,0.7627903638815796,9
2.292698265476223,0.7026635920830077,9
2.24722075636836,0.9654456185056688,9
2.2996859515869055,1.0918462060593042,9
2.3575158426657534,0.8923595331519678,9
2.227812398162374,0.7597023753352682,9
2.309352068903088,1.0720416720269135,9
2.26917049710434,0.8011626607823401,9
2.1943953861965895,0.9894818721621603,9
2.250690287736984,0.9100760859174389,9
2.175004472276461,0.762790365009808,9
2.2926982654785903,0.7026635920682595,9
2.247220739680659,0.9654456880047457,9
2.299685913507952,1.091846305903255,9
2.3575160487830162,0.8923587742188215,9
2.227812398113285,0.7597023755514393,9
-0.03919814968000237,-1.9306665171200716,59
-0.062164453136838084,-2.1637650159376998,59
-0.10677883685604986,-2.0518995002751863,59
-0.024660641891097426,-2.1377102120067866,59
-0.039198296909790604,-1.9306666406945365,59
-0.06216611709779073,-2.1637662578669703,59
-0.1067788356780442,-2.051899499218393,59
-0.024660652186267094,-2.1377102192385564,59
2.8390276533541297,1.6609691246576659,1
2.7970016307561236,1.7328571757809517,1
2.8445710840404432,1.7052432203916885,1
2.8275047106441593,1.7705973634636745,1
2.7677197736576185,1.7828459121691662,1
2.813102115459868,1.853773608614735,1
2.8501437133287677,1.8530656354811952,1
2.8450366171898063,1.8128289933045998,1
2.836851420845434,1.945437821854593,1
2.8149211898933966,1.8592055103457186,1
-0.06263843200782301,-2.1971458282766774,59
-0.17326916014350743,-2.0730843056481714,59
-0.14240354483330556,-2.1975895492896487,59
-0.15501286269983808,-2.111289380667938,59
-0.17158004686972395,-2.2671761776301134,59
-0.06263843059636773,-2.197145827249162,59
-0.17326916014405372,-2.073084305648831,59
-0.14240354483329673,-2.1975895492896416,59
-0.1550128626998564,-2.1112893806679596,59
-0.17158004685907177,-2.267176177617581,59
0.3940007736674217,-1.6513509612574861,54
0.36919854201839064,-1.676966948236844,54
0.31377808770848264,-1.7817416458312363,54
0.39266319202597716,-1.6176975963476004,54
0.3940007736674216,-1.6513509612574866,54
0.36919854201839636,-1.6769669482368381,54
0.31377808770847876,-1.7817416458312394,54
0.39266319202597705,-1.6176975963476,54
3.0200581590341753,0.7834800576642559,8
3.017689989564795,0.7363564222828052,8
3.0065008892788287,0.7493802921258004,8
3.0610702312871076,0.7842901230976,8
2.9844503244255756,0.7629857048889941,8
3.0092855901859563,0.9061065460676605,8
3.1015955441009706,0.8762282975254639,8
2.9885098939049692,0.7991879685757363,8
3.0376976958482267,0.9015276944242954,8
2.991376195533549,0.7893030020309666,8
0.5043555807271038,-1.599675362085518,54
0.31596469888947587,-1.6906828875336959,54
0.30893701592601874,-1.746806193801678,54
0.2905585377824306,-1.826960906070543,54
0.34156985694749115,-1.6221558411988708,54
0.5043555807268001,-1.5996753620858717,54
0.31596469888947554,-1.6906828875336977,54
0.3089370159259272,-1.7468061938017858,54
0.2905585377824318,-1.8269609060705423,54
0.34156985694749104,-1.6221558411988721,54
0.5310529415202518,-1.466801797178787,54
0.31974915480138416,-1.5822146324364805,54
0.39628789227611694,-1.5703212820289942,54
0.31471509498342126,-1.7502605631140358,54
0.356215471282741,-1.675651616170164,54
0.5310529415202485,-1.466801797178791,54
0.31974915480138194,-1.5822146324364812,54
0.39628789227611255,-1.570321282029,54
0.3147150949483619,-1.7502605631569657,54
0.3562154712827457,-1.6756516161701571,54
3.06062235439291,0.8159728748684488,8
3.1304204369351094,0.7163408106176978,8
2.9815938064631173,0.7631973651513269,8
2.962857632599971,0.7100828618773161,8
3.0746402426687625,0.7153160739881842,8
3.0510597194464397,0.6185094988265534,8
3.184187127941005,0.8175394181598943,8
3.215288089691172,0.8673435201376123,8
2.9963230442167816,0.7233837084191405,8
3.0643152573016854,0.6912519749951732,8
3.060622354392943,0.815972874868264,8
3.1304204369351374,0.7163408106174339,8
2.981593806463118,0.7631973651513184,8
2.962857632599971,0.7100828618773364,8
3.0746402426687562,0.7153160739882694,8
3.0510597194464286,0.6185094988267321,8
3.184187127940749,0.8175394181613087,8
3.215288089691207,0.867343520137434,8
2.9963230442168003,0.7233837084189706,8
3.0643152573016788,0.6912519749952178,8
0.1131778813909688,-2.4935995369121837,53
0.14605142831592555,-2.3941819637776462,53
0.04321454897088103,-2.5659288110742433,53
0.19793345969245452,-2.349944555851069,53
0.11317788139096885,-2.4935995369121846,53
0.14605142831600437,-2.394181963777588,53
0.04321454897088105,-2.5659288110742438,53
0.197933459692415,-2.3499445558511045,53
3.596048300842671,1.1920878979193668,2
3.55483144505708,1.1411706311285277,2
3.546413396583334,1.1435563556041448,2
3.611898866473835,1.1765041267503642,2
3.5237261715094617,1.1727051561384234,2
3.5958657310027635,1.2906230049415566,2
3.606085432541462,1.254647421860634,2
3.5458400329444064,1.1756496669762013,2
3.569911798921942,1.3060513761257013,2
3.5317644750731327,1.2022278410721676,2
0.13190042717314965,-2.610307043194278,53
0.05941253510514484,-2.476131091780441,53
0.06915177719811796,-2.527251021902247,53
0.01693081784830707,-2.65934977610957,53
0.11187886937309036,-2.4142354083115665,53
0.13190042717314943,-2.6103070431942785,53
0.059412535105144056,-2.4761310917804416,53
0.06915177719811987,-2.5272510219022464,53
0.016930817848307016,-2.6593497761095692,53
0.11187886937311164,-2.4142354083115505,53
0.22814573505708086,-1.4759511712096416,58
0.05598240171231861,-1.8536679708023607,58
0.1525389259250761,-1.6143046050748797,58
0.15400172240032425,-1.6102750442216192,58
0.22814573505505453,-1.475951171213732,58
0.055982412815165326,-1.8536679586738076,58
0.15253892570017943,-1.6143046054038326,58
0.15400172180126095,-1.6102750451212486,58
2.458525973915569,1.2988430247890412,13
2.4702249084119203,1.2738154153491141,13
2.441357826681675,1.2777384902768107,13
2.4187477708730483,1.3249184082448657,13
2.398240858078888,1.3279791302261315,13
2.4838782865735594,1.4587861381444454,13
2.5936178639612977,1.4183934128859013,13
2.4886247392385443,1.3424116293572255,13
2.4720162110999073,1.4427217803323706,13
2.519290101114345,1.3356557912623854,13
0.2035356153134625,-1.6124786492383845,58
0.1691388168174101,-1.4021586611510792,58
0.05956451418122216,-1.7252850210300026,58
0.1752674426870407,-1.4719424095885607,58
0.1432274636785262,-1.5003194876096122,58
0.20353561557047922,-1.6124786488345282,58
0.16913881681754883,-1.4021586611508452,58
0.05956453558527521,-1.7252849903347114,58
0.17526744268351588,-1.4719424095941531,58
0.14322746367945424,-1.5003194876078854,58
0.24960893373323026,-1.2939502785170824,58
0.13157929340420946,-1.3747313730085422,58
0.18249744990234373,-1.4079573862537844,58
0.17563985584851424,-1.3445432683373346,58
0.15406283145780364,-1.3656637483483611,58
0.24960893373311327,-1.293950278517316,58
0.131579293406796,-1.3747313730045299,58
0.18249744993808395,-1.407957386195659,58
0.17563985584029998,-1.3445432683504717,58
0.15406283145738356,-1.3656637483490561,58
2.6210277728766957,1.392084570517394,13
2.6385603759433933,1.1826304058491655,13
2.5084879445149344,1.3456123853407898,13
2.4041310861435754,1.2256870686234667,13
2.5069978770155545,1.205405085707329,13
2.526124025446761,1.086110333590296,13
2.618085533907605,1.3359361349737684,13
2.606218576955607,1.3823686683168246,13
2.5503148988839475,1.2932839818220683,13
2.4378579547273413,1.1415605117711098,13
2.621027772900373,1.3920845704675986,13
2.638560375948411,1.1826304058326822,13
2.5084879445919475,1.3456123851816477,13
2.4041310861967022,1.2256870685079935,13
2.5069978769972567,1.2054050857556975,13
2.5261240254503106,1.086110333576821,13
2.6180855339838414,1.335936134799549,13
2.6062185769535264,1.382368668321199,13
2.5503148989299618,1.293283981713581,13
2.437857954700625,1.1415605118497416,13
0.1212983938120349,-1.94837398290524,57
-0.040525882722754335,-2.3223401708002056,57
-0.05191548563827592,-2.2479473610559206,57
0.032669735032365754,-2.2195491861619407,57
0.12129839246608991,-1.9483739841686314,57
-0.04052588274683394,-2.322340170821666,57
-0.05191548561119758,-2.247947361032363,57
0.0326697002223883,-2.2195492134838535,57
3.2428723693198096,1.8942404541261473,0
3.189044120080225,1.881704988654482,0
3.1794256050337975,1.8829578285352528,0
3.165493962076296,1.9121330900542053,0
3.1151434559902675,1.9306144398640457,0
3.227995695435332,2.07941324303755,0
3.248380985827019,2.0674478520265094,0
3.218094653503283,2.0051121104678327,0
3.1638392934790813,2.0968827624358197,0
3.1852584532242476,1.999167729528784,0
0.0014043586677155088,-2.3236565252041084,57
0.056061940939734975,-2.0109827754295915,57
-0.01946099266727775,-2.3679800159149655,57
-0.060510231509012226,-2.287245585823782,57
-0.01259100277021662,-2.286552520682033,57
0.0014043598024389785,-2.3236565241691376,57
0.05606194055813023,-2.0109827757896674,57
-0.019460992708182176,-2.3679800159443922,57
-0.06051023146664544,-2.287245585785383,57
-0.012591001619461344,-2.2865525196544376,57
2.6177605251786127,-1.6205594629768494,42
2.683132734631344,-1.728044902697264,42
2.7015388928770814,-1.7223772335369525,42
2.57616305001407,-1.670657011123138,42
2.6177605251786105,-1.6205594629768518,42
2.683132734631345,-1.7280449026972613,42
2.7015388928770827,-1.7223772335369532,42
2.576163050014062,-1.6706570111231553,42
0.5806068829089007,-3.9840088332529846,46
0.6520410334993285,-3.8316071458663714,46
0.6024443934204753,-3.9336923232999252,46
0.798359853716986,-3.8396068725371464,46
0.6424385459757851,-4.04676435719513,46
0.49884110744823945,-3.850418201912546,46
0.6272177688845176,-3.76726497195761,46
0.5782780696642592,-3.767812287326397,46
0.6849546697060904,-3.764460360526376,46
0.5502547701674522,-3.854847415124387,46
2.761843977474451,-1.79774043706508,42
2.64001467020261,-1.6136789168386434,42
2.6590300718460655,-1.655549732733998,42
2.6996902136573304,-1.6794530558415361,42
2.612671547425174,-1.6182556470174365,42
2.761843977474451,-1.7977404370650785,42
2.64001467020261,-1.6136789168386407,42
2.6590300718460647,-1.655549732733997,42
2.699690213657332,-1.6794530558415355,42
2.61267154742517,-1.618255647017442,42
2.855133269405178,-1.9575042938895209,42
2.844626026914052,-1.9164788276394977,42
2.796722537815267,-1.7845997717455653,42
2.976848364271491,-1.934446437448902,42
2.8157220055139884,-1.8432500534240828,42
2.85513316957772,-1.957504477134198,42
2.8446260269140557,-1.916478827639494,42
2.7967225378152403,-1.7845997717456272,42
-2.0867675014106206,2.2945998461200827,42
2.8157220055140066,-1.8432500534240426,42
0.5170974993116636,-3.7409655967540116,46
0.7708428348778029,-3.828091240232008,46
0.43149551532127,-3.6741354887711384,46
0.7668654912049312,-3.6943247622902438,46
0.44026421522988457,-3.7639002428021224,46
0.7977217315043531,-3.7107681842884253,46
0.41764535134739217,-3.7810933529506565,46
0.7976092075243281,-3.8153342708782185,46
0.5824733622875112,-3.7813768395187966,46
0.8803494755476005,-3.9008694676693487,46
0.5170974991790374,-3.740965596773382,46
0.7708428389976516,-3.828091239524237,46
0.43149551503921946,-3.67413548881301,46
0.7668654928431808,-3.694324761983694,46
0.4402642182661216,-3.7639002424017574,46
0.7977217306381502,-3.7107681844480314,46
0.417645351347645,-3.7810933529506285,46
0.7976092078935932,-3.815334270813163,46
0.5824733624810368,-3.7813768394901635,46
0.8803494697479783,-3.900869468761718,46
0.2085236530861914,-1.4851086941607028,56
0.22030179403795022,-1.5045945860751426,56
0.1349952208604923,-1.4599675985110632,56
0.22558918934834685,-1.5063213447678505,56
0.20852365308619009,-1.485108694160705,56
0.22030179403795028,-1.5045945860751426,56
0.13499522086049118,-1.4599675985110676,56
0.22558918934834638,-1.5063213447678514,56
2.555089350459695,0.2314233298281556,8
2.5838984766828608,0.12734412770810127,8
2.6110473513750727,0.1750844872547852,8
2.6262943188852015,0.21097829116999026,8
2.6054864125505133,0.1721484783672965,8
2.5037243966476472,0.26379072368221557,8
2.617236253177729,0.22110275064744278,8
2.5269865055118674,0.1587000862364383,8
2.584097850082201,0.265845297422863,8
2.5925600326501708,0.16398657713386183,8
0.27621197561122174,-1.563748029586466,56
0.04122530339678411,-1.5806621843440072,56
0.05365529818869001,-1.5163466680339306,56
0.06426187886235442,-1.5059623708895065,56
0.08372447094983734,-1.5522866533905997,56
0.2762119756079698,-1.563748029589389,56
0.04122530339677784,-1.5806621843440098,56
0.0536552981886923,-1.516346668033929,56
0.06426187886234362,-1.5059623708895196,56
0.08372447094983936,-1.552286653390598,56
0.3829750791920921,-1.4678206149962798,56
0.08995523017382477,-1.3552267163202592,56
0.12331800759653382,-1.2947158169443471,56
0.08290990544482202,-1.2941760215744826,56
0.09289369412632617,-1.377615473865428,56
0.3829750791933685,-1.4678206149951616,56
0.08995523017382465,-1.35522671632026,56
0.123318007596533,-1.2947158169443507,56
0.08290990544482117,-1.2941760215744837,56
0.09289369412632588,-1.3776154738654276,56
2.550636273781308,0.27619255670329146,8
2.6405715796809823,0.22462122029823378,8
2.5201615364163734,0.21787395657828681,8
2.56824871691798,0.19789729968769287,8
2.568199428786026,0.15086751740217724,8
2.586998783770789,0.10924419389008204,8
2.6517566665954377,0.21143452512306574,8
2.729112888358192,0.2679850985682336,8
2.58022096697638,0.19685504928582093,8
2.7066602256271097,0.1717275606708818,8
2.5506362737813078,0.27619255670329135,8
2.640571579680982,0.2246212202982332,8
2.520161536416372,0.21787395657828687,8
2.568248716917982,0.19789729968769315,8
2.5681994287860266,0.15086751740217746,8
2.586998783770789,0.10924419389008208,8
2.6517566665954386,0.21143452512306585,8
2.7291128883581903,0.26798509856823344,8
2.580220966976379,0.19685504928582093,8
2.7066602256271106,0.17172756067088135,8
0.19520349178185248,-2.274607190798907,55
0.1362921152198555,-2.2935473931084864,55
0.1808450595023331,-2.2101423895547354,55
0.18273973862451573,-2.320543926127525,55
0.1952034917470321,-2.27460719082679,55
0.13629211525003948,-2.293547393087133,55
0.18084505949131036,-2.2101423895636083,55
0.18273973862554338,-2.320543926126766,55
3.2583794551301932,0.5271804779640097,2
3.2090936778107153,0.4775956846226868,2
3.2690353307811613,0.4880955366797567,2
3.273762038352151,0.5428702974148828,2
3.2063697368561708,0.5081255560832995,2
3.2531723154368657,0.5833082818687262,2
3.2841437060843166,0.5728262960771248,2
3.257094478435362,0.4764117761716514,2
3.263580286354657,0.6123461548360473,2
3.1923301311795895,0.49904718507818047,2
0.15475115801514155,-2.3096367651235843,55
0.024874251176108197,-2.367965547492333,55
0.10334995816489555,-2.3254368125304095,55
0.1406509925201693,-2.28280412767119,55
0.1313279976060323,-2.2749096025031945,55
0.15475115819413396,-2.3096367649941225,55
0.024874251173251767,-2.36796554749393,55
0.10334995822554668,-2.325436812491457,55
0.1406509927436904,-2.282804127510872,55
0.13132799761374747,-2.2749096024975883,55
-0.07632287168579413,-1.3127871588148177,60
-0.18579268997853707,-1.627306953919372,60
-0.10356914292404899,-1.2737869000173672,60
-0.1505139167228139,-1.5135666159941892,60
-0.07630675628991768,-1.3127487095823964,60
-0.1857855958536404,-1.6272921234646296,60
-0.10357350811406281,-1.2738007051228288,60
-0.15052359700276674,-1.513586131647902,60
2.047015417177595,0.969786171848493,9
2.0505752444089755,0.9116715551402381,9
2.0949787873738384,0.9303096980239056,9
2.0549590244343183,1.0058741678698868,9
2.0225484998382446,0.9987295412350611,9
2.0365005998779475,1.2017029710157203,9
2.1176939788164497,1.1507388246597996,9
2.0797931431415537,1.0709583676436671,9
2.0933821461989877,1.287340880142965,9
2.1627778597342764,1.0475064809013452,9
-0.11461068577145461,-1.5227536373796968,60
-0.1629764244651683,-1.3350523755572143,60
-0.16979694555139946,-1.3927342688042326,60
-0.07607525050891216,-0.9438147368272746,60
-0.16818355397686402,-1.4371174597880771,60
-0.1146084602797982,-1.5227496777734464,60
-0.16297989636793603,-1.3350610583827056,60
-0.16978146837415534,-1.3927026317742692,60
-0.07607525618182118,-0.9438146757458761,60
-0.168191295943749,-1.4371338500595532,60
0.04990075765375613,-1.0750705886085632,60
-0.08787827468771327,-0.7835150046813899,60
-0.06838541775927252,-0.8634138698828401,60
-0.11856952525171846,-0.5714924960862875,60
-0.06895620271067146,-0.9351215338146601,60
0.04990076303991027,-1.0750705392674353,60
-0.0878782988218333,-0.7835148910378512,60
-0.06838534157717074,-0.8634143658593563,60
-0.11856954075866658,-0.5714924334977007,60
-0.06895616503376246,-0.9351219841381974,60
2.3283408680767055,1.2325627941305664,9
2.3190135781681662,0.8703839578041165,9
2.223150079040533,1.069105351400489,9
2.2909217999628706,0.9938885725669103,9
2.260523157592759,0.8568003264954676,9
2.37152547998708,0.7244205822905092,9
2.2473640834795385,1.0860562583040487,9
2.2578971357160524,1.1551389768658562,9
2.4040092829307698,1.0030636036639533,9
2.3195008939387836,0.8038875363717556,9
2.328340617758763,1.2325634006521775,9
2.3190135623387955,0.8703840239216052,9
2.2231500662996457,1.069105394095701,9
2.290920389656912,0.9938940194493232,9
2.2605230764052844,0.8568007794686574,9
2.3715254789796796,0.7244205892548958,9
2.2473640770290277,1.0860562767500928,9
2.2578971585923275,1.155138908343246,9
2.4040042160074546,1.0030798535464358,9
2.31950088711374,0.803887564948141,9
0.012016023680957227,-1.6998920127025132,59
-0.03969246507899206,-1.8416278052209343,59
-0.050850123906126275,-1.7247526972727698,59
-0.04860400731262419,-1.8296244405492985,59
0.012014605856541549,-1.6998936195798582,59
-0.039692463992922464,-1.8416278041103178,59
-0.05085013009572751,-1.724752705990518,59
-0.04860399591701923,-1.8296244291179065,59
2.808643740601863,1.7700330951285035,1
2.7870819044983968,1.8345688958997088,1
2.822622689911449,1.8329040051309016,1
2.772678845191588,1.8472466509671976,1
2.7109116190369065,1.8327267479456115,1
2.8005338841922587,1.9809093074390192,1
2.8067064631677194,2.0067149391078076,1
2.8302647847756783,1.9941567924275676,1
2.763256951918215,2.0991961640912966,1
2.7852515052894056,2.010078166832418,1
-0.03907367116052085,-2.0511003168364486,59
-0.1544822964657423,-1.874150539739427,59
-0.1294522520392447,-1.923820068895701,59
-0.04207134855812574,-1.6736733903440646,59
-0.053351472650926324,-1.8121005617017938,59
-0.039073656180981464,-2.051100307653465,59
-0.15448229647168768,-1.8741505397484277,59
-0.12945225189094825,-1.923820068707817,59
-0.04207560079865226,-1.673679025723894,59
-0.05335148419094365,-1.812100573151628,59
0.41480919559879686,-1.3769170019846633,54
0.42378099214955006,-1.5030927517211452,54
0.376969793769775,-1.4199916718235872,54
0.421464051354168,-1.4521885759261626,54
0.41480919559879675,-1.3769170019846626,54
0.42378099214955023,-1.5030927517211452,54
0.376969793769775,-1.419991671823587,54
0.4214640513541678,-1.4521885759261628,54
3.022783579952143,0.7842627918104487,8
3.0119129862928684,0.7314375464568854,8
3.0324445996627905,0.7597151427159733,8
3.059533342873427,0.7915812165337388,8
2.936988262719463,0.7490498894389991,8
2.998166086563975,0.8986155228333694,8
3.0564436043434298,0.8702375447488971,8
2.9663626095005364,0.7993865520508792,8
2.9915380669954557,0.8946265278249308,8
2.9630561491710967,0.7729332733708247,8
0.5552035156603253,-1.3952739370619602,54
0.3140824113421629,-1.3923827861889762,54
0.3191779874327583,-1.4800499749446376,54
0.37000076689686784,-1.392139009878038,54
0.3436219914132074,-1.4098733710720084,54
0.5552035156609806,-1.3952739370613234,54
0.31408241134216314,-1.3923827861889773,54
0.3191779874327589,-1.4800499749446383,54
0.37000076689686767,-1.3921390098780395,54
0.34362199141320726,-1.4098733710720088,54
0.5756672737646695,-1.2111700814106638,54
0.3501722750041072,-1.276282708858916,54
0.41550697674525067,-1.2479085473386933,54
0.38070381813987375,-1.3069916529537846,54
0.353483393179134,-1.3253811381344698,54
0.5756672737646793,-1.2111700814106554,54
0.3501722750041068,-1.2762827088589155,54
0.41550697674525067,-1.247908547338693,54
0.3807038181398734,-1.3069916529537848,54
0.35348339317913424,-1.325381138134469,54
3.0636302111015032,0.8355692870424368,8
3.001076526658673,0.7200572669036598,8
2.9464448741699534,0.7555102195076803,8
2.862949209903927,0.6955360896880137,8
3.099737345306058,0.7134054742187271,8
2.943961028906197,0.6158178076609704,8
3.1721735786386995,0.8109116791419778,8
3.077464371725895,0.8455598376812563,8
2.9805727505299604,0.7295115644739836,8
2.9476285543363865,0.656541680380429,8
3.063630211101479,0.8355692870425566,8
3.0010765266586774,0.7200572669036556,8
2.9464448741699525,0.7555102195076722,8
2.862949209903925,0.6955360896880143,8
3.0997373453060506,0.7134054742188848,8
2.943961028906196,0.6158178076609706,8
3.1721735786386893,0.810911679142042,8
3.077464371725935,0.8455598376810717,8
2.980572750529962,0.7295115644739636,8
2.9476285543363883,0.6565416803804102,8
0.2937639889002873,-2.2049859178035476,53
0.24974110770206054,-2.197371370688483,53
0.20970320545697688,-2.2655585167890893,53
0.2959691470387446,-2.1533834242545735,53
0.2937639889001316,-2.204985917803719,53
0.24974110770208802,-2.1973713706884577,53
0.20970320545700613,-2.2655585167890613,53
0.29596914703873584,-2.153383424254583,53
3.5621089003602977,1.175053203884867,2
3.5503041252077243,1.1413217543465952,2
3.546809182347298,1.1347064915925338,2
3.5960590867564477,1.1697225095278458,2
3.4728668069722484,1.1423836695297702,2
3.5591757282491585,1.2685921728536864,2
3.5885958069216013,1.2482669756465643,2
3.534330208686065,1.1923217837874711,2
3.5431666356970224,1.2859081515180515,2
3.4957582150281254,1.1872587240521255,2
0.23480753334209106,-2.30161357905671,53
0.2248250541940039,-2.2174616982827007,53
0.11728625103607696,-2.3961291198046157,53
0.1516851773812923,-2.3899119528429575,53
0.18349316925989223,-2.224278731933129,53
0.23480753333658635,-2.3016135790622276,53
0.22482505419413396,-2.2174616982825643,53
0.11728625103594166,-2.3961291198047046,53
0.15168517738164208,-2.3899119528426946,53
0.18349316925993248,-2.2242787319330932,53
0.19543716092459928,-1.1201760207929587,58
0.1561352464770936,-1.3001111062430044,58
0.13597735864060706,-1.1683763601144495,58
0.14061033936076825,-1.1759266443070364,58
0.1954371609245994,-1.1201760207929583,58
0.156135246477077,-1.3001111062430455,58
0.13597735864060703,-1.16837636011445,58
0.14061033936076842,-1.1759266443070366,58
2.4188174848992716,1.3184497651674945,13
2.381841293588503,1.2772084536554233,13
2.3737182042634553,1.2889015261471115,13
2.3309778599859143,1.318187434311862,13
2.2856109954203943,1.3047968087252189,13
2.40113794502084,1.4644197817223572,13
2.478133773962644,1.4264136424982958,13
2.3914551063282725,1.367143341556016,13
2.3708359760346016,1.4407711600484925,13
2.412590685813627,1.3465682803409484,13
0.21419555288163392,-1.1875921725395175,58
0.10481635068333756,-1.1056033182110983,58
0.06902171822574445,-1.2675888937152247,58
0.1201352938343825,-1.067102551605335,58
0.09151277217355422,-1.2008756214887137,58
0.214195552881634,-1.1875921725395175,58
0.10481635068333768,-1.1056033182110985,58
0.06902171822573742,-1.267588893715242,58
0.12013529383438253,-1.0671025516053338,58
0.09151277217355418,-1.2008756214887137,58
0.18174630228453648,-0.9274475312921548,58
0.08974533007412111,-1.0318485782102171,58
0.11316543050402848,-1.0691582066874008,58
0.10051658325453004,-0.9227638348782783,58
0.08758890720148113,-1.021817385934186,58
0.18174630228453606,-0.9274475312921483,58
0.08974533007412114,-1.0318485782102176,58
0.11316543050404632,-1.0691582066871625,58
0.10051658325454173,-0.9227638348783876,58
0.08758890720148117,-1.0218173859341866,58
2.575348220615702,1.4603242577934574,13
2.5707973812807077,1.2732210511345028,13
2.4353222841320012,1.3562161058697504,13
2.351523731359836,1.3215401632191481,13
2.478206164657076,1.2554607158309947,13
2.4424696254952223,1.1503392113883175,13
2.564519775566849,1.3801948491050136,13
2.4975087703730887,1.429809962188412,13
2.5011783099134566,1.3358827972104454,13
2.402078713064687,1.210415646822532,13
2.57534822059428,1.4603242578350937,13
2.570797381279665,1.273221051137076,13
2.435322284120252,1.3562161058927933,13
2.351523731353655,1.3215401632327588,13
2.478206164757626,1.2554607155818576,13
2.4424696254561353,1.150339211501122,13
2.5645197755566147,1.3801948491267084,13
2.4975087703353296,1.4298099622608356,13
2.501178309996984,1.3358827970301357,13
2.4020787130541508,1.2104156468462306,13
0.2080685757985705,-1.717012404235495,57
0.15557317275074564,-1.9026910025025268,57
0.1340492686710679,-1.8121601830887824,57
0.18539547083167252,-1.8219898346684955,57
0.20806859255907073,-1.717012383287264,57
0.15557318335733494,-1.9026909927214362,57
0.1340492721955728,-1.8121601792007898,57
0.185395480228572,-1.8219898238225407,57
3.1839353910834767,1.9852096593745805,0
3.122555003133656,1.9511708464758297,0
3.1175881617962107,1.9503106555463354,0
3.09597450478976,1.956162985581127,0
3.036528542898652,1.9475900937070536,0
3.138404411430711,2.1513226720015255,0
3.1552100360638202,2.1114466922802997,0
3.1312338338406582,2.0778227811757493,0
3.0798987263089734,2.1512182689060677,0
3.0888773408730485,2.0519484615170565,0
0.13044945292109897,-2.0743152866234613,57
0.15248288152024522,-1.7284525109461513,57
0.07222801713493755,-2.0474908986231926,57
0.14772629799573642,-1.8360209700157428,57
0.1640908689632076,-1.8599599890634544,57
0.13044937231978454,-2.0743153496576796,57
0.152482895930504,-1.728452494551352,57
0.07222800563749411,-2.0474909087880047,57
0.14772629801200649,-1.8360209700010068,57
0.16409087000265837,-1.8599599879664614,57
2.5735658405298705,-1.62562317599534,42
2.6168395171348013,-1.7006982914838786,42
2.708564547467162,-1.7826911049323748,42
2.478309299408302,-1.6000549948242404,42
2.5735658405298594,-1.6256231759953617,42
2.616839517134804,-1.7006982914838757,42
2.7085645474671636,-1.7826911049323717,42
2.478309299408311,-1.6000549948242317,42
0.532943802367044,-3.997377377426717,46
0.5869162730575215,-3.750731347050481,46
0.556936713758067,-3.8576791039520546,46
0.731776402433045,-3.7182451696740304,46
0.613533057328885,-3.9682334995367965,46
0.3876125352119023,-3.890379780513776,46
0.5631134099135424,-3.6617480268206397,46
0.4825389461538573,-3.717087273893065,46
0.5918546890143312,-3.6643925712287997,46
0.5643930464602268,-3.7819079504215365,46
2.7507399928673233,-1.9201157704481568,42
2.6377354739223904,-1.650296064093397,42
2.6464958626521,-1.7336598774686265,42
2.738649308476399,-1.7769643182433104,42
2.5824595789263007,-1.6903404982992787,42
2.7507399928186205,-1.920115770535783,42
2.6377354739223926,-1.6502960640933926,42
2.6464958626520994,-1.7336598774686278,42
2.7386493084763983,-1.7769643182433117,42
2.5824595789262994,-1.6903404982992793,42
2.8163488241124823,-2.085401968338515,42
2.79536360053872,-2.0299965180851354,42
2.7956994333874676,-1.8889071125321881,42
2.9835578018079274,-2.0372806064248126,42
2.828117495562179,-1.9601210998210186,42
2.816348824112863,-2.0854019683379765,42
2.7953636005723124,-2.029996518030531,42
2.7956994333874636,-1.8889071125321961,42
2.983557801808003,-2.0372806064246847,42
2.8281174955620996,-1.960121099821164,42
0.5548915683956235,-3.76460755042997,46
0.7422087858641329,-3.6853756378951186,46
0.48421751475052793,-3.664661461541883,46
0.7953281676891766,-3.5937916895001956,46
0.46291633170257285,-3.724262827590934,46
0.7550542794418096,-3.603414222014526,46
0.45441198303641156,-3.7965656367062284,46
0.7948119142062191,-3.7286377877244927,46
0.5625570473957988,-3.7335485955356837,46
0.8953111964235663,-3.7682392606622126,46
0.5548915688244204,-3.7646075503624647,46
0.7422087884692781,-3.6853756374052438,46
0.48421751475130864,-3.66466146154176,46
0.7953281674255227,-3.593791689555471,46
0.46291633170448954,-3.724262827590652,46
0.7550542794496203,-3.6034142220129426,46
0.45441198299983193,-3.7965656367109566,46
0.7948118329045784,-3.728637801919433,46
0.5625570473430191,-3.7335485955441556,46
0.8953112090376739,-3.7682392582103956,46
-0.7260421317627915,-1.1557436624035293,62
-0.7002782142183144,-1.1313588719376502,62
-0.7001640901502959,-0.9508757624811705,62
-0.6964188984934814,-1.1107502157057825,62
-0.7260421317627911,-1.1557436624035293,62
-0.7002782142183135,-1.1313588719376497,62
-0.7001640901502955,-0.950875762481171,62
-0.6964188984934804,-1.1107502157057834,62
2.0918364018027775,0.49462929512938614,6
2.1209608657418704,0.3584402843662277,6
2.169103703622894,0.3854867511675681,6
2.192854828465015,0.4030003912163675,6
2.1587841829013934,0.3572194518848033,6
1.9949976459120258,0.46230191674192067,6
2.1038010403881633,0.3582504495623466,6
2.039039779286834,0.3495067028523264,6
2.093147137064506,0.3754222080788101,6
2.0673074241771148,0.3130978316875575,6
-0.5567246214326419,-1.376884645905922,62
-0.7437717150133845,-1.1798982178836488,62
-0.6904026535072243,-1.0894511175434487,62
-0.6734313754180221,-0.9006305871906244,62
-0.6287456739316143,-1.0092833901869065,62
-0.5567246214326416,-1.37688464590592,62
-0.743771715013384,-1.1798982178836475,62
-0.6904026535072239,-1.089451117543453,62
-0.6734313754180222,-0.9006305871906249,62
-0.6287456739316141,-1.0092833901869063,62
-0.6087488310226243,-1.357178876716395,62
-0.7263222471341109,-1.033802824677726,62
-0.6351544029732958,-1.0245939010665877,62
-0.6084420928171564,-0.8261264194947394,62
-0.6364888531119464,-1.0657415100109704,62
-0.6087488310226238,-1.3571788767163946,62
-0.7263222471341109,-1.033802824677726,62
-0.6351544029732957,-1.0245939010665897,62
-0.6084420928171561,-0.8261264194947394,62
-0.636488853111946,-1.0657415100109702,62
2.0528834536997973,0.37211887651637515,6
2.20384654825832,0.19709678308385115,6
2.037982580468545,0.36351198702409426,6
2.1169936131622076,0.26207708006839137,6
2.0674375212995475,0.24978730892473816,6
2.086171226854502,0.13541896977587942,6
2.120366380189829,0.30806570229082797,6
2.2618921352968036,0.18970909240275052,6
2.0051926645802514,0.3042928031072049,6
2.1351209351619382,0.14855460212230748,6
2.0528834536997964,0.3721188765163752,6
2.20384654825832,0.1970967830838513,6
2.0379825804685456,0.36351198702409426,6
2.1169936131622076,0.26207708006839114,6
2.067437521299546,0.2497873089247377,6
2.086171226854501,0.1354189697758794,6
2.120366380189829,0.30806570229082797,6
2.261892135296804,0.18970909240275044,6
2.005192664580251,0.304292803107205,6
2.135120935161937,0.14855460212230742,6
-0.8063046876306251,-1.8593003797589625,61
-0.7630842907907311,-1.900752356015053,61
-0.7730071486157382,-1.7307946841489044,61
-0.7285656304234609,-1.8625578617740617,61
-0.8063046876306248,-1.8593003797589625,61
-0.7630842907907299,-1.9007523560150528,61
-0.7730071486157374,-1.7307946841489024,61
-0.728565630423461,-1.8625578617740592,61
2.76707760699999,0.7423398881103993,3
2.7353905134583956,0.6737976490973262,3
2.7962304465919527,0.6777151895777052,3
2.7918098195236287,0.6773449101233259,3
2.7191225240685615,0.6609143571108692,3
2.717975742824999,0.7662161102608784,3
2.694925029572082,0.7204659198261183,3
2.6897900337463585,0.658703633392867,3
2.725094606154793,0.7481094329818869,3
2.623457503615752,0.6766154841861944,3
-0.7748594659842422,-1.9652412024968517,61
-0.8393296564360897,-1.808488614371612,61
-0.7665694022806998,-1.8157448844220252,61
-0.7796075047543913,-1.6901191845865866,61
-0.6973672417795449,-1.7318366997009078,61
-0.7748594659842428,-1.9652412024968522,61
-0.8393296564360894,-1.8084886143716108,61
-0.7665694022807027,-1.815744884422027,61
-0.7796075047543912,-1.6901191845865873,61
-0.6973672417795456,-1.73183669970091,61
-1.5826826655732726,0.5670038789374154,68
-1.6334212413920928,0.667750002269425,68
-1.4779154428299346,0.6117005815484466,68
-1.5863904179776966,0.6614503113492177,68
-1.5826826655737136,0.5670038789326823,68
-1.6334212413922735,0.6677500022700763,68
-1.4779154428299355,0.6117005815484429,68
-1.5863904179785349,0.6614503113523214,68
0.9349671537709614,1.3877579015804278,11
0.8156691967583869,1.2786734846553183,11
0.9114620053027634,1.2794766629846046,11
0.8764002188639536,1.2902889726695954,11
0.8550423724146096,1.2073400474767786,11
0.9057111413203922,1.5028785753076812,11
0.868296976075528,1.4052053971153426,11
0.8962059668479239,1.3712492367659679,11
0.830874723352447,1.4461482366846816,11
0.8202407429348127,1.272527854191293,11
-1.3659021680646402,0.08368836530193469,68
-1.560489717285079,0.4529071418462249,68
-1.6686793139750902,0.7067504576008421,68
-1.4305267795630547,0.619976439759647,68
-1.486828585300633,0.5779178170072332,68
-1.3659021680593566,0.083688365294239,68
-1.5604897172848076,0.45290714184377046,68
-1.668679313975432,0.7067504576106758,68
-1.4305267795630547,0.619976439759648,68
-1.4868285853006369,0.5779178170072689,68
-1.280281413008932,0.14096039104350916,68
-1.3485504276008384,0.38852630440902003,68
-1.5619731586507282,0.5655634275367046,68
-1.3176641406004972,0.5488173032442697,68
-1.4151819192790462,0.4471066170849093,68
-1.2802814130088986,0.14096039104345082,68
-1.3485504276010978,0.38852630440999364,68
-1.5619731586505292,0.5655634275390821,68
-1.3176641406004965,0.5488173032442696,68
-1.4151819192789623,0.4471066170846711,68
0.8996373638250493,1.293516179792854,11
1.0110347615380582,1.100607399095353,11
0.8433005363463244,1.305953386017077,11
0.9376411262024195,1.2443941165704082,11
0.9092404372338218,1.121815412859433,11
0.966840983582818,0.9869594737154233,11
0.9039523666159083,1.268133672020705,11
0.9642460891671025,1.2793278985996328,11
0.9086953965211583,1.2291667273940872,11
0.919857467199566,1.0431194405997923,11
0.8996373638250491,1.2935161797928563,11
1.0110347615380821,1.100607399095344,11
0.8433005363463241,1.3059533860170778,11
0.9376411262024541,1.2443941165703967,11
0.9092404372338224,1.1218154128594304,11
0.966840983582811,0.9869594737154254,11
0.903952366615908,1.2681336720207048,11
0.964246089167351,1.2793278985995427,11
0.9086953965211529,1.22916672739409,11
0.9198574671995732,1.04311944059979,11
-1.197812063014228,-0.8105756326517692,67
-1.1661784339121548,-0.775549718797385,67
-1.163184711817368,-0.4192321750855559,67
-1.1532118155816264,-0.8836891957598628,67
-1.1978120630337405,-0.8105756325695966,67
-1.1661784355620326,-0.7755497119695243,67
-1.1631847118162133,-0.4192321751056275,67
-1.153211815754621,-0.8836891949591196,67
1.9848950478724408,2.1454356938385346,1
1.8893273648150082,2.154905876908037,1
1.9643031741192325,2.1712641166341657,1
1.9401191206280377,2.1687487651199535,1
1.8744063834166416,2.0769098015120995,1
1.9685575049743282,2.238379049879072,1
1.9068693676186832,2.263375968348918,1
1.9640149999677052,2.2351372272663124,1
1.9086603530418496,2.3082864340637426,1
1.849133714518351,2.185915462990165,1
-1.1290676191135358,-1.255707916048216,67
-1.254649496146315,-0.8998250581025397,67
-1.1935006864830702,-0.7104192537224973,67
-1.225526535921195,-0.3434266345008016,67
-1.1774798125137458,-0.7828586205801439,67
-1.1290675875020524,-1.2557079705857808,67
-1.2546494948833633,-0.8998250626488355,67
-1.193500696572546,-0.7104192140896811,67
-1.2255265359453515,-0.34342663483757646,67
-1.1774798230416592,-0.7828585774852752,67
-0.320439782525695,-0.8989274524406881,64
-0.3101851764867451,-0.9146066747798652,64
-0.3270969992807723,-0.783906410946157,64
-0.30341521056782217,-0.8637184919601774,64
-0.320439782525695,-0.8989274524406876,64
-0.31018517648674526,-0.9146066747798657,64
-0.3270969992807722,-0.7839064109461564,64
-0.30341521056782217,-0.8637184919601774,64
2.340883264348557,1.2011659856067958,7
2.3684085544937195,1.0555876496001408,7
2.3644567842261806,1.0666502764916599,7
2.360503377260501,1.0653544127937984,7
2.334940641659248,1.0343065154130775,7
2.2875182900665463,1.1836962423145172,7
2.3846898867064095,1.1090101438159432,7
2.355516913852956,1.023893031163613,7
2.3583179921135873,1.1142773410300273,7
2.325616923672993,1.0249880240046512,7
-0.20323934885222056,-1.044099301179638,64
-0.3877158358773174,-0.8965202821998585,64
-0.33773569291808225,-0.8812129606506753,64
-0.31417017328936264,-0.728843989830524,64
-0.2843774851100646,-0.831168899304815,64
-0.20323934885222067,-1.044099301179638,64
-0.3877158358773175,-0.8965202821998581,64
-0.3377356929180825,-0.8812129606506754,64
-0.31417017328936264,-0.728843989830524,64
-0.2843774851100646,-0.8311688993048151,64
-0.22958629556402638,-0.9056598718504402,64
-0.42453707743676455,-0.7448091362810737,64
-0.32667789131824954,-0.7255778725630629,64
-0.31743867564171646,-0.5947976981415326,64
-0.3191957654431327,-0.752957814879504,64
-0.2295862955640265,-0.9056598718504398,64
-0.42453707743676417,-0.7448091362810741,64
-0.32667789131824954,-0.7255778725630628,64
-0.31743867564171663,-0.5947976981415326,64
-0.3191957654431327,-0.7529578148795039,64
2.31139809681301,0.9890127719110992,7
2.3814268702372847,0.849922600128444,7
2.2543442888803593,1.0190019009783375,7
2.23180363720677,0.8962720076234049,7
2.353974662395155,0.8747826083098114,7
2.248533433115549,0.7266610947970472,7
2.397677531168776,0.9996559928057621,7
2.421541804322297,0.930409742415957,7
2.2357460520321566,0.9049419086236635,7
2.2756796310658545,0.7840099982535184,7
2.3113980968130092,0.989012771911099,7
2.3814268702372843,0.8499226001284436,7
2.2543442888803633,1.0190019009783258,7
2.2318036372067693,0.8962720076234034,7
2.3539746623951516,0.8747826083098114,7
2.248533433115548,0.7266610947970475,7
2.3976775311687755,0.9996559928057701,7
2.421541804322296,0.9304097424159564,7
2.2357460520321535,0.9049419086236745,7
2.2756796310658545,0.7840099982535186,7
-0.5490891323276419,-1.8370500372164749,63
-0.5367944622433699,-1.903989446314296,63
-0.5415422644705307,-1.7291343250594027,63
-0.48893693495123985,-1.8136788393557053,63
-0.5490891323276423,-1.8370500372164755,63
-0.5367944622433715,-1.9039894463142975,63
-0.5415422644705306,-1.729134325059403,63
-0.4889369349512394,-1.8136788393557048,63
3.0333381357932248,1.5596745204167557,4
3.0085508882174468,1.4497355677126742,4
3.0191053353907464,1.4727747738611363,4
3.0340176196472806,1.4785582575007392,4
2.970439439491202,1.449744792646057,4
3.0031758021616106,1.5846556128722806,4
2.9339780814974166,1.560778221635285,4
2.938277200302058,1.4989410446355755,4
2.959338229401697,1.5809192939206695,4
2.875090474222173,1.4702934000255883,4
-0.492270135417991,-2.1905779386233935,63
-0.6236305952552551,-1.8250078130604113,63
-0.5505667890557325,-1.903393043190301,63
-0.520041106650972,-1.6690092970281112,63
-0.47103133683020737,-1.714453729553008,63
-0.4922701354179911,-2.1905779386233935,63
-0.6236305952552552,-1.8250078130604122,63
-0.5505667890557325,-1.9033930431903023,63
-0.5200411066509714,-1.6690092970281099,63
-0.47103133683020737,-1.7144537295530058,63
-0.7262369308762872,-0.2949618407723622,66
-0.7747028796544324,-0.27911490195185645,66
-0.7290939021742039,-0.1886043510511117,66
-0.7631762072006717,-0.20060436322851424,66
-0.7262369308762872,-0.2949618407723612,66
-0.7747028796568273,-0.279114901945367,66
-0.7290939021742034,-0.18860435105111162,66
-0.7631762072006465,-0.20060436322857736,66
1.4881579042184336,1.723011405924033,14
1.3849440768471475,1.6058295850893394,14
1.4046337040308088,1.5877513680071549,14
1.349352787941885,1.6146248650487376,14
1.3609214448551306,1.5659427929470955,14
1.505819745342958,1.733709663767939,14
1.4662874817847997,1.7168835461357388,14
1.438325196750111,1.617315852797394,14
1.3622158560120414,1.6847547877260916,14
1.3917251957784949,1.5982505251284413,14
-0.615040821250254,-0.6697886335725715,66
-0.7067309446206815,-0.3518924363950873,66
-0.7738496971974907,-0.27808970317850323,66
-0.7033986987972705,-0.14735628974183898,66
-0.7239141987064838,-0.21246106793524105,66
-0.6150408212502966,-0.6697886335723515,66
-0.7067309446206813,-0.3518924363950878,66
-0.7738496972047505,-0.2780897031579973,66
-0.7033986987972706,-0.14735628974183906,66
-0.7239141987065203,-0.21246106793513334,66
-0.677816164979658,-0.359073161364964,66
-0.7988159068086452,-0.13554253030262825,66
-0.8579280956861541,-0.12974628983496328,66
-0.7178931923109464,-0.057477805567588816,66
-0.7317742670512387,-0.195667147116651,66
-0.6778161649796579,-0.3590731613649641,66
-0.7988159068086447,-0.1355425303026282,66
-0.8579280956861559,-0.1297462898349624,66
-0.7178931923109464,-0.057477805567588816,66
-0.7317742670512392,-0.19566714711665112,66
1.4970282082092603,1.6633739235966252,14
1.5721103333586661,1.476856677788228,14
1.4266607652127568,1.6749572020944266,14
1.4605208790581286,1.540808230801462,14
1.4505743764599217,1.5165610529004236,14
1.4781271465506445,1.3115455481958938,14
1.4935984885501459,1.6448527180057346,14
1.4876132554429375,1.5984194981120665,14
1.438957369924951,1.5489411888278302,14
1.4310811522212408,1.34075265385955,14
1.4970282082092596,1.6633739235966254,14
1.5721103333586675,1.4768566777882266,14
1.4266607652127583,1.6749572020944268,14
1.4605208790581274,1.540808230801461,14
1.4505743764599237,1.516561052900425,14
1.4781271465506456,1.3115455481958933,14
1.4935984885501465,1.6448527180057346,14
1.4876132554429382,1.5984194981120674,14
1.4389573699249496,1.54894118882783,14
1.43108115222124,1.3407526538595478,14
-0.8235838893648143,-1.0568914901248372,65
-0.8529587867970961,-1.3564752474467425,65
-0.8267435177809619,-0.912949265700595,65
-0.8405725262147767,-1.284083853437817,65
-0.8235838893649772,-1.0568914901143087,65
-0.8529588309325996,-1.356475163080308,65
-0.8267435177818981,-0.9129492657050777,65
-0.8405725132804213,-1.284083889411907,65
2.279819067753799,2.36800692631476,0
2.2056471350453952,2.3517727322608417,0
2.2356005793733695,2.324829697649709,0
2.2159005421638276,2.3577036248887002,0
2.1871415051544743,2.2749308799363326,0
2.287642997283461,2.4331754440842017,0
2.2692824953066313,2.464920281280363,0
2.2600637890449042,2.403150370897492,0
2.2217951809610867,2.4765917547892475,0
2.1882475857088286,2.3568319683590198,0
-0.7628722118579113,-1.9372494922961376,65
-0.887832375102032,-1.0782058651026232,65
-0.8705573051314469,-1.2286956860798985,65
-0.8045269808010657,-0.8317041472915432,65
-0.81871336536945,-1.1284338706364965,65
-0.7628722118591366,-1.9372494922945103,65
-0.8878323751017271,-1.0782058651184316,65
-0.8705572990487127,-1.228695714712471,65
-0.8045269808002663,-0.8317041472889369,65
-0.8187133654940532,-1.1284338694978184,65
1.9293020445938809,-1.644003572036083,43
2.0914373118375615,-1.608562045048046,43
2.0813466664368105,-1.7013036047271406,43
1.9439092168779397,-1.5429738759779101,43
1.9293020445938813,-1.644003572036083,43
2.0914373118375633,-1.608562045048046,43
2.081346666436811,-1.7013036047271406,43
1.9439092168779406,-1.5429738759779097,43
1.347154504509534,-3.107120827459772,51
1.5417344788171592,-2.7713286023768537,51
1.4041142507158475,-2.905096752426737,51
1.6343148823116957,-2.7981410286683106,51
1.399494322083869,-3.1042688990218976,51
1.5171656990446145,-2.8406694526689606,51
1.6038730280462465,-2.6866582985594283,51
1.6199688693511696,-2.7099249268924064,51
1.7038160519210919,-2.619748886700035,51
1.5417388459860857,-2.9528785802873982,51
1.9582121509728794,-1.5783941727367254,43
1.96159223298865,-1.5698777472232206,43
1.9650169443224212,-1.5176453145986817,43
2.0159771835621347,-1.628728646386246,43
1.91111325076074,-1.5829923887045274,43
1.95821215097288,-1.5783941727367254,43
1.9615922329886504,-1.5698777472232195,43
1.9650169443224221,-1.5176453145986826,43
2.015977183562135,-1.6287286463862456,43
1.91111325076074,-1.5829923887045279,43
2.1240536420492546,-1.7520222181977823,43
1.957545694534314,-1.8011550023491691,43
2.0214133470430906,-1.6604175141023652,43
2.1629866793122057,-1.8254474721374145,43
2.0460168771240337,-1.6798698364940043,43
2.1240536420492537,-1.7520222181977825,43
1.9575456945343142,-1.8011550023491698,43
2.0214133470430897,-1.660417514102364,43
2.1629866793122057,-1.8254474721374152,43
2.0460168771240337,-1.6798698364940043,43
1.5271399336655214,-2.8978811814360643,51
1.584881626299382,-2.9774054894492585,51
1.5278278533619563,-2.7770281490822297,51
1.6766813818373985,-2.7085576393110538,51
1.5364185047161292,-2.7099036788255177,51
1.7022891780562248,-2.7190654455103154,51
1.4367007185442133,-2.832366404406798,51
1.7606608927718679,-2.8113512635468743,51
1.6445223877044535,-2.7975830230605863,51
1.7847983963683605,-2.8514280016009863,51
1.5271394217277852,-2.8978814457711444,51
1.5849059270824892,-2.977392777273942,51
1.5278278686280775,-2.777028140685491,51
1.6766813814423656,-2.7085576395674593,51
1.5364185547141844,-2.7099036494490902,51
1.7022891778336333,-2.719065445656712,51
1.436700717735519,-2.8323664048176345,51
1.7606608927506457,-2.8113512635603475,51
1.6445223923820367,-2.7975830202957788,51
1.7847983963692275,-2.851428001600458,51
-0.8354560564558104,-1.1354107459210678,62
-0.7495368060443518,-1.040959314940756,62
-0.7826475642294981,-0.9934933681514808,62
-0.7528660613633475,-1.0493651733248284,62
-0.8354560564558102,-1.1354107459210672,62
-0.7495368060443525,-1.0409593149407574,62
-0.7826475642294984,-0.9934933681514811,62
-0.7528660613633467,-1.0493651733248275,62
1.7691488088564506,0.3539609121085278,6
1.8366008963326081,0.22340663031596167,6
1.8660957403124894,0.21993593272428505,6
1.8936936004611973,0.24642776550982817,6
1.895218779144978,0.2188146247740749,6
1.666491317255908,0.3720903093091017,6
1.774854928363252,0.2686378932820743,6
1.7359811221392438,0.2531301213283724,6
1.7756296401354168,0.28017667082977094,6
1.7810778727956706,0.20924855295507758,6
-0.6526884784124264,-1.260870365848602,62
-0.8277492721639355,-1.2092765271502703,62
-0.7702620185286734,-1.069211524495388,62
-0.7711093600592389,-0.9487699751633978,62
-0.7072935246263329,-1.0376540001940922,62
-0.6526884784124263,-1.2608703658486027,62
-0.8277492721639357,-1.2092765271502697,62
-0.7702620185286733,-1.0692115244953864,62
-0.7711093600592389,-0.9487699751633978,62
-0.7072935246263333,-1.0376540001940926,62
-0.6745359012454716,-1.3973861068614122,62
-0.8538043692083056,-1.064501080052795,62
-0.7583300798241411,-0.9873691856961342,62
-0.743554777480196,-0.8772703628081359,62
-0.760519865492423,-1.030566185539933,62
-0.6745359012454718,-1.397386106861414,62
-0.853804369208306,-1.0645010800527948,62
-0.758330079824141,-0.9873691856961334,62
-0.7435547774801963,-0.8772703628081356,62
-0.7605198654924228,-1.0305661855399315,62
1.7125150382808907,0.30896286516710597,6
1.8632774635641223,0.15464322694833055,6
1.728983294875881,0.26490509798631506,6
1.7275166006882674,0.1837103795307841,6
1.7477320996560541,0.13494291024558994,6
1.7018646332721352,0.07252708026755963,6
1.7753836922890536,0.21344126964939847,6
1.9329519621161653,0.16322279332985684,6
1.682035826210219,0.21730310307263057,6
1.7472754188790682,0.09849859376344,6
1.7125150382808914,0.3089628651671057,6
1.8632774635641227,0.1546432269483306,6
1.7289832948758819,0.26490509798631545,6
1.7275166006882698,0.18371037953078423,6
1.7477320996560548,0.13494291024558994,6
1.7018646332721357,0.07252708026755984,6
1.7753836922890527,0.2134412696493982,6
1.9329519621161648,0.16322279332985698,6
1.682035826210218,0.2173031030726305,6
1.7472754188790691,0.0984985937634398,6
-0.8836994026846358,-1.7314159418678259,61
-0.8184987361608791,-1.6893873381107691,61
-0.8891505333633575,-1.5951406386051987,61
-0.7959031226025126,-1.6854575438379633,61
-0.8836994026846361,-1.731415941867825,61
-0.8184987361608798,-1.6893873381107696,61
-0.8891505333633579,-1.5951406386051983,61
-0.7959031226025127,-1.6854575438379629,61
2.4898898013594364,0.5315231183357745,3
2.364955863083844,0.44694860567838035,3
2.4622333349876477,0.44933674089105874,3
2.423452785554566,0.4529068797062274,3
2.354130196047707,0.4394562222548314,3
2.3883905662527942,0.5793571418052542,3
2.307279877576926,0.524746403674928,3
2.3533092561697764,0.4752322018979931,3
2.311625848635405,0.5422554299719229,3
2.227589197027183,0.4847263014335525,3
-0.7940148025316541,-1.7560672755468414,61
-0.9162024296911326,-1.7179185307025668,61
-0.8756864527824589,-1.6261947212934311,61
-0.9188151845337925,-1.562712047011686,61
-0.8015694896212037,-1.5641431203334852,61
-0.7940148025316537,-1.756067275546842,61
-0.9162024296911326,-1.7179185307025668,61
-0.8756864527824587,-1.6261947212934313,61
-0.9188151845337931,-1.5627120470116873,61
-0.8015694896212039,-1.5641431203334846,61
-1.7676471393478146,0.4551535001941368,68
-1.749625545395599,0.46424260137713674,68
-1.6936013929670357,0.4272144429163634,68
-1.734565110087425,0.42010352605189716,68
-1.7676471393478101,0.4551535001941079,68
-1.7496255453955971,0.46424260137713624,68
-1.6936013929670353,0.4272144429163611,68
-1.7345651100874169,0.4201035260518675,68
0.5784365259816688,1.2875781005021212,11
0.4838153597448029,1.1720553016039563,11
0.5480531871675823,1.1864613802433106,11
0.5324613690325358,1.2025158170743748,11
0.5161995975239352,1.1102358631945413,11
0.5355382557294155,1.3769546400807557,11
0.5272824007946435,1.2701499693252472,11
0.5278567661390445,1.243125863745731,11
0.4790543894050429,1.3100161889540825,11
0.4985742632917397,1.153119072308172,11
-1.3898847930312415,0.002401966187144885,68
-1.6777595676286898,0.28228539730404967,68
-1.7156621801215712,0.41698019371487854,68
-1.5857642812342594,0.37569999738487403,68
-1.5608245870338646,0.30378771999766047,68
-1.3898847930312144,0.0024019661870679347,68
-1.6777595676291024,0.28228539730566277,68
-1.7156621801215808,0.4169801937149175,68
-1.5857642812342616,0.375699997384881,68
-1.5608245870337785,0.30378771999738374,68
-1.4089167413962753,0.11331284867880338,68
-1.6028524304681262,0.2384013295601704,68
-1.626819673363066,0.4177755335227135,68
-1.476499763522621,0.2719474453614211,68
-1.4736402807571718,0.18109264384652668,68
-1.4089167413962758,0.11331284867880273,68
-1.6028524304681278,0.23840132956018256,68
-1.6268196733630655,0.4177755335227147,68
-1.47649976352262,0.2719474453614214,68
-1.4736402807571725,0.1810926438465262,68
0.5925152798024966,1.2010219744706692,11
0.6444793670889493,1.0193743901317835,11
0.5330244151718901,1.2414594057143309,11
0.5182750634889866,1.1545614605438352,11
0.5027468325840934,1.032089465224194,11
0.5930264774670312,0.9238489960117057,11
0.5075900460827716,1.2022527708562356,11
0.5452139698464982,1.1766278853357712,11
0.5371261703057884,1.1079898037889213,11
0.5325218431909798,0.9555435356059793,11
0.5925152798024969,1.2010219744706678,11
0.6444793670889508,1.0193743901317829,11
0.5330244151722323,1.2414594057142752,11
0.5182750634888909,1.1545614605438637,11
0.5027468325840939,1.0320894652241939,11
0.5930264774670488,0.9238489960116983,11
0.5075900460827714,1.2022527708562363,11
0.5452139698464965,1.176627885335773,11
0.5371261703057899,1.1079898037889209,11
0.5325218431909788,0.9555435356059798,11
-1.3860768085244821,-0.595946785539018,67
-1.3622860717554532,-0.517881877938982,67
-1.3725428889789697,-0.48697526454049145,67
-1.3214268520431531,-0.5878882915379978,67
-1.386076808524502,-0.595946785538934,67
-1.3622860717571945,-0.5178818779310932,67
-1.372542888978967,-0.4869752645405088,67
-1.3214268520420316,-0.5878882915422644,67
1.7462916133573543,2.034615268556992,1
1.6741299001455527,2.0060101915455415,1
1.7438751171524947,2.030107008964367,1
1.7263344182059233,2.0161460554279977,1
1.6649841243377366,1.8955436099629013,1
1.699281131317351,2.1172473464805166,1
1.6646755940006037,2.0774573862341743,1
1.724021304929405,2.067303104776842,1
1.661782794372412,2.14482079408398,1
1.6089467555337469,2.0254447514937013,1
-1.2382525030445002,-0.8450795325789512,67
-1.406984476141196,-0.7925137095751317,67
-1.382394638380546,-0.43788443370622354,67
-1.3772455502223546,-0.38708641957146717,67
-1.32731005698271,-0.4658603066869314,67
-1.2382525029545042,-0.8450795328606479,67
-1.4069844761415458,-0.792513709574183,67
-1.3823946383819055,-0.4378844336964342,67
-1.3772455502223555,-0.3870864195714643,67
-1.327310056982732,-0.4658603066868014,67
-0.5328058168590886,-0.861517508242774,64
-0.5004619255052192,-0.8927732710365562,64
-0.5445730353270097,-0.8400492822849082,64
-0.49178916836832404,-0.8987441060165152,64
-0.5328058168590885,-0.8615175082427734,64
-0.5004619255052196,-0.8927732710365555,64
-0.54457303532701,-0.8400492822849079,64
-0.4917891683683238,-0.8987441060165149,64
2.0208062428498557,1.0428288173088023,7
1.985482474956841,0.9001750771899976,7
1.9515335836295,0.9013165875204826,7
1.9679040249590742,0.909757402281352,7
1.9549623008539319,0.8619919373615558,7
1.9719944689797928,1.039039082735191,7
1.9725269848371576,0.9492817057379986,7
1.9511844704556196,0.8864244128189885,7
1.9404167209769938,0.9588537778973414,7
1.9295402115186768,0.8403032965103846,7
-0.3675294264884647,-0.9731162545713682,64
-0.5670439397091614,-0.9332178800091834,64
-0.5180047547537614,-0.8573274723055408,64
-0.550489663470373,-0.7554121083717754,64
-0.46212228161137264,-0.8408178802023717,64
-0.3675294264884647,-0.9731162545713684,64
-0.5670439397091614,-0.9332178800091824,64
-0.5180047547537612,-0.8573274723055406,64
-0.5504896634703731,-0.7554121083717756,64
-0.4621222816113724,-0.8408178802023718,64
-0.39291379659139125,-0.8497672772734821,64
-0.5789424073296674,-0.8106434348226849,64
-0.4935652069652081,-0.773619320372348,64
-0.5408975516560557,-0.7305937528842684,64
-0.4795926545262417,-0.8209361669853685,64
-0.39291379659139125,-0.8497672772734819,64
-0.5789424073296678,-0.8106434348226855,64
-0.4935652069652081,-0.7736193203723479,64
-0.5408975516560562,-0.7305937528842681,64
-0.479592654526242,-0.8209361669853691,64
1.9473235942680667,0.8663438860083044,7
2.065637727125647,0.70074186376203,7
1.9032580260490863,0.8653232302646465,7
1.9316352065747162,0.7459805794857579,7
1.930846749272071,0.7399430269222028,7
1.9263174937760306,0.603042801641996,7
1.970868608060353,0.869941007061258,7
2.037008253937079,0.8052757914636367,7
1.8868728270017645,0.7760582685437825,7
1.9573506922459805,0.6462949132479566,7
1.9473235942680662,0.8663438860083037,7
2.065637727125647,0.7007418637620293,7
1.903258026049088,0.8653232302646471,7
1.9316352065747162,0.7459805794857588,7
1.9308467492720713,0.7399430269222036,7
1.926317493776031,0.6030428016419959,7
1.9708686080603512,0.8699410070612579,7
2.0370082539370786,0.8052757914636367,7
1.8868728270017652,0.7760582685437825,7
1.9573506922459813,0.6462949132479568,7
-0.6630793797553337,-1.6419364288236875,63
-0.6299104471310614,-1.7154151522304206,63
-0.6810722807307514,-1.6156517482318817,63
-0.5883144062693701,-1.6484160876780463,63
-0.6630793797553334,-1.641936428823688,63
-0.6299104471310615,-1.7154151522304206,63
-0.6810722807307514,-1.6156517482318817,63
-0.5883144062693701,-1.6484160876780456,63
2.7643660953000015,1.488949652086975,4
2.735047830762949,1.319778955128238,4
2.744352388256163,1.3075418935475849,4
2.749614912169224,1.3033512568639387,4
2.7297061514831147,1.2645325011017274,4
2.6920481500853173,1.4753191530499783,4
2.679197411150853,1.3967927350767446,4
2.6659376761942113,1.324827815879907,4
2.6560596275568518,1.3804614923045762,4
2.6192105202420772,1.2761443085013837,4
-0.5629214525370438,-1.8741785128443496,63
-0.720693856268827,-1.6532024087511112,63
-0.6629768216698269,-1.6452271042780093,63
-0.6880279604681114,-1.5605459492361275,63
-0.5909049214761792,-1.5563991469142329,63
-0.5629214525370438,-1.8741785128443504,63
-0.7206938562688261,-1.653202408751111,63
-0.6629768216698264,-1.6452271042780093,63
-0.6880279604681118,-1.5605459492361269,63
-0.590904921476179,-1.5563991469142315,63
-0.9185913026199819,-0.3021627884022639,66
-0.9497743234776922,-0.2607205313900922,66
-0.9175291344755342,-0.24465846467368274,66
-0.9258446073656693,-0.2524908443949087,66
-0.9185913026199823,-0.3021627884022639,66
-0.9497743234776924,-0.26072053139009255,66
-0.9175291344755335,-0.2446584646736829,66
-0.9258446073656699,-0.2524908443949089,66
1.0614282482083333,1.5616133729978656,14
0.9384554852305486,1.4327563473399605,14
0.9639698526104353,1.4042346392302913,14
0.9341211042838727,1.4344233112631013,14
0.928818042633357,1.4060141970223634,14
1.042051570928543,1.5934854781049277,14
1.0168102663921426,1.5108916724014403,14
0.9546505887500207,1.4376138218111865,14
0.9418426127635104,1.4878371705369375,14
0.9176001198873398,1.3919683867301424,14
-0.7957724657357685,-0.6272435697561879,66
-0.9091529261666597,-0.308751530256186,66
-0.9508031574796411,-0.2325783787620394,66
-0.9014408294887889,-0.17207631197437642,66
-0.8726071883267353,-0.22121553723777046,66
-0.7957724657357692,-0.6272435697561876,66
-0.909152926166659,-0.308751530256186,66
-0.9508031574796411,-0.23257837876203916,66
-0.9014408294887887,-0.17207631197437637,66
-0.8726071883267358,-0.22121553723777038,66
-0.8276342130291726,-0.3430545180651917,66
-1.0372577160486938,-0.24178303020791067,66
-0.9776318005971781,-0.1845509956036687,66
-0.935133726327684,-0.17736184531917443,66
-0.8775580404324019,-0.26465351524396524,66
-0.8276342130291731,-0.34305451806519155,66
-1.0372577160486933,-0.2417830302079107,66
-0.9776318005971784,-0.1845509956036686,66
-0.9351337263276842,-0.17736184531917432,66
-0.8775580404324022,-0.2646535152439651,66
1.1057722865696724,1.4567894974877875,14
1.1817877539618702,1.262528103404595,14
1.052982783118291,1.4357156415173162,14
1.0406663717411329,1.3187948755884307,14
0.9916177244038801,1.2946410971544287,14
1.0691137082722104,1.117268397317038,14
1.0094129998183472,1.4388967060087876,14
1.077804730135318,1.394011306577064,14
0.9968424104732917,1.3170370045377218,14
1.000933680034772,1.135855604909552,14
1.105772286569672,1.4567894974877873,14
1.1817877539618697,1.262528103404593,14
1.0529827831182903,1.435715641517315,14
1.040666371741134,1.31879487558843,14
0.9916177244038802,1.2946410971544273,14
1.0691137082722106,1.1172683973170383,14
1.0094129998183479,1.4388967060087874,14
1.0778047301353189,1.3940113065770647,14
0.9968424104732921,1.3170370045377227,14
1.000933680034772,1.1358556049095512,14
-0.9942987816130829,-0.9044928720418992,65
-1.0124640371150628,-0.9996717776808571,65
-1.0247496390124096,-0.9018720626250825,65
-0.9870957720241738,-0.9950210555595096,65
-0.9942987816130819,-0.9044928720418981,65
-1.0124640371150553,-0.9996717776810453,65
-1.0247496390124096,-0.9018720626250869,65
-0.9870957720241554,-0.9950210555599703,65
1.9192055461260142,2.270912971988739,0
1.8709680949341077,2.2036614653692315,0
1.8833866498743015,2.173641984676619,0
1.8923563483546029,2.205106452115206,0
1.8560070179303514,2.1040268344784328,0
1.9075997581038706,2.3192956502004356,0
1.9132057510665028,2.3037124424684357,0
1.8925038751352163,2.2480831421120615,0
1.8812380591177171,2.3000077908348087,0
1.862328322614401,2.1863955936278567,0
-0.9895447186187366,-1.4262345423842309,65
-1.0339458847679004,-0.9854281335631812,65
-1.0145246633438385,-0.9369455514148977,65
-0.9963610155388752,-0.7815631052184148,65
-0.919234728391619,-0.8222154174412318,65
-0.9895447184215186,-1.4262345428949716,65
-1.0339458847679008,-0.9854281335631819,65
-1.0145246633438385,-0.9369455514150801,65
-0.996361015538876,-0.7815631052184067,65
-0.9192347283916185,-0.8222154174412366,65
2.083014560379323,-1.676094655573238,43
2.186054291913874,-1.5581773768452816,43
2.2044907885741765,-1.6812532039320176,43
2.079843511286511,-1.5411226809311664,43
2.083014560379323,-1.6760946555732377,43
2.1860542919138735,-1.5581773768452816,43
2.204490788574177,-1.6812532039320178,43
2.0798435112865103,-1.5411226809311678,43
1.3143420503745473,-2.8880086690191065,51
1.4296901562372042,-2.5734934325947787,51
1.387824944307448,-2.6884980342036413,51
1.548355731372658,-2.609010438721174,51
1.4271815645214487,-2.9638383416544114,51
1.4123490584710545,-2.6276526616802456,51
1.514730785195328,-2.379114782065897,51
1.5845658475581315,-2.392607654866518,51
1.575737003007933,-2.3838294038334724,51
1.573483288104763,-2.6637009470499793,51
2.170646613195051,-1.6516255611955828,43
2.0643224259003263,-1.575237201842609,43
2.13172139039078,-1.5212353249052952,43
2.178182535220539,-1.6501615350243681,43
2.0909392598780756,-1.628630401026736,43
2.170646613195051,-1.6516255611955821,43
2.0643224259003263,-1.5752372018426097,43
2.1317213903907795,-1.5212353249052963,43
2.1781825352205364,-1.6501615350243692,43
2.090939259878076,-1.6286304010267363,43
2.3198288255820527,-1.7129809156547766,43
2.1716493354452693,-1.73234437799606,43
2.248841017620069,-1.5948425399345543,43
2.3969598409745223,-1.755406148142713,43
2.2869091172080243,-1.656615619273238,43
2.3198288255820527,-1.7129809156547762,43
2.1716493354452715,-1.7323443779960594,43
2.2488410176200695,-1.594842539934554,43
2.3969598409745214,-1.7554061481427163,43
2.2869091172080225,-1.6566156192732384,43
1.4519384914558442,-2.7332461410862847,51
1.5342030758055103,-2.794275035480764,51
1.4231480635070815,-2.634689785892309,51
1.6785079181084932,-2.5119117889278555,51
1.4438310131235161,-2.4734528196884384,51
1.6737686645652976,-2.4264850968007208,51
1.3245194751101783,-2.602889003281978,51
1.7912210139174105,-2.6268688740089012,51
1.60312449230634,-2.620146471953402,51
1.7416388081417145,-2.657392338996044,51
1.451938491863476,-2.7332461408548836,51
1.5342030743785797,-2.7942750362769626,51
1.4231480634489382,-2.634689785927532,51
1.67850791826557,-2.5119117888035944,51
1.4438310109211048,-2.473452821235532,51
1.6737686645613874,-2.4264850968041047,51
1.3245194751142664,-2.6028890032795546,51
1.7912210139200209,-2.62686887400688,51
1.6031244833423688,-2.6201464779772206,51
1.7416388082205856,-2.657392338938898,51
-1.3348668219119941,-0.6486292915636895,62
-1.2888774321501308,-0.7151604707096523,62
-1.3460472010915905,-0.7024510201153005,62
-1.3013985315002072,-0.6607354534628992,62
-1.334866822077153,-0.6486292910876056,62
-1.2888774321559608,-0.7151604706934821,62
-1.3460472011191158,-0.7024510200475429,62
-1.3013985314859222,-0.6607354535034706,62
1.4861806781506057,0.40589027769512304,5
1.4818288489728029,0.29561836005402103,5
1.5235330731550825,0.3520857150556571,5
1.4888417692183367,0.34801797949857666,5
1.5349851188343069,0.3317806269439402,5
1.4825958189367285,0.4227751423941651,5
1.4265118598310207,0.4067051317551983,5
1.429910108427407,0.35503559385058614,5
1.4383162527284659,0.41293250954711036,5
1.4915624230456392,0.3483168978400832,5
-1.1347757541657872,-0.7468734176598719,62
-1.2871677121077933,-0.858820722490318,62
-1.260268540666907,-0.7285977781451688,62
-1.3314210059633216,-0.6050172060203307,62
-1.2018365429381799,-0.7291163147871881,62
-1.1347757541639971,-0.7468734176638787,62
-1.2871677120829543,-0.8588207225485882,62
-1.2602685406694973,-0.728597778137996,62
-1.3314210059397518,-0.6050172060860158,62
-1.2018365429349174,-0.7291163147949392,62
-1.078775780827736,-0.7119636419888575,62
-1.34644748335151,-0.5853166138431475,62
-1.185346552902535,-0.5896857333933825,62
-1.2279573962765191,-0.6020730752031569,62
-1.1778946598887787,-0.7168968236919168,62
-1.078775780827843,-0.7119636419886239,62
-1.3464474833555018,-0.5853166138295578,62
-1.1853465529025617,-0.5896857333933068,62
-1.2279573962753025,-0.6020730752066062,62
-1.1778946598887792,-0.7168968236919154,62
1.3890022502801604,0.49593937707439406,5
1.4385980366721456,0.40117789596600134,5
1.4191353270460318,0.42401602649737075,5
1.247709511370627,0.3910787235079145,5
1.4717011970328746,0.382797067919191,5
1.4038258142832627,0.251894955868085,5
1.539569549787008,0.41627159481363957,5
1.5492065427470385,0.45209136823932605,5
1.3572739172706043,0.3945291886273632,5
1.3156693601039076,0.3227524581572195,5
1.3890022502801593,0.49593937707439406,5
1.4385980366721451,0.4011778959660014,5
1.4191353270460325,0.42401602649737047,5
1.247709511370633,0.39107872350790873,5
1.4717011970328746,0.38279706791919127,5
1.4038258142832631,0.25189495586808475,5
1.5395695497870072,0.4162715948136394,5
1.549206542747038,0.45209136823932583,5
1.3572739172706048,0.3945291886273631,5
1.3156693601039064,0.3227524581572195,5
-1.3054457975018956,-1.3729451315843997,61
-1.2465359254123303,-1.310302955370607,61
-1.275660887657944,-1.3326685608207232,61
-1.2035176151113947,-1.3942357020517144,61
-1.305445797501044,-1.3729451315858492,61
-1.2465359254124568,-1.3103029553703727,61
-1.275660887658009,-1.3326685608206017,61
-1.203517615111316,-1.3942357020518443,61
2.1497986448234836,0.5827554554294371,3
2.03609456121142,0.5456604420764389,3
2.127562863280074,0.5375540106430435,3
2.059780766572916,0.5885656012235767,3
2.056989828397525,0.588431576534845,3
2.1659753803151856,0.6127762677806676,3
2.0535836711635636,0.6350343269186166,3
2.0842749182746676,0.5256383067371623,3
2.0677806186782743,0.6505537382092462,3
2.060038855054328,0.5983925551446931,3
-1.1589083734795735,-1.4052683803391308,61
-1.2749836378479613,-1.3938751727304788,61
-1.205428618310548,-1.310550357905115,61
-1.2568088580110568,-1.2558463151076809,61
-1.1469819417594609,-1.3532876814633465,61
-1.1589083734795642,-1.4052683803391475,61
-1.274983637848421,-1.393875172729696,61
-1.205428618310576,-1.3105503579050601,61
-1.2568088580106225,-1.2558463151085597,61
-1.146981941759427,-1.3532876814633956,61
-2.182459032642927,1.0678028561774804,68
-2.1634078359766455,1.0217365024165634,68
-2.1708439286305303,1.0829785829968321,68
-2.1888266999527137,1.0307216064566902,68
-2.1824590326429263,1.0678028561774788,68
-2.1634078359766473,1.0217365024165623,68
-2.1708439286305308,1.0829785829968315,68
-2.188826699952716,1.03072160645669,68
0.12686828854218968,1.4610695108076452,10
0.06753243379663175,1.3507440874967591,10
0.1415519565378795,1.4060190600673756,10
0.1094200529441432,1.4331009184309653,10
0.12549207982093777,1.4106459428134717,10
0.25252800363939326,1.6341679004131189,10
0.16834471193015232,1.5138954530688205,10
0.2153861637525189,1.481514642835646,10
0.16826581061146295,1.5566181311991178,10
0.19497388445689312,1.5090485750937774,10
-1.9175633531904213,0.7590821532565526,68
-2.146894838663378,0.9983835512633423,68
-2.163542062434878,1.0100261019607542,68
-2.0786528817042904,1.0553663597555607,68
-2.0438297871623496,0.9055602294844209,68
-1.917563353190421,0.7590821532565526,68
-2.1468948386633793,0.9983835512633426,68
-2.1635420624348787,1.0100261019607546,68
-2.078652881704289,1.0553663597555596,68
-2.0438297871623496,0.9055602294844205,68
-1.8531612426221569,0.7454782721938529,68
-2.0536702662158146,0.9860935404711537,68
-2.0487439472263422,0.9651404456680399,68
-1.8764616584396152,0.8940438115163223,68
-1.936010167878668,0.7908841390098594,68
-1.853161242622161,0.7454782721938525,68
-2.053670266215815,0.9860935404711516,68
-2.0487439472263405,0.9651404456680381,68
-1.876461658439621,0.8940438115163254,68
-1.9360101678786685,0.7908841390098598,68
0.0930673648928364,1.5875636353500842,10
0.1605840587040562,1.3724240129499463,10
0.03843239177293027,1.5462497701820321,10
-0.14585243003322104,1.5536738706155948,10
0.07055824524830344,1.4004825155163902,10
0.031616394812503994,1.3153748149051097,10
0.15620881376163417,1.6000495206515915,10
0.1265925137248234,1.5835141080026696,10
0.07474627788397861,1.4369839848626171,10
0.015134046644902924,1.3359501103007305,10
0.09306736489300788,1.5875636353500862,10
0.16058405870335693,1.3724240129499257,10
0.03843239177295768,1.5462497701820366,10
-0.14585242321164643,1.553673871044149,10
0.07055824524831082,1.400482515516391,10
0.03161639481275332,1.3153748149051145,10
0.1562088137615808,1.6000495206515886,10
0.12659251372542035,1.5835141080027328,10
0.07474627788396007,1.4369839848626165,10
0.015134046644919899,1.3359501103007323,10
-1.757349781801826,0.27141088874395863,67
-1.7189288404821994,0.27599333451939445,67
-1.7289844327917583,0.27429671596107164,67
-1.7321495139986476,0.2591521880611421,67
-1.7573497818018233,0.27141088874395725,67
-1.7189288404821996,0.2759933345193985,67
-1.7289844327917598,0.2742967159610709,67
-1.7321495139986525,0.25915218806116747,67
1.381589773020415,2.2220558167601556,1
1.2908543468117795,2.212682281546606,1
1.3439489096030819,2.2240334947242304,1
1.3257263236655075,2.2999676241784277,1
1.3171327143286156,2.2560054572818635,1
1.4045807641008323,2.3994005310517124,1
1.3320573891227065,2.3519047564764675,1
1.3998510575123746,2.307054907579689,1
1.3276719349772952,2.470226949278325,1
1.3150361979315752,2.3301475520643513,1
-1.5731145496167689,0.1624585510887893,67
-1.7501152727150668,0.1808847954433564,67
-1.6802535070054747,0.3023261222647394,67
-1.7108246572075891,0.29145764883027786,67
-1.6512320040848738,0.22494686945415404,67
-1.5731145496167702,0.16245855108878937,67
-1.7501152727150713,0.18088479544335748,67
-1.6802535070054774,0.30232612226474964,67
-1.7108246572075905,0.29145764883027697,67
-1.6512320040848725,0.22494686945415515,67
-0.9932083209643559,-0.4813427540055081,64
-1.0025298270433602,-0.5153375284062083,64
-1.0441535576394951,-0.513992659701901,64
-0.9729793075490029,-0.5155997603394463,64
-0.9932083209643559,-0.4813427540055078,64
-1.0025298270433598,-0.5153375284062095,64
-1.0441535576394942,-0.5139926597019019,64
-0.9729793075490022,-0.5155997603394457,64
1.6396620369700454,1.1046567843552724,12
1.607821959368153,0.9866945096749448,12
1.6272791229731078,1.0813916622496558,12
1.6006252684153852,1.0611863580179586,12
1.6113477547890036,1.0792384227908125,12
1.625502695279257,1.1486646142008963,12
1.615367766525888,1.1190319712074521,12
1.6350470130100587,1.0477561596069807,12
1.5663365963271156,1.1187173575961342,12
1.6007571718660973,1.0580911626375287,12
-0.8740574662683187,-0.4469947602547017,64
-0.9592363240671443,-0.5206096989567817,64
-0.9410921914042607,-0.5289494686238438,64
-0.9954211750505204,-0.41581247433622986,64
-0.9008390065645414,-0.5238371640018049,64
-0.874057466268318,-0.4469947602547019,64
-0.9592363240671443,-0.5206096989567814,64
-0.9410921914042609,-0.5289494686238433,64
-0.9954211750505206,-0.41581247433623025,64
-0.900839006564542,-0.5238371640018047,64
-0.8642817478928271,-0.4003932632641632,64
-1.09136546865355,-0.41826467439426085,64
-0.9462398418042406,-0.4425292166430097,64
-1.0209880275092218,-0.40984564391196027,64
-0.9208797259639889,-0.5126992422001536,64
-0.8642817478928279,-0.40039326326416275,64
-1.0913654686535506,-0.4182646743942606,64
-0.9462398418042409,-0.44252921664301254,64
-1.020988027509232,-0.40984564391193373,64
-0.9208797259639886,-0.5126992422001536,64
1.5667060602779825,1.1608491452693233,12
1.6434236470798917,1.0401724010082587,12
1.5812847822585407,1.0878323213340502,12
1.4375411809827014,0.9743221672205158,12
1.653177905503398,1.01908085072353,12
1.5686231859359725,0.8585305118138528,12
1.6888763701567244,1.1308722209286401,12
1.6882944323564912,1.3114154441812107,12
1.4616729889628424,0.9627043124534113,12
1.472452756261457,0.8766484869117817,12
1.5667060602779823,1.1608491452693248,12
1.6434236470798986,1.0401724010082416,12
1.5812847822585399,1.0878323213340484,12
1.4375411809827014,0.9743221672205191,12
1.6531779055033977,1.0190808507235294,12
1.5686231859359727,0.8585305118138518,12
1.68887637015673,1.1308722209286235,12
1.6882944323568536,1.311415444180116,12
1.4616729889628406,0.9627043124534105,12
1.4724527562614544,0.8766484869117819,12
-1.1357246525389233,-1.284311046795617,63
-1.1077004308621696,-1.234040061041854,63
-1.151531429764497,-1.280238989141316,63
-1.0938460737023783,-1.2073939346028983,63
-1.135724652538914,-1.2843110467956305,63
-1.107700430862184,-1.234040061041823,63
-1.1515314297645707,-1.280238989141163,63
-1.0938460737023976,-1.207393934602858,63
2.15117310968849,1.6892695623651128,4
2.070226412760047,1.5713290813650007,4
2.083443575765082,1.5662472960563638,4
2.123080852278698,1.6440837880073793,4
2.0693071534039045,1.6609416854466579,4
2.1003014189550955,1.631084234540908,4
2.0232445444794243,1.7267034654450129,4
2.0403250866262512,1.5230400781375484,4
2.008767909225131,1.7468254967793229,4
1.982938846635739,1.6183517631127147,4
-0.9826334743753529,-1.0973344483952405,63
-1.1229547565010178,-1.295016564816166,63
-1.0894892013217123,-1.3296790673863654,63
-1.1479549680320196,-1.259294993146038,63
-1.0373169055234237,-1.2682566134471083,63
-0.9826334743753546,-1.09733444839522,63
-1.1229547565010183,-1.2950165648161596,63
-1.0894892013215094,-1.3296790673867702,63
-1.1479549680319854,-1.2592949931461033,63
-1.0373169055234388,-1.2682566134470667,63
-1.4538487197056955,0.371522475604563,66
-1.4306967199971656,0.3519694370961198,66
-1.457373553222316,0.390272755778548,66
-1.4608475559389735,0.3768939446242557,66
-1.4538487197056962,0.371522475604563,66
-1.4306967199971656,0.35196943709612016,66
-1.457373553222315,0.39027275577854775,66
-1.460847555938973,0.37689394462425574,66
0.7714555741006411,1.8726386975789497,12
0.7111522536288342,1.7906667770521119,12
0.7716913035804238,1.8087654171354686,12
0.753658253108796,1.848333731286896,12
0.7459819388033178,1.8626663055736479,12
0.8009219540319769,1.9872845438836189,12
0.7283131260236968,1.937151641628715,12
0.7729929128127464,1.8619443275112482,12
0.6976723132493272,1.9489771933516,12
0.677164804441496,1.8744348771103405,12
-1.3575381262590582,0.24250177336432477,66
-1.3957785994530874,0.3292274376022154,66
-1.4791106105461698,0.4020265803138541,66
-1.4355891570955996,0.4425469075007057,66
-1.4655911749706168,0.3990706833206749,66
-1.3575381262590587,0.24250177336432507,66
-1.395778599453086,0.3292274376022156,66
-1.4791106105461689,0.4020265803138535,66
-1.4355891570956008,0.442546907500706,66
-1.465591174970617,0.39907068332067536,66
-1.3675902856551803,0.2886366855609847,66
-1.6344098398170335,0.47822132980641857,66
-1.5723445742725453,0.48928128585430813,66
-1.5067807193149532,0.4464083683298321,66
-1.4974346229735847,0.3623963604312887,66
-1.3675902856551803,0.2886366855609844,66
-1.634409839817033,0.4782213298064184,66
-1.572344574272546,0.4892812858543079,66
-1.5067807193149518,0.4464083683298316,66
-1.497434622973585,0.3623963604312886,66
0.736630756564311,1.962047494549744,12
0.7440770203199637,1.7644979571447728,12
0.6734111466336136,1.928305113830638,12
0.5133599898545548,1.7697167282660984,12
0.6929497865551206,1.7768857788555126,12
0.5735050404602943,1.6048495116773809,12
0.7665438466079152,1.9706333805659288,12
0.6768903511103849,2.0319006694384676,12
0.6053275354717185,1.741144603120571,12
0.47475827429265594,1.6016994929729003,12
0.7366307565646321,1.9620474945497326,12
0.7440770203270876,1.7644979571455293,12
0.6734111466332495,1.928305113830604,12
0.5133599898565973,1.7697167282664485,12
0.6929497865550982,1.7768857788555124,12
0.5735050404603993,1.6048495116773869,12
0.7665438466078709,1.970633380565929,12
0.6768903511116305,2.031900669438471,12
0.6053275354717214,1.7411446031205706,12
0.4747582742926491,1.6016994929729,12
-1.3364858778470075,-0.1173190964268473,65
-1.3159141113272128,-0.10631085358841501,65
-1.3426530096736033,-0.14383141106112157,65
-1.300436293107797,-0.13516831411612756,65
-1.3364858778470048,-0.11731909642684725,65
-1.3159141113272137,-0.10631085358841513,65
-1.342653009673605,-0.14383141106112174,65
-1.3004362931077964,-0.13516831411612776,65
1.5288338816756537,2.4770442726995867,0
1.502594926063908,2.4736269737368786,0
1.504257897415588,2.418710370451392,0
1.520568270937067,2.4940683491637046,0
1.5049711335718075,2.4669959884606714,0
1.5193630221086738,2.512037473900877,0
1.4611136716698565,2.5502944734204984,0
1.4928112152583628,2.4601224140343105,0
1.4448063231306982,2.583567901787305,0
1.4299791158023862,2.4864979694916958,0
-1.2671808459563267,-0.18725956443246441,65
-1.2785359849844473,-0.22786847967553914,65
-1.2603376206980703,-0.11098787855404238,65
-1.2997857904096788,-0.11736804731289566,65
-1.2439026510301312,-0.14413319351282025,65
-1.267180845956326,-0.18725956443246441,65
-1.2785359849844469,-0.2278684796755395,65
-1.2603376206980694,-0.11098787855404234,65
-1.2997857904096788,-0.1173680473128958,65
-1.2439026510301319,-0.14413319351282022,65
2.0470297881563018,-1.1854553839216164,44
2.188727239218351,-1.1548227479455553,44
2.1760399147476766,-1.1899097412924309,44
2.0709553818248625,-1.1189449586069227,44
2.0470297881563027,-1.1854553839216162,44
2.18872723921835,-1.1548227479455542,44
2.176039914747677,-1.189909741292432,44
2.0709553818248634,-1.118944958606922,44
1.3715993242774596,-3.028798490931981,52
1.5694998772288564,-2.622434477503967,52
1.443507218475097,-2.8177140556892426,52
1.7264912855552985,-2.657415405508868,52
1.4633253878748327,-3.0025290981485235,52
1.4708227350314238,-2.730667142352238,52
1.6634533293345604,-2.441383403294807,52
1.6077848804635304,-2.47787403693733,52
1.756675938163002,-2.4379654758030815,52
1.5982954391463708,-2.692895604087,52
2.3255642339604234,-1.2085233135456694,44
2.0523726463851326,-1.1608128156290123,44
2.135061352274555,-1.1196614981677824,44
2.122812790627191,-1.1383133831288466,44
1.999444068129439,-1.086606452553291,44
2.325564233960425,-1.2085233135456688,44
2.052372646385131,-1.1608128156290118,44
2.1350613522745565,-1.119661498167784,44
2.122812790627192,-1.1383133831288466,44
1.9994440681294385,-1.086606452553291,44
2.401027155250353,-1.1510924812350962,44
2.181930607488578,-1.205696391206876,44
2.4078868596613106,-1.160429532968078,44
2.5389822404620412,-1.2390595809576288,44
2.24868706020648,-1.105189451835642,44
2.401027155250353,-1.1510924812350962,44
2.1819306074885776,-1.2056963912068763,44
2.40788685966131,-1.1604295329680778,44
2.53898224046204,-1.2390595809576268,44
2.248687060206481,-1.1051894518356418,44
1.431343713060021,-2.7392237294435318,52
1.4664632598802527,-2.906556667339285,52
1.4128801805007227,-2.5631021910674217,52
1.588093058117681,-2.6286302697015453,52
1.4821555234990675,-2.454406452056489,52
1.6476374132018932,-2.5785095618415106,52
1.4168475983332671,-2.4791270007037967,52
1.7090437232435778,-2.621786382466199,52
1.6096307680115254,-2.6097361023053387,52
1.6663437015122056,-2.757294711453132,52
1.431343713247618,-2.739223729338081,52
1.4664632579204846,-2.906556668319227,52
1.412880180502969,-2.5631021910659966,52
1.5880930587231985,-2.6286302693059707,52
1.482155523694985,-2.4544064519120847,52
1.6476374130120013,-2.57850956197945,52
1.4168475979595803,-2.4791270009582447,52
1.709043724426428,-2.6217863815930067,52
1.6096307685920264,-2.6097361019155887,52
1.6663437013876852,-2.757294711528121,52
0.13833836765312674,-1.8742894094330755,56
0.19280999117261743,-1.7457041859057663,56
0.017329321046775717,-1.9005022822165396,56
0.1726542309844044,-1.7280754113754337,56
0.13833836765313495,-1.874289409433067,56
0.19280999117260017,-1.7457041859057794,56
0.017329321046785414,-1.9005022822165338,56
0.1726542309844101,-1.7280754113754306,56
2.6922142596315606,0.42196144239650546,8
2.758445380770863,0.29544623021333866,8
2.7484052525640132,0.3393342839240842,8
2.760305949420491,0.34152534397619033,8
2.764779227754723,0.32083989997450313,8
2.671662377774208,0.3949698438883181,8
2.8260576193842923,0.3562271534269699,8
2.7024626386133668,0.31088321107637396,8
2.7732528923255084,0.3560697675890943,8
2.7859267736114335,0.27211869601815664,8
0.13965042032557407,-2.050869727882956,56
-0.04773443339523326,-1.9891375400861993,56
0.04517578605749848,-1.7867517197619311,56
-0.04035356793194799,-1.9509147079158176,56
-0.01629756826762887,-1.8620570769421718,56
0.13965042027962835,-2.0508697279217762,56
-0.04773443339523394,-1.9891375400861997,56
0.0451757860574979,-1.786751719761931,56
-0.04035356793193586,-1.950914707915806,56
-0.01629756826762577,-1.8620570769421712,56
0.1872794156724065,-1.9214397249900639,56
-0.08850611195663526,-1.9312705764908866,56
0.07800701416849681,-1.7290873932618647,56
-0.0789407571990328,-1.8859607635774565,56
-0.018557668747759055,-1.86075726291314,56
0.18727941567061868,-1.9214397249916757,56
-0.0885061119566244,-1.931270576490877,56
0.07800701416850747,-1.729087393261857,56
-0.07894075719895774,-1.8859607635774025,56
-0.018557668747751374,-1.8607572629131346,56
2.6575184965367518,0.35595545121481525,8
2.9224522802297863,0.3134102098635605,8
2.669283137976355,0.2936345421399567,8
2.745952493890951,0.23544997343509302,8
2.673784155607563,0.22292615963705903,8
2.8243872539706696,0.16369598474822009,8
2.8159617376897916,0.2626219988559893,8
3.044575211531479,0.33821823875822055,8
2.7061032086636656,0.26288813133631395,8
2.887661104541694,0.20058369112951047,8
2.657518496536751,0.3559554512148152,8
2.922452280229786,0.31341020986355994,8
2.669283137976352,0.293634542139957,8
2.7459524938909503,0.2354499734350927,8
2.6737841556075628,0.22292615963704046,8
2.824387253970672,0.16369598474822,8
2.8159617376897925,0.26262199885598714,8
3.0445752115314795,0.3382182387582188,8
2.7061032086636647,0.262888131336314,8
2.8876611045416953,0.20058369112950986,8
0.07506874290804388,-2.3497084020570296,55
0.007915395116861613,-2.386091993629492,55
0.017211472849183253,-2.3589164197408334,55
0.05747376946767535,-2.3832454921576955,55
0.07506874291743222,-2.34970840205106,55
0.007915395117262448,-2.386091993629279,55
0.017211472849145114,-2.3589164197408636,55
0.05747376946842871,-2.3832454921572355,55
3.324871225060719,0.8002487206325236,2
3.3339641774717776,0.7142634925306359,2
3.365605496535359,0.7538112907591474,2
3.40225286482509,0.7829269137577302,2
3.358063608695375,0.7703222931690719,2
3.319785943838849,0.8395677164337438,2
3.418988411586902,0.8094643829005913,2
3.308945270383266,0.7284066393050314,2
3.399400491036916,0.8516155277346052,2
3.34154924866438,0.7739072999155558,2
0.06404718189056066,-2.325987705168576,55
-0.030307252643716722,-2.3117484793936507,55
0.028006552475610694,-2.3275276565680443,55
-0.024103937697463735,-2.4216546542765363,55
0.025640804182088642,-2.3273397943146827,55
0.06404718188866275,-2.325987705169988,55
-0.03030725264394312,-2.3117484793937546,55
0.028006552475684163,-2.327527656568,55
-0.024103937697424038,-2.421654654276516,55
0.02564080418228312,-2.3273397943145593,55
-0.30568551153926415,-2.246636505430332,60
-0.32713730756585646,-2.380074141271521,60
-0.31347419617583117,-2.1524879101466268,60
-0.321255901236217,-2.311251864565205,60
-0.30568551154041684,-2.2466365054332216,60
-0.32713730756585635,-2.380074141271521,60
-0.3134741961762421,-2.152487910147806,60
-0.32125590123621706,-2.311251864565204,60
2.075112709384753,1.2229254156121023,9
2.086141036185863,1.1554884603982802,9
2.0884175919344643,1.1309958767116415,9
2.033853583632953,1.1639360885111332,9
2.061620019969651,1.1605166354543044,9
2.1044678241828727,1.363997703313546,9
2.2261556190292717,1.3240128150636195,9
2.124747575998192,1.2353491598624293,9
2.104095139367157,1.3595186544195124,9
2.239990605080871,1.2633609501238663,9
-0.24915650107837722,-2.2407648825173907,60
-0.35674436119178404,-2.2641417653798936,60
-0.3505022491406551,-2.2344639455580286,60
-0.2904508565278425,-1.9950892592859837,60
-0.3337848701810689,-2.1791984524008865,60
-0.24915650107839116,-2.2407648825174142,60
-0.35674436119178515,-2.264141765379899,60
-0.35050224914065486,-2.2344639455580277,60
-0.290450856114122,-1.9950892583218691,60
-0.33378487018057507,-2.17919845239962,60
-0.21265687563546518,-2.0096228047110842,60
-0.2745701290774621,-1.864246151180524,60
-0.2307556567767501,-1.9031378683687867,60
-0.24182711037687776,-1.8021843846522536,60
-0.22991866555679705,-1.8628623614945614,60
-0.21265685433611622,-2.009622767089121,60
-0.27457013325919266,-1.864246160935101,60
-0.23075565685923158,-1.9031378685494493,60
-0.24182711009821772,-1.8021843840487584,60
-0.22991866309659928,-1.8628623560052724,60
2.2587674930291035,1.2488398678056645,9
2.326007637423232,1.018323462032598,9
2.163959084587354,1.1677134310119421,9
2.1825426818725613,1.085872151802613,9
2.230776255253018,0.9342110465909778,9
2.3394839396508496,0.8478625535666056,9
2.2385533110731717,1.106390256514972,9
2.336066235193343,1.2979597681637067,9
2.2736292223914827,1.0721590193095378,9
2.234652435680324,0.9071785243479623,9
2.2587674931880795,1.2488398673347996,9
2.3260076246571697,1.0183235024346877,9
2.163959084585851,1.1677134310172024,9
2.1825426832730423,1.0858721468899524,9
2.2307762557887068,0.9342110446356875,9
2.3394839469091733,0.847862515219458,9
2.238553309749698,1.1063902604468028,9
2.3360662342482996,1.2979597705242638,9
2.2736292206301685,1.0721590244956183,9
2.2346524337567137,0.9071785315035134,9
0.0758764281341168,-1.6660079277539959,59
0.01698919730812489,-2.033229251906726,59
-0.03643268950210337,-1.894612003636173,59
0.04025133336425109,-1.99509927199377,59
0.07587689827457546,-1.6660073204890862,59
0.016989169387743214,-2.0332292738590434,59
-0.036432689676277295,-1.894612003807463,59
0.04025135837063004,-1.9950992540197467,59
2.848736777785767,1.830552596627266,1
2.797027010429761,1.8363723704371597,1
2.8457426102986165,1.884385763223616,1
2.8182548768448843,1.9062399202109228,1
2.7931231677419324,1.8883213187504533,1
2.8532721040764497,1.9679723873710337,1
2.8860894785346844,1.9751522148242844,1
2.830168025880173,1.9420929355167917,1
2.866860051346983,2.0411126592577253,1
2.833469622115308,1.9892492667877846,1
0.032698854153454686,-2.021095531243673,59
-0.10236745465202003,-1.863557715839613,59
-0.06138541617146097,-2.0638999310542947,59
-0.06915189986792349,-1.924636255335431,59
-0.11669914554520472,-2.1527346902682565,59
0.032698854239156964,-2.0210955311900007,59
-0.10236745465265096,-1.8635577158403984,59
-0.06138541599454414,-2.0638999308747277,59
-0.0691518995778256,-1.924636255042997,59
-0.11669914554715945,-2.152734690270089,59
0.2550873406708663,-2.030414389521964,54
0.19152052503944617,-2.1203159415427826,54
0.13980507890275318,-2.16749371664951,54
0.24085451805940386,-2.0385972119985643,54
0.25508734067086186,-2.030414389521967,54
0.19152052503996037,-2.1203159415423123,54
0.1398050789032861,-2.1674937166490515,54
0.24085451805939576,-2.038597211998573,54
3.1037158209294704,0.9932647955450494,8
3.143810038726938,0.974934728263735,8
3.105719287425725,0.9524479064309073,8
3.1802389890595295,1.011082713169669,8
3.086121212964795,0.9804402936281326,8
3.161563378478931,1.0910943490570066,8
3.2476701396654057,1.0766903002965253,8
3.107637417922398,1.0085231251593048,8
3.1900373397307886,1.1185468428691763,8
3.109752612602842,0.9840036774812195,8
0.3048362612418626,-2.100431426534911,54
0.17245344380351987,-2.0658146995789353,54
0.10467618547998216,-2.214932466541566,54
0.10893701744346693,-2.223578119328895,54
0.18968416656725387,-2.036227934444478,54
0.3048362612423752,-2.100431426534293,54
0.17245344380341773,-2.0658146995790334,54
0.10467618548059203,-2.2149324665410814,54
0.10893701743200943,-2.2235781193381623,54
0.18968416656723305,-2.0362279344444967,54
0.38061830457605567,-1.9054105399884902,54
0.1539213665516398,-2.0471990799729416,54
0.21174799244272008,-2.0487966267991005,54
-0.00932495108150006,-2.332911850342336,54
0.1528207379661695,-2.150198934824829,54
0.3806183045717872,-1.9054105399938572,54
0.1539213665347918,-2.0471990799891446,54
0.21174799244575415,-2.048796626796078,54
-0.009324951214807538,-2.33291185044511,54
0.15282073796582324,-2.1501989348251285,54
3.122674687998913,0.9344952934394255,8
3.1997912722454145,0.8642111213636342,8
3.0761039775784687,0.9059965945517618,8
3.0170690752426905,0.8440789812178374,8
3.187746399686206,0.8306821868660637,8
3.1369980976456637,0.7755353196943957,8
3.3088194980997994,0.9386898876780043,8
3.3190445007082685,1.0060024772018377,8
3.045089029045043,0.8426510223333851,8
3.1090084604663932,0.8130871214976605,8
3.1226746879990537,0.9344952934388007,8
3.1997912722456707,0.8642111213623104,8
3.07610397757846,0.9059965945517905,8
3.017069075242578,0.8440789812184565,8
3.1877463996863726,0.8306821868651267,8
3.1369980976455865,0.7755353196950279,8
3.308819498098584,0.9386898876826054,8
3.3190445007081735,1.0060024772021572,8
3.0450890290450836,0.8426510223331509,8
3.1090084604664203,0.8130871214974957,8
0.04633620350917622,-2.652717928587502,53
0.048819966121842195,-2.5835146203243404,53
-0.006184654965765478,-2.6978322675371085,53
0.10031286613313811,-2.5359348489381612,53
0.046336203509176166,-2.652717928587502,53
0.04881996612184255,-2.5835146203243404,53
-0.006184654965763635,-2.697832267537108,53
0.10031286613313786,-2.5359348489381617,53
3.62045331185215,1.3960247275251714,2
3.647085684801847,1.3450474136857402,2
3.622943424578877,1.370027130303086,2
3.673030625492816,1.3986572514526436,2
3.579836312829342,1.378057487736367,2
3.642203050315048,1.47567560060322,2
3.7006901665488767,1.4587965191876813,2
3.6045121953694403,1.4305365049491954,2
3.67611670192757,1.5084505110940443,2
3.60794064951764,1.4272869659000886,2
0.08047694141263062,-2.736002570782282,53
0.005561279359664486,-2.6113551861982707,53
-9.295436388081093e-05,-2.666116549628617,53
-0.02815913424044737,-2.7689660389838004,53
0.015279145347603124,-2.584643782026985,53
0.08047694141263056,-2.73600257078228,53
0.005561279359664523,-2.6113551861982693,53
-9.295436388042432e-05,-2.666116549628616,53
-0.028159134240447442,-2.7689660389838,53
0.015279145347603159,-2.584643782026985,53
0.01154123070389157,-2.0791330062963946,58
-0.17713571551847765,-2.397440619371359,58
-0.05222548216461804,-2.139975277771238,58
-0.1251436152159742,-2.264451784677781,58
0.011541225456783924,-2.0791330102578565,58
-0.17713571551847765,-2.3974406193713595,58
-0.052225475830388925,-2.139975272745775,58
-0.1251436152095062,-2.264451784670895,58
2.504348824262071,1.5178167274967558,13
2.5175186637230147,1.5245502191450342,13
2.4643646125480148,1.4636212048855615,13
2.4247854335355714,1.5152642598748032,13
2.445034302201017,1.5262936606973823,13
2.5410225922843535,1.6339182045913965,13
2.649735709325228,1.625637063655332,13
2.5051666024336146,1.5128421386751931,13
2.5134212599950403,1.6191196009816844,13
2.580034203773009,1.5375834459667281,13
-0.0765741782612534,-2.22617990969784,58
-0.004680623454221198,-1.9900173916581951,58
-0.16843833624538998,-2.2995507214987834,58
0.0413877225434422,-1.9586731453672281,58
-0.07902825709399441,-2.1224114373348177,58
-0.07657416387493039,-2.2261798970144313,58
-0.004680626002638025,-1.9900173941683728,58
-0.16843833624539012,-2.2995507214987834,58
0.04138772093296077,-1.9586731468787872,58
-0.079028254860075,-2.1224114352910446,58
0.15410487027187142,-1.7712396802200674,58
-0.05131427179637082,-1.9629787195974924,58
-0.06812834991210157,-2.0707150867229167,58
0.00012609177602559258,-1.925216957917033,58
0.017732347345500058,-1.9075352849140008,58
0.15410456004724252,-1.7712400485326458,58
-0.05131383810900267,-1.9629783056746317,58
-0.06812834904573592,-2.070715086040641,58
0.00012600865922849318,-1.9252170370947348,58
0.017732345488143068,-1.9075352867489304,58
2.664701214899556,1.5621815301921913,13
2.741212191667955,1.3812509048660186,13
2.5353791947266346,1.5190002845048716,13
2.4235224997403724,1.3683023484485723,13
2.6380944735240806,1.3886083842887316,13
2.6046641923302336,1.268296348937715,13
2.737691111835045,1.5215764833872174,13
2.6723693191711897,1.5911992478699273,13
2.5797198491262177,1.4347605440713243,13
2.5081281099378447,1.3313258283216527,13
2.664701214946613,1.5621815301023154,13
2.7412121916241134,1.381250904962965,13
2.5353791947360493,1.5190002844880475,13
2.423522499731178,1.3683023484665124,13
2.63809447338739,1.3886083845763193,13
2.604664192277716,1.2682963490742436,13
2.7376911126728083,1.5215764817374604,13
2.6723693191377675,1.5911992479320696,13
2.5797198491035704,1.434760544117034,13
2.5081281098971604,1.3313258284108331,13
0.0437981467140867,-2.154258644151444,57
-0.04899814046330655,-2.46430382309377,57
-0.08094580364909773,-2.406857345771275,57
0.0025857112244657018,-2.3619330152554694,57
0.04379814818917124,-2.154258642965077,57
-0.04899814046330853,-2.4643038230937604,57
-0.08094580364909788,-2.406857345771275,57
0.0025857098371319404,-2.361933016214709,57
3.2237658934531974,2.058146820232464,0
3.219152183144027,2.034666101837214,0
3.1902093585316678,2.040663400085363,0
3.191855211977693,2.0713043116575784,0
3.1616011752170343,2.0704333607488876,0
3.251931343120576,2.216006423918252,0
3.291529268840695,2.2240281124913834,0
3.2251155095215465,2.1808950318260902,0
3.220373937088341,2.255758477893007,0
3.220250000411296,2.1649242841391625,0
-0.02045794545026742,-2.5084277576702685,57
0.04084727416528831,-2.111569395663427,57
-0.04734880516313626,-2.5131299742252664,57
-0.08421097292769802,-2.4403118667082517,57
-0.053069472771124254,-2.477999167056898,57
-0.020457945450141724,-2.5084277576702196,57
0.04084727426548599,-2.111569395583727,57
-0.0473488051631356,-2.5131299742252646,57
-0.08421097292769812,-2.4403118667082517,57
-0.0530694727711246,-2.4779991670568977,57
2.693073018192762,-1.7580398293103934,42
2.712157509679493,-1.8731546648584678,42
2.7342553096027555,-1.848425053138925,42
2.6169606356715316,-1.8393277088635565,42
2.6930730181927656,-1.758039829310391,42
2.712157509679597,-1.8731546648582644,42
2.734255309603516,-1.8484250531374344,42
2.616960635670304,-1.8393277088659006,42
0.6137323756637469,-4.296273224687651,46
0.6808366475995195,-4.124188409210288,46
0.618403797814205,-4.247636507281935,46
0.8278594603616317,-4.140916818557935,46
0.673803267994055,-4.375210358852872,46
0.4392890938790148,-4.154507864635166,46
0.6210934276048595,-4.0612048132494305,46
0.5146340001887809,-4.08037970679143,46
0.6543642626327764,-4.0548297830364906,46
0.5286293916673502,-4.192973335660303,46
2.7849647741618715,-1.9659814485923384,42
2.7553879572256714,-1.8193800519053338,42
2.721609378597728,-1.8679296632996552,42
2.708493254539486,-1.805047399786622,42
2.678415098861911,-1.8624170850758623,42
2.784964774160723,-1.9659814485943725,42
2.7553879572255964,-1.819380051905508,42
2.7216093785979942,-1.8679296632991205,42
2.708493254539479,-1.8050473997866436,42
2.678415098865914,-1.8624170850680466,42
-2.3073077578171084,2.1328100164027655,42
2.8510087353193834,-2.077142236171859,42
2.8362325479400736,-1.969732906296482,42
2.998973615266743,-2.0772411438003413,42
2.877192137860627,-2.0696334478026706,42
2.9010380253805073,-2.1540380424973655,42
2.8510087363329415,-2.077142234615302,42
2.836232547940024,-1.969732906296566,42
2.9989736152665656,-2.0772411438006375,42
2.8771921378595877,-2.069633447804332,42
0.4268029288428661,-4.022606133532064,46
0.7182678665513142,-4.122754558507986,46
0.3730301893194295,-3.9372917609114313,46
0.7148092264575064,-3.9546866335838264,46
0.3454340067322423,-4.044971188978299,46
0.650904180318006,-3.957520973166724,46
0.36774808979812595,-4.045418992302693,46
0.7578852995399888,-4.121109744853677,46
0.4878053975976766,-4.044958193612652,46
0.7577957347277641,-4.168089135964682,46
0.42680293051893536,-4.022606133390241,46
0.7182677190080471,-4.122754580535752,46
0.37303018095765655,-3.937291761648105,46
0.7148092253614453,-3.9546866337504882,46
0.34543400674232366,-4.044971188977596,46
0.6509041567983953,-3.9575209765110992,46
0.3677480897989748,-4.045418992302629,46
0.757885184038646,-4.121109762877966,46
0.4878053965445324,-4.044958193714688,46
0.7577954950692636,-4.1680891735872505,46
0.07769306726355986,-1.6776403258193866,56
0.12632622084213369,-1.6510387033930503,56
0.023621958365433356,-1.63642663048112,56
0.12180457288744477,-1.6313354459603624,56
0.07769306726356004,-1.6776403258193868,56
0.12632622084213518,-1.6510387033930496,56
0.02362195836543368,-1.6364266304811184,56
0.1218045728874452,-1.6313354459603604,56
2.6885245221260536,0.3367093921954596,8
2.748766859802456,0.21966424197263765,8
2.755760774341632,0.2796311086534721,8
2.7417168915309253,0.3161614292649663,8
2.7460351579547577,0.26087817209461756,8
2.6429516164705844,0.31881057482371755,8
2.773775043567456,0.29862970358473473,8
2.662341820558251,0.2519360692517221,8
2.7215096246428647,0.3310607314096077,8
2.724886842779398,0.23548690063211483,8
0.1807909541108709,-1.7409895983225026,56
-0.0739882817007235,-1.7645472846358277,56
-0.02522354464452175,-1.7019348432680765,56
-0.024673035063180134,-1.6562870931342402,56
-0.01051267476383556,-1.7179764053239825,56
0.1807909541110894,-1.740989598322333,56
-0.07398828170072355,-1.764547284635827,56
-0.025223544644521267,-1.7019348432680748,56
-0.02467303506317953,-1.6562870931342386,56
-0.010512674763835524,-1.717976405323984,56
0.2579273080069959,-1.6773026496645504,56
-0.036856687498962384,-1.6212179737043881,56
0.03176686348998899,-1.534047946510286,56
-0.04326079681087758,-1.5545990882217067,56
-0.011822135652561825,-1.5980242768959563,56
0.2579273080044542,-1.6773026496669847,56
-0.036856687498962204,-1.621217973704388,56
0.03176686348998882,-1.5340479465102868,56
-0.04326079681087758,-1.5545990882217062,56
-0.01182213565256221,-1.5980242768959556,56
2.6157468817117953,0.3134442409556127,8
2.741024327641653,0.28428341122570244,8
2.5861732811946756,0.2347089113123944,8
2.631785443769646,0.20160120003452225,8
2.6620027715140777,0.17152310390422643,8
2.6967113818826833,0.12761979885340444,8
2.7606277361584013,0.20927687096108286,8
2.8559607583043345,0.2842382538361677,8
2.6204585595833096,0.20727517169699883,8
2.783312513256065,0.16186036564004616,8
2.615746881711796,0.31344424095561285,8
2.741024327641654,0.2842834112257025,8
2.5861732811946765,0.23470891131239477,8
2.631785443769647,0.20160120003452214,8
2.662002771514076,0.17152310390422645,8
2.6967113818826833,0.12761979885340444,8
2.760627736158402,0.20927687096108313,8
2.8559607583043327,0.2842382538361687,8
2.6204585595833123,0.20727517169700088,8
2.7833125132560643,0.1618603656400464,8
0.11462789392128751,-2.3044080075981728,55
0.09144188639736409,-2.321587692068613,55
0.09620485987918216,-2.2878779445397526,55
0.12274336697017241,-2.3430704537846765,55
0.11462789392246991,-2.304408007597371,55
0.09144188640279984,-2.321587692064996,55
0.0962048598791267,-2.2878779445397894,55
0.12274336697037938,-2.343070453784543,55
3.308052010874265,0.7078331768727495,2
3.289525839487762,0.6658095702437825,2
3.3361244946997544,0.6765900705658272,2
3.342446447559872,0.7138535505889988,2
3.268412286883233,0.6818781280794417,2
3.28527913947249,0.7526129097219156,2
3.3413554503596576,0.7957760004023736,2
3.2991534794170425,0.6982261443300486,2
3.322961472331271,0.8172012096103746,2
3.2649133684964537,0.7135221119973246,2
0.11516887349049211,-2.2907931933629264,55
-0.019349580821952705,-2.346161182044368,55
0.06276685426693186,-2.3140294780074457,55
0.09028914847388322,-2.3050786016786096,55
0.10015992097345744,-2.2804341090622593,55
0.11516887349235683,-2.290793193361629,55
-0.019349580821663406,-2.34616118204422,55
0.06276685426691658,-2.3140294780074555,55
0.0902891484739019,-2.3050786016785993,55
0.10015992097330481,-2.280434109062367,55
-0.21314144627988474,-1.6850819596350926,60
-0.2926437577886067,-1.992543872656968,60
-0.2351332470360222,-1.6947738388730076,60
-0.27790306815973276,-1.8961317293512232,60
-0.21314160080825528,-1.6850823176697167,60
-0.29264375698068273,-1.9925438707005758,60
-0.23513325074633126,-1.6947738472915417,60
-0.2779030711033074,-1.8961317366452068,60
2.0804997191203607,1.2419877777326078,9
2.055054428871939,1.1979093017659121,9
2.0966748030730167,1.2111749920375032,9
2.0422422398220137,1.2488306944806489,9
2.0504232467214054,1.2183017257077313,9
2.0753264756115937,1.3892654343434716,9
2.166655269636918,1.3592599818349977,9
2.088877492277225,1.2732171945106514,9
2.093761455890975,1.4234524738825973,9
2.1916983949819415,1.264861707768077,9
-0.2182269901315829,-1.7913835482849374,60
-0.28080446559099725,-1.7469392724013175,60
-0.2981696394948216,-1.8306643174264174,60
-0.1816473568643941,-1.492561838345017,60
-0.2661127187680036,-1.739867457812958,60
-0.21822699025806325,-1.7913835485624225,60
-0.28080446670718395,-1.7469392752268407,60
-0.29816963968097654,-1.830664317934091,60
-0.18164733611587802,-1.4925617984344737,60
-0.2661127158145473,-1.7398674503988545,60
-0.0707168884158643,-1.4097732600382402,60
-0.10588202459498654,-1.2469260478245179,60
-0.13493548719600085,-1.437079761663755,60
-0.0718659542989814,-0.9940514625897429,60
-0.14266838473022297,-1.3973387761653018,60
-0.07071688172192442,-1.4097732475862024,60
-0.10588201503286451,-1.2469260213524447,60
-0.13493531448100865,-1.4370794186552818,60
-0.0718659542781747,-0.9940514602499053,60
-0.14266839097482373,-1.397338788981381,60
2.230982994119219,1.3341229673736492,9
2.3203875527453723,1.0920140022508606,9
2.1481118698133534,1.2089746109142174,9
2.1845356064306265,1.1894979791475502,9
2.237064899485407,1.0821941994346354,9
2.3618968808816954,0.8843921747980963,9
2.202020398576574,1.1281770053249631,9
2.2566859495385874,1.2962649546725524,9
2.240055803034604,1.142030101711891,9
2.2570514042874357,0.9603192214211647,9
2.230982994120072,1.3341229673711619,9
2.320387653056896,1.0920137192031134,9
2.148111869804706,1.2089746109438504,9
2.184535606757085,1.1894979780309316,9
2.2370648827217168,1.0821942535998048,9
2.3618968132040776,0.8843924328086326,9
2.2020203978835085,1.1281770076303497,9
2.2566859503514363,1.2962649523164071,9
2.240055802794538,1.1420301024806527,9
2.2570514014552856,0.9603192337402304,9
-0.016621390128784524,-1.6901686409298717,59
-0.03275491505532462,-1.8592754221104004,59
-0.06414010691979743,-1.725349313244126,59
-0.04724928367519734,-1.8571567988629039,59
-0.016621390077138316,-1.6901686408717318,59
-0.032754914862516644,-1.8592754219326912,59
-0.06414010687596443,-1.7253493131827078,59
-0.04724928367598851,-1.8571567988637996,59
2.7843217721230205,1.9306436418752944,1
2.7610023340293663,1.9557662451913265,1
2.8173693201197225,1.9798207861120416,1
2.753784615392532,1.9843979573721753,1
2.7255810459487035,1.9663955780994158,1
2.7605835598850144,2.12461175462228,1
2.802365285476569,2.1397278390642236,1
2.790419873370469,2.136796637868118,1
2.7486209456553596,2.200436444265011,1
2.7872028944412786,2.1422961183301896,1
-0.007598621331620801,-1.946633309913417,59
-0.1369464313192236,-1.817524096900782,59
-0.13008477396565923,-1.9520630738966995,59
-0.055141472762642904,-1.7248311860556527,59
-0.09371244900418797,-1.8887327529228062,59
-0.007598621324687353,-1.9466333099086417,59
-0.136946431324082,-1.8175240969070117,59
-0.13008477396656629,-1.952063073897689,59
-0.05514147206743866,-1.7248311850885865,59
-0.09371244899192631,-1.8887327529091498,59
0.33588349512328,-1.701145057913241,54
0.29680492012533,-1.8619755857206612,54
0.2807687101885404,-1.7774830543552276,54
0.3053805850240184,-1.8086911524165594,54
0.33588349512328053,-1.7011450579132408,54
0.2968049201254084,-1.8619755857205722,54
0.2807687101885393,-1.7774830543552278,54
0.3053805850240171,-1.8086911524165612,54
3.075752726544088,0.9324551054334026,8
3.1068220700786213,0.9403412144493545,8
3.0949701728780687,0.9446364387860284,8
3.136989407586107,0.9739016485758547,8
3.0319755818744687,0.9049076834098844,8
3.0904049932438826,1.0305412549357267,8
3.1819487370704818,1.0608185222355342,8
3.0472886267046144,0.9750849359504018,8
3.153740013545971,1.0864220640355207,8
3.051594762480964,0.9357809100786929,8
0.40781228526993646,-1.8236112424719668,54
0.23022907773826284,-1.7515671931139003,54
0.18960320560076194,-1.874778434104888,54
0.27426506853351,-1.729640201541873,54
0.2505604011926458,-1.7890471727284172,54
0.40781228529059266,-1.823611242445742,54
0.2302290777382625,-1.7515671931138994,54
0.1896032056008585,-1.8747784341047873,54
0.274265068533502,-1.7296402015418824,54
0.2505604011926444,-1.7890471727284192,54
0.48964279764164537,-1.5545354963425537,54
0.2767504695393632,-1.6771193334741419,54
0.33187782276265515,-1.6391030958403414,54
0.24313973186954907,-1.7735146623792417,54
0.26355064580368937,-1.7169289027708068,54
0.48964279764164054,-1.5545354963425588,54
0.27675046953937454,-1.6771193334741294,54
0.3318778227626248,-1.6391030958403783,54
0.24313973186407048,-1.7735146623855447,54
0.26355064580368065,-1.7169289027708166,54
3.1203034554341453,0.941294540085826,8
3.0780471891527346,0.8705950336428157,8
3.0630197856186023,0.8793412950741565,8
2.9261722552214575,0.8050268647684632,8
3.1970414119144284,0.8356537235817444,8
3.0403096244196934,0.7604441793818483,8
3.2884576362054903,0.9256799426855076,8
3.1776439600261415,0.9731915885602721,8
3.0275869235552157,0.817535137121745,8
3.0198285120902657,0.7731438856466366,8
3.1203034554341045,0.9412945400860114,8
3.0780471891526933,0.8705950336430177,8
3.0630197856185934,0.8793412950742,8
2.9261722552214597,0.8050268647684451,8
3.197041411914426,0.8356537235817628,8
3.040309624419705,0.7604441793817683,8
3.288457636205493,0.9256799426855092,8
3.1776439600265625,0.9731915885586991,8
3.027586923555214,0.8175351371217621,8
3.019828512090272,0.7731438856465959,8
0.15043818622884397,-2.5002411042008625,53
0.09874758869104895,-2.479306777731887,53
0.06245757555017482,-2.52117195873507,53
0.14775765821316802,-2.440449676948207,53
0.15043818622884342,-2.500241104200863,53
0.0987475886910485,-2.479306777731887,53
0.062457575550175594,-2.5211719587350685,53
0.1477576582131669,-2.4404496769482065,53
3.5821322655982866,1.3534914421385924,2
3.6310381635701687,1.362657586437104,2
3.60524062305291,1.343128207093136,2
3.6255811964395535,1.3782728619112175,2
3.5260618943288087,1.3431117297571618,2
3.5603840720889735,1.46712355967217,2
3.658006819258366,1.460944030545893,2
3.584407433403658,1.4072076650367196,2
3.616628273903597,1.4938929999671948,2
3.561118735904291,1.3855595382059522,2
0.1177585755104888,-2.5694450823305743,53
0.09650434179753516,-2.443840772822011,53
0.021596986589732196,-2.584344306910718,53
0.04195798745996022,-2.5737130066530445,53
0.0592196448778608,-2.470427642963951,53
0.1177585755104889,-2.569445082330574,53
0.09650434179753421,-2.4438407728220133,53
0.021596986589732057,-2.584344306910718,53
0.04195798745996086,-2.573713006653044,53
0.05921964487786172,-2.470427642963951,53
0.16332892553949407,-1.543758098024091,58
0.026657278008688966,-1.8312378472998097,58
0.10739538925209641,-1.5448181945123196,58
0.058058993748326015,-1.6787505155071742,58
0.163328925542421,-1.543758098020037,58
0.02665727918332816,-1.8312378460209295,58
0.1073953892520872,-1.5448181945123294,58
0.05805899255612759,-1.6787505172853796,58
2.484243724321314,1.4947641084487202,13
2.432601395164578,1.4740681212196627,13
2.401034622565879,1.4528854262984372,13
2.3736840662596657,1.4873008220034392,13
2.359623233940592,1.485906366001053,13
2.490007274612352,1.6246908334216519,13
2.55981852961759,1.6237805830637178,13
2.4514648388403435,1.5183925642428664,13
2.453345764739034,1.6177194919735491,13
2.4981555300342024,1.5065850906360672,13
0.12736829329118607,-1.6961750520526935,58
0.08712832805219364,-1.4886153335228816,58
-0.060810371461282126,-1.7725470579391298,58
0.10184244343270892,-1.4292737509460915,58
-0.022513245324786036,-1.7418908593502216,58
0.12736829663678723,-1.6961750488769851,58
0.08712832805221352,-1.4886153335228505,58
-0.060810371627189205,-1.7725470581157752,58
0.10184244343270421,-1.4292737509460998,58
-0.0225132448148213,-1.7418908587681992,58
0.18795694004331423,-1.29199290259451,58
0.04509734345811962,-1.4304826017908903,58
0.05339881435919536,-1.5279575653915078,58
0.08529152743671305,-1.3115905823835217,58
0.05496103265935389,-1.438489727214509,58
0.1879569400432751,-1.291992902594591,58
0.04509734345666526,-1.430482601792929,58
0.053398813797423755,-1.527957566086936,58
0.08529152743680456,-1.3115905823834084,58
0.05496103265922187,-1.4384897272147257,58
2.590900548526256,1.5875220764866287,13
2.663475226813414,1.4457522769788422,13
2.464664794667064,1.5003102341332684,13
2.3646994459209716,1.4173021690745615,13
2.5653292175768407,1.4309581293918228,13
2.5316219476062933,1.3190707399256445,13
2.627054220005886,1.5208111205802457,13
2.5566093589465044,1.6098839314003262,13
2.5011288420507634,1.4472709489245108,13
2.4354622984762604,1.346023431983884,13
2.590900548418934,1.587522076681049,13
2.6634752272129014,1.445752276167483,13
2.464664794665336,1.5003102341364203,13
2.364699445920599,1.4173021690752905,13
2.5653292175527667,1.4309581294395515,13
2.531621947677023,1.319070739764418,13
2.6270542200134996,1.5208111205658428,13
2.556609358973062,1.6098839313529318,13
2.501128842050513,1.4472709489249727,13
2.4354622984538983,1.3460234320279316,13
0.08122400686068953,-2.0467307973206617,57
-0.003688011682812834,-2.252394096598543,57
0.006780712318613897,-2.144238937998965,57
0.08394012155481412,-2.1259294939729,57
0.08122400683418776,-2.046730797343738,57
-0.003688009216455679,-2.252394094624209,57
0.00678071232798222,-2.144238937991769,57
0.08394012157735421,-2.1259294939564426,57
3.1666930091371697,2.128286334541573,0
3.1194969605705762,2.1311382038435873,0
3.1157483979039706,2.110255672675217,0
3.0834207202641752,2.137684691313521,0
3.061607450242812,2.0953628546861243,0
3.1465516420825783,2.313446074564865,0
3.1615319391926366,2.2917926341800925,0
3.14135020143377,2.2425441873655787,0
3.0961999224803476,2.3102436000138047,0
3.121772284890583,2.226661291950596,0
0.002450166122591738,-2.3473085713444304,57
0.070952179288627,-1.968101907567341,57
-0.08127093418467629,-2.3482345754402663,57
0.0032980839756351393,-2.1815638962626247,57
-0.022819713506590015,-2.26621489312378,57
0.0024501659862495215,-2.347308571441188,57
0.07095217928763485,-1.968101907568215,57
-0.08127093418463255,-2.3482345754402334,57
0.0032980839458657354,-2.18156389628566,57
-0.022819713504785826,-2.26621489312239,57
2.6164459331804677,-1.7423078825775258,42
2.63303566027424,-1.7967886673722056,42
2.7127065139070403,-1.881495424701508,42
2.494033391773979,-1.7250597387097448,42
2.6164459331804686,-1.742307882577527,42
2.6330356602742446,-1.7967886673721982,42
2.7127065139070368,-1.881495424701519,42
2.4940333917739808,-1.7250597387097422,42
0.5894094249323911,-4.330437319925849,46
0.645866662476108,-4.065283429762707,46
0.5957335154140389,-4.219183160455258,46
0.80788955502329,-4.041628045915834,46
0.6378753879499698,-4.329076269877584,46
0.4087193884443697,-4.161261354143081,46
0.5820547601149004,-3.9419116506395677,46
0.5102895524647952,-4.047451468461749,46
0.6147210745546254,-3.936875479417378,46
0.5728549034673875,-4.144156537934957,46
2.6947857645272375,-2.0567651690181896,42
2.7041467355458004,-1.8216726015074332,42
2.688254329622809,-1.8534683983923999,42
2.7386111038459906,-1.8907695138208669,42
2.6248259786699077,-1.861633949458829,42
2.6947857645294073,-2.056765169014995,42
2.7041467355458066,-1.821672601507429,42
2.688254329622812,-1.8534683983923914,42
2.7386111038459258,-1.8907695138209855,42
2.6248259786707435,-1.8616339494572958,42
2.847075388856046,-2.180065055247259,42
2.771309876046436,-2.132758685397476,42
2.805209364747017,-1.9941693159486256,42
2.9769999789771213,-2.1286212943615137,42
2.8618039336586545,-2.1112251390403545,42
2.8470753888559974,-2.180065055247332,42
2.7713098760468533,-2.132758685396896,42
2.8052093647467613,-1.994169315949039,42
2.9769999789771933,-2.1286212943614045,42
2.861803933655686,-2.1112251390448096,42
0.5243626623329275,-4.058480846618303,46
0.7327182996169074,-4.002641423811959,46
0.4238899533385866,-3.9234159119989345,46
0.76108949590018,-3.8405671694570604,46
0.4252658726569981,-4.039777716346554,46
0.7309823047266283,-3.8944834878502648,46
0.4343266145905578,-4.084420678386579,46
0.7895489522348316,-4.033648953196127,46
0.5113735277266396,-4.018313972703833,46
0.8344974746805167,-4.0571674591169105,46
0.5243626592492734,-4.05848084693986,46
0.7327183128622656,-4.00264142177564,46
0.4238899533380383,-3.9234159119989926,46
0.7610894960686115,-3.8405671694291916,46
0.4252658726491857,-4.039777716347208,46
0.7309823054220457,-3.8944834877405423,46
0.4343266337886816,-4.084420676796506,46
0.7895487917250446,-4.03364897921882,46
0.5113735243489737,-4.01831397304499,46
0.8344978168940701,-4.05716739959082,46
-0.7187386244406648,-1.2449815315427917,62
-0.6955981905739653,-1.251812101898284,62
-0.70804420503405,-1.12594605900409,62
-0.6906703106689054,-1.2064297195032345,62
-0.7187386244406639,-1.2449815315427937,62
-0.6955981905739644,-1.251812101898285,62
-0.70804420503405,-1.125946059004089,62
-0.6906703106689056,-1.2064297195032345,62
2.2299122170427075,0.5537120977395579,6
2.2841497227532184,0.44754708792752335,6
2.3282099999661576,0.47501843887194534,6
2.3506357511433476,0.4810468668563758,6
2.2896492545993423,0.41671239621391354,6
2.143093291996765,0.5003490811558802,6
2.2576645395434958,0.4466570178634416,6
2.158718061527216,0.4257367620326788,6
2.2380770722831627,0.44528967293437666,6
2.1835237548687636,0.36891734771246215,6
-0.5637995675130387,-1.4299660020773988,62
-0.7410525104758998,-1.2872675974986005,62
-0.7225451447357758,-1.2383417648595239,62
-0.6907500517352579,-1.0634227810667836,62
-0.6592427724980715,-1.169168705977495,62
-0.5637995675130385,-1.429966002077399,62
-0.7410525104758996,-1.2872675974986,62
-0.7225451447357765,-1.2383417648595256,62
-0.6907500517352577,-1.0634227810667845,62
-0.6592427724980716,-1.1691687059774938,62
-0.622710818358021,-1.3771797677370294,62
-0.7587024315140349,-1.2097020688323896,62
-0.6917862888205669,-1.220647556916018,62
-0.6661465085221054,-1.091449683863579,62
-0.6714244827970766,-1.2171923008517433,62
-0.6227108183580206,-1.3771797677370283,62
-0.758702431514035,-1.20970206883239,62
-0.6917862888205668,-1.2206475569160185,62
-0.6661465085221056,-1.0914496838635792,62
-0.6714244827970766,-1.2171923008517438,62
2.132003225632603,0.3955263801122543,6
2.262452334056304,0.22286409964377882,6
2.155817957529345,0.36517583056230807,6
2.1819218562183087,0.22225698721391096,6
2.17669525691333,0.2568878954390698,6
2.1620506061252946,0.11356276247571713,6
2.239647481106025,0.3038826166387626,6
2.362506242341163,0.16865957387281647,6
2.0951034766765266,0.3031926546362135,6
2.226162962585804,0.10115378026708273,6
2.132003225632602,0.39552638011225477,6
2.262452334056305,0.2228640996437785,6
2.155817957529347,0.3651758305623076,6
2.1819218562183096,0.22225698721391085,6
2.1766952569133298,0.2568878954390699,6
2.1620506061252964,0.11356276247571707,6
2.2396474811060245,0.3038826166387629,6
2.3625062423411616,0.1686595738728166,6
2.0951034766765275,0.3031926546362134,6
2.226162962585803,0.1011537802670825,6
-0.755465725320324,-1.8346657569956202,61
-0.7124424928129385,-1.8936044263513938,61
-0.7342178364226829,-1.7125833411798241,61
-0.6698880140969764,-1.8232129249862867,61
-0.7554657253203235,-1.834665756995619,61
-0.7124424928129375,-1.8936044263513947,61
-0.7342178364226832,-1.7125833411798237,61
-0.6698880140969768,-1.8232129249862863,61
2.7989170125884986,0.9890238380166583,3
2.8056304054285075,0.8897239542889079,3
2.8742947176613542,0.9587213943399748,3
2.85523652533462,0.8936952196679884,3
2.7637551435070558,0.844171578006623,3
2.7427556283605865,0.9187721234454086,3
2.7674441781072914,0.9366439705914152,3
2.712649980416792,0.8989885891699556,3
2.7661230450394774,0.9326340663405073,3
2.6846194277927196,0.8838278121024317,3
-0.7605276308909596,-1.903203001938404,61
-0.8163773184811729,-1.7667985581253547,61
-0.7436696668515325,-1.8038174942109637,61
-0.7401934674934166,-1.6666317776633448,61
-0.6793206203244494,-1.7234705970890027,61
-0.7605276308909603,-1.903203001938402,61
-0.8163773184811729,-1.766798558125356,61
-0.7436696668515321,-1.8038174942109628,61
-0.7401934674934163,-1.6666317776633457,61
-0.6793206203244494,-1.7234705970890032,61
-1.7057393346610352,0.4324696780565252,68
-1.7432833151423395,0.4613780280035628,68
-1.589325879843603,0.46613595671761715,68
-1.7010452173074733,0.47166746065835435,68
-1.7057393347620253,0.4324696784492433,68
-1.7432833171867803,0.46137803517782633,68
-1.5893258798434038,0.4661359567158822,68
-1.7010452172249368,0.47166746026873674,68
0.9914329204016655,1.5166412487195045,11
0.8392947906266401,1.4234762796254194,11
0.9768246106958294,1.4365929320564972,11
0.9167261956407848,1.4480972585724174,11
0.8980255704908298,1.3648239057517817,11
0.9681098101677353,1.5681637820784244,11
0.8698050793606552,1.5067854454619651,11
0.8899869713724403,1.4635975206033107,11
0.8111515968099401,1.5055422141530057,11
0.8056029568856028,1.3494317709795403,11
-1.401362488793397,-0.18230383832445116,68
-1.6703586692927352,0.26118858615755675,68
-1.8040637349694448,0.5000725632427574,68
-1.5019295778974326,0.427822285357214,68
-1.5832873600522783,0.36944248953530323,68
-1.4013625015976159,-0.182303790016473,68
-1.6703586704395523,0.26118859041090764,68
-1.804063734972631,0.5000725632508589,68
-1.5019295778906974,0.42782228531961786,68
-1.5832873611167828,0.36944249411756425,68
-1.3496717848195456,-0.02666873268115724,68
-1.429123966953481,0.19669373591947611,68
-1.6659669758111364,0.36696546836280797,68
-1.3851652248266533,0.2697556188089722,68
-1.4872186729068009,0.16923635815971472,68
-1.3496717848057609,-0.026668732722588396,68
-1.429123966953208,0.19669373591858708,68
-1.6659669819941458,0.36696549522147276,68
-1.3851652267206085,0.2697556238502795,68
-1.4872186731805812,0.16923635888841398,68
0.8736941735487848,1.3992064284720591,11
1.0018191184333942,1.2354780680543451,11
0.7566798414221645,1.371259915481934,11
0.8074856620510199,1.2642240293892177,11
0.8269436913532285,1.155458277695388,11
0.888093010626615,1.0169548984934458,11
0.8044601577125952,1.2625704921364929,11
0.9431225391963906,1.3590728258228606,11
0.8361050704675228,1.2733753441261102,11
0.7962744500101209,1.05668582645272,11
0.8736941735487848,1.3992064284720598,11
1.001819118433284,1.2354780680543997,11
0.756679841422164,1.3712599154819332,11
0.8074856620510028,1.2642240293892244,11
0.826943691353229,1.155458277695388,11
0.8880930106266132,1.0169548984934462,11
0.8044601577125938,1.2625704921364929,11
0.9431225391964979,1.359072825822818,11
0.8361050704675225,1.2733753441261115,11
0.7962744500101231,1.0566858264527215,11
-1.1079704203555492,-0.9355612392989716,67
-1.044579025472908,-0.9190211284309013,67
-1.0239316499255033,-0.7364742001392364,67
-1.085912523293915,-1.0350719575564675,67
-1.1079704203528427,-0.935561239312189,67
-1.0445790255244443,-0.9190211281653174,67
-1.0239316499245779,-0.7364742001433248,67
-1.085912523176498,-1.035071957918674,67
1.9170228604356627,2.2315450043393494,1
1.8324244639000613,2.190253472832641,1
1.8943107501880994,2.191543863685552,1
1.8902893324610086,2.2134587973389377,1
1.8388706485038602,2.1312607937097443,1
1.937088682302399,2.362731288663836,1
1.8770657335355931,2.34900278949725,1
1.8802537819791119,2.3454708287481867,1
1.87302887267047,2.392856865343627,1
1.8156325875205892,2.2827012791635406,1
-1.0724588866888396,-1.1788571127788683,67
-1.1698752171623201,-0.9558259919309953,67
-1.0842730548123884,-0.9110133533287464,67
-1.065886611234744,-0.6636253561276172,67
-1.060695149868967,-0.9422367109214881,67
-1.0724588879134218,-1.1788571098489582,67
-1.1698752171567948,-0.9558259919529648,67
-1.0842730545288952,-0.911013354938737,67
-1.0658866114200374,-0.663625355650641,67
-1.0606951498761803,-0.9422367108858614,67
-0.3474469161297296,-1.1278664736451078,64
-0.37507716123735874,-1.2512140188187753,64
-0.3670348997841303,-1.060649368148934,64
-0.35102727909721715,-1.1558316635911603,64
-0.34744691612972883,-1.1278664736451076,64
-0.37507716123735874,-1.2512140188187753,64
-0.36703489978413095,-1.0606493681489346,64
-0.35102727909721704,-1.155831663591161,64
2.384575419452114,1.4716673292744848,7
2.4307778635923403,1.341261405851727,7
2.4272961454836732,1.3800338095508429,7
2.4649745971095256,1.3389584196491615,7
2.4017734232335086,1.2671781446781953,7
2.3616321459758614,1.3954453065969952,7
2.441349425490744,1.3822967458740139,7
2.37780327102031,1.300582766182155,7
2.4317186313530166,1.3915805351282642,7
2.3858837985688193,1.1982558871362397,7
-0.2837764604934068,-1.360731004120249,64
-0.4208018146825617,-1.1318275235431468,64
-0.40033865874881025,-1.2469434783367632,64
-0.34665497255480077,-0.9705742823200619,64
-0.3161087428121309,-1.1269274607448763,64
-0.2837764604934074,-1.3607310041202485,64
-0.42080181468256267,-1.1318275235431459,64
-0.4003386587488102,-1.2469434783367639,64
-0.3466549725548009,-0.9705742823200614,64
-0.3161087428121306,-1.1269274607448772,64
-0.27332597061873987,-1.191197691667084,64
-0.4617468910203144,-1.0413961042001785,64
-0.3829930826888612,-1.1439262977546105,64
-0.3830905270220753,-0.986647915151392,64
-0.35842662769690836,-1.072065692852385,64
-0.2733259706187394,-1.1911976916670837,64
-0.4617468910203144,-1.041396104200179,64
-0.38299308268885424,-1.1439262977545697,64
-0.38309052702207447,-0.9866479151513918,64
-0.35842662769690825,-1.0720656928523855,64
2.324725360860915,1.1993920091423085,7
2.49505589310536,1.0309664860773526,7
2.3249872837143077,1.2143143347487755,7
2.2989676423784298,1.0264601380285827,7
2.4138761041544994,1.0378647761786626,7
2.292032149219654,0.8094343007666591,7
2.4713601042528714,1.124405935423631,7
2.5479564553405027,1.0792612871522225,7
2.2435408025770154,1.0302272348472228,7
2.335035944868478,0.8526197579276809,7
2.3247253608668994,1.1993920091302097,7
2.495055893105405,1.0309664860772039,7
2.3249872835917986,1.2143143349919163,7
2.2989676423782313,1.0264601380292147,7
2.4138761041545242,1.0378647761785924,7
2.292032149219653,0.8094343007666607,7
2.471360104252999,1.1244059354233344,7
2.5479564553405036,1.0792612871522211,7
2.243540802576998,1.0302272348472696,7
2.3350359448684754,0.8526197579276814,7
-0.5608600168446279,-2.0513576193585896,63
-0.5428431739178552,-2.1541313517195175,63
-0.5535242809079186,-1.958939081795666,63
-0.507514645982086,-2.0870239126876173,63
-0.5608600168446278,-2.05135761935859,63
-0.5428431739178475,-2.154131351719514,63
-0.5535242809079184,-1.9589390817956642,63
-0.5075146459820861,-2.0870239126876164,63
3.036837637049,1.703617710072257,4
3.06670447276168,1.636829213840504,4
3.057082299906816,1.6798843167712123,4
3.0705201799727537,1.659150227314912,4
2.998828959369698,1.6415663813235437,4
3.033785929498275,1.7648506900379592,4
3.0290246749209837,1.7630879658733236,4
3.0056957405604794,1.7117068516240144,4
3.0529300858589776,1.7724806844359509,4
2.9652833792144815,1.6777392901847041,4
-0.4875429523898188,-2.333217095735354,63
-0.6249279227007862,-2.00477802521105,63
-0.5528971478670541,-2.131034142993778,63
-0.5471982257657017,-1.91510419458422,63
-0.49768005057819065,-1.9727081411100076,63
-0.48754295238981904,-2.3332170957353564,63
-0.6249279227007865,-2.00477802521105,63
-0.5528971478670541,-2.1310341429937782,63
-0.5471982257657012,-1.9151041945842182,63
-0.49768005057819065,-1.9727081411100076,63
-0.7810345476663115,-0.6669224802397572,66
-0.8152384820032195,-0.8102981819020102,66
-0.7662186026984787,-0.543584239950888,66
-0.8021090026642385,-0.6520523863599672,66
-0.7810345476583381,-0.6669224803247318,66
-0.8152384813474973,-0.8102981546323996,66
-0.7662186027044675,-0.5435842399054851,66
-0.8021090036259106,-0.6520523778478133,66
1.5870100001882017,1.8639227083852519,14
1.4979201065307575,1.809867734689958,14
1.5228608189357742,1.7830017078535632,14
1.468391591662705,1.8024553806958805,14
1.4825666009957832,1.776796496713978,14
1.6101957903700208,1.939685019387196,14
1.5230559280185425,1.9256951567164304,14
1.4959336255328388,1.8081292456879714,14
1.4332185881015915,1.8805861695713106,14
1.464336839339394,1.792032532990812,14
-0.6604706193506845,-1.3343656988156714,66
-0.7650304092047856,-0.6870368646420909,66
-0.8173454083516711,-0.8181536528577706,66
-0.732091585720532,-0.4068575938791914,66
-0.7633217049447861,-0.6781190211904552,66
-0.6604705469522373,-1.3343662861547458,66
-0.765030409206365,-0.68703686462887,66
-0.8173454194407505,-0.818153915437103,66
-0.7320915857218883,-0.4068575938739916,66
-0.7633217051531256,-0.6781190194984823,66
-0.7228407629892412,-0.6937148270443348,66
-0.8626770708414914,-0.3850906047406691,66
-0.9251166373395326,-0.609132734603116,66
-0.7916941627274741,-0.35462781698707746,66
-0.78876181477466,-0.5905381697838173,66
-0.7228407629891924,-0.6937148270447859,66
-0.8626770708405341,-0.3850906047436315,66
-0.9251166322170777,-0.6091327550656802,66
-0.7916941627273908,-0.35462781698738227,66
-0.7887618147706446,-0.5905381698185854,66
1.5374729872140858,1.8345868900665956,14
1.6503664017602129,1.6627753584406675,14
1.4384840022477003,1.8174487720110153,14
1.431828341450126,1.6329227515366562,14
1.4610213226204394,1.6823545709044996,14
1.49926415295778,1.460227391419798,14
1.5279740475197783,1.7756061088354014,14
1.5879780842221616,1.7879035412979754,14
1.4374681527325115,1.6675846357155033,14
1.418011819782254,1.4677878955489183,14
1.5374729872140847,1.834586890066596,14
1.6503664017602127,1.6627753584406681,14
1.4384840022476992,1.8174487720110162,14
1.4318283414501263,1.6329227515366553,14
1.46102132262044,1.682354570904498,14
1.4992641529577804,1.4602273914197983,14
1.527974047519779,1.7756061088354005,14
1.587978084222163,1.7879035412979756,14
1.4374681527325102,1.667584635715502,14
1.418011819782255,1.4677878955489152,14
-0.8014056138850444,-1.423986260451155,65
-0.8086312313025812,-1.618172941078544,65
-0.8066791246975581,-1.3234783753280113,65
-0.7967017643437664,-1.5826417752269983,65
-0.8014056138850855,-1.4239862604510816,65
-0.8086312312340894,-1.618172941205141,65
-0.8066791246057244,-1.3234783755382162,65
-0.7967017643580933,-1.5826417752062683,65
2.2928926101360774,2.4877510342569877,0
2.1995909641014535,2.45048975130643,0
2.2279698787100064,2.4271976868469625,0
2.218212557702427,2.4442421062990873,0
2.1968760502770115,2.392213164917329,0
2.3366286593705574,2.5817899784650025,0
2.285521764930866,2.5801330260596633,0
2.2753700486318897,2.537153663735196,0
2.245084207256264,2.5905537649253074,0
2.207104497674903,2.5045172295688665,0
-0.75150185990716,-2.019413705924258,65
-0.8522069055715621,-1.36767276634414,65
-0.8050337494498683,-1.5466282618431837,65
-0.8191757195664279,-1.284488976137865,65
-0.76804287804748,-1.4926693953053973,65
-0.7515018599071593,-2.019413705924257,65
-0.852206905568882,-1.3676727663486334,65
-0.8050337494383147,-1.5466282618596565,65
-0.8191757192581071,-1.284488976942638,65
-0.7680428780465702,-1.4926693953066406,65
1.9376573612060295,-1.7227396024289976,43
2.0650170010760087,-1.6802727945584932,43
2.0586014494856264,-1.7604595991531504,43
1.9372720793851304,-1.6441275391302521,43
1.937657361206031,-1.722739602428997,43
2.0650170010760056,-1.6802727945584957,43
2.058601449485626,-1.7604595991531486,43
1.937272079385131,-1.6441275391302526,43
1.354422792778928,-3.412361262365029,51
1.5443743602555784,-3.143753891762416,51
1.3913797096468037,-3.237852106598638,51
1.6265577548789825,-3.13385629307223,51
1.4173872029223171,-3.421093788752656,51
1.4630756634849607,-3.238181883891874,51
1.5661682197013165,-3.0790514769236683,51
1.5416718245548278,-3.1168046352756416,51
1.661577814087603,-3.063931754774501,51
1.5097937367598397,-3.341898975330277,51
1.9545869150251054,-1.7009249258116073,43
1.9719265785355498,-1.6905652520419783,43
1.9292081450689957,-1.6231223194287019,43
1.9850085907008828,-1.7287228350595225,43
1.886914031618013,-1.6884647588682409,43
1.9545869150251056,-1.7009249258116073,43
1.9719265785355498,-1.6905652520419787,43
1.929208145068996,-1.6231223194287014,43
1.985008590700882,-1.7287228350595223,43
1.8869140316180122,-1.6884647588682402,43
2.1152240262559405,-1.8670983452347312,43
1.975419025621613,-1.894577203373769,43
2.0201497800706085,-1.7731806773684777,43
2.1799559106316018,-1.964819977134678,43
2.039778604033028,-1.8161899699136865,43
2.115224026255939,-1.8670983452347307,43
1.9754190256216129,-1.8945772033737698,43
2.020149780070608,-1.7731806773684782,43
2.1799559106316013,-1.964819977134678,43
2.0397786040330286,-1.8161899699136879,43
1.3977557476073235,-3.218754061543793,51
1.4638117937375192,-3.271539395527394,51
1.4075021734534858,-3.091616948982108,51
1.589045230483684,-3.0783898327849784,51
1.404249348848563,-3.0715045000389454,51
1.6397014317415528,-3.063983598067797,51
1.3384464076243154,-3.1494730357875356,51
1.657512856931077,-3.1174625758088013,51
1.5081958153455488,-3.1303716344480157,51
1.6378551497792533,-3.19671812880862,51
1.397755747988589,-3.2187540613856296,51
1.4638117945313127,-3.2715393951985132,51
1.4075021738164248,-3.0916169488249357,51
1.5890485474338534,-3.0783881984442862,51
1.4042493492386503,-3.0715044998617067,51
1.6397014326433952,-3.0639835976069327,51
1.338446406433724,-3.14947303625849,51
1.6575076845476386,-3.117465262384165,51
1.5081958060414902,-3.1303716387533287,51
1.6378551552400582,-3.1967181261104125,51
-0.84052766701187,-1.2864511762149606,62
-0.7664679244596884,-1.19040952493088,62
-0.7970037978880375,-1.131293583119043,62
-0.7651231730688992,-1.1913659631038183,62
-0.84052766701187,-1.2864511762149582,62
-0.7664679244596875,-1.190409524930881,62
-0.7970037978880381,-1.1312935831190436,62
-0.7651231730688994,-1.1913659631038194,62
1.9057429191421547,0.40495488650439937,6
1.9653576114898164,0.2682054680443217,6
1.984504648133298,0.27804491383338237,6
2.0042586110962106,0.2781893734563741,6
1.9952580665447932,0.23996378043969077,6
1.8258687117744052,0.4113595378569166,6
1.8994574566454085,0.3255541536362275,6
1.8151131719151994,0.3246178994673141,6
1.8981163338320584,0.32822570549251334,6
1.8537254482959047,0.2492343727652971,6
-0.666697096623338,-1.347992859701279,62
-0.8532109392733375,-1.3816723285113328,62
-0.8111656039889917,-1.2103308879468555,62
-0.7937529578353465,-1.0693895766932522,62
-0.7427527195082819,-1.176134763710011,62
-0.6666970966233386,-1.3479928597012798,62
-0.8532109392733374,-1.381672328511334,62
-0.8111656039889917,-1.2103308879468548,62
-0.7937529578353464,-1.0693895766932513,62
-0.7427527195082817,-1.176134763710011,62
-0.6997254264535082,-1.4409522299750273,62
-0.8809030551872207,-1.2199115575352055,62
-0.8145189263016458,-1.1833325614608403,62
-0.7888849463468323,-1.0605711075874367,62
-0.7945214102327001,-1.2217305630221407,62
-0.6997254264535085,-1.4409522299750288,62
-0.8809030551872205,-1.219911557535206,62
-0.8145189263016456,-1.1833325614608412,62
-0.7888849463468327,-1.0605711075874373,62
-0.7945214102327,-1.2217305630221402,62
1.8494596166283281,0.3111938315667609,6
1.9908920737239166,0.1648914561724501,6
1.8688795289514395,0.2554764444543462,6
1.8546945820006007,0.1473908316079954,6
1.9064716993035482,0.1315006299175906,6
1.8215367788066241,0.04178311329865497,6
1.9439516451929961,0.19226275133561088,6
2.0717800143237137,0.13567812705850227,6
1.7914402572452088,0.22558480203263337,6
1.8715839143458592,0.05601641343392649,6
1.8494596166283268,0.3111938315667608,6
1.9908920737239184,0.1648914561724501,6
1.868879528951439,0.2554764444543462,6
1.8546945820005984,0.14739083160799515,6
1.9064716993035495,0.13150062991759057,6
1.8215367788066228,0.041783113298654986,6
1.9439516451929957,0.19226275133561105,6
2.071780014323713,0.13567812705850246,6
1.7914402572452095,0.22558480203263337,6
1.8715839143458592,0.05601641343392644,6
-0.8800237564138886,-1.679865669743526,61
-0.8053717680577702,-1.6699047311178403,61
-0.8841938454265851,-1.6149318160769872,61
-0.7766703400788552,-1.6518364192169361,61
-0.8800237564138903,-1.6798656697435257,61
-0.8053717680577709,-1.6699047311178399,61
-0.8841938454265855,-1.6149318160769857,61
-0.7766703400788549,-1.6518364192169364,61
2.4929872008999805,0.6978039723251525,3
2.432284409500009,0.6096777917952404,3
2.4775996466523247,0.6304685143681563,3
2.4650235143129144,0.6042708394473448,3
2.383905640039359,0.5888339604937933,3
2.442226162718372,0.7288843519189709,3
2.363267030144093,0.709973990945753,3
2.371520475457067,0.6542569195307995,3
2.361537727461673,0.6981460988396773,3
2.2776024658780356,0.6453724233336885,3
-0.8073687530140988,-1.6831200047628236,61
-0.9136508830042176,-1.7172623704812089,61
-0.8600279965693732,-1.6045948368572542,61
-0.9032054600501234,-1.5667961716731973,61
-0.7788623627386598,-1.576015902305179,61
-0.8073687530140987,-1.6831200047628243,61
-0.913650883004217,-1.7172623704812093,61
-0.8600279965693738,-1.6045948368572542,61
-0.9032054600501231,-1.566796171673197,61
-0.7788623627386603,-1.5760159023051774,61
-1.9002125836973245,0.36321877565993127,68
-1.8312545721334526,0.32226258786977263,68
-1.8072858845106514,0.32141565621987045,68
-1.8309455215009687,0.30000070908368104,68
-1.9002125836753763,0.3632187755426125,68
-1.8312545721514397,0.32226258796365403,68
-1.8072858845039923,0.32141565618865414,68
-1.8309455214949621,0.3000007090515018,68
0.6226329213901606,1.3871245687053972,11
0.502601774029512,1.3016675188698177,11
0.5889493785309704,1.310634240512404,11
0.5581778191491236,1.3273505214396955,11
0.5575226590214364,1.2511967524929721,11
0.6375454499510795,1.4473574035222856,11
0.5589536565933454,1.3375646241610926,11
0.5677051033457503,1.3256754569856983,11
0.5032038503923622,1.3622646386314934,11
0.5456654265151635,1.2147129799581151,11
-1.4396022937253876,-0.1162007470925379,68
-1.8181715935159302,0.13636000121069028,68
-1.8339793711176402,0.2635744131240563,68
-1.6878876341441598,0.24590332535281378,68
-1.673052559594236,0.1737002560137769,68
-1.4396022937156325,-0.11620074712488873,68
-1.81817159359175,0.13636000148293992,68
-1.8339793711409702,0.26357441323720315,68
-1.6878876341444302,0.2459033253539691,68
-1.6730525595962515,0.1737002560242662,68
-1.5176207199850942,0.04917843317565401,68
-1.7591307584072216,0.18023579695378125,68
-1.7711242102623996,0.3385189992294266,68
-1.6194870027077204,0.1759040102123043,68
-1.5988362462730348,0.07237893298031595,68
-1.5176207199849612,0.049178433175220596,68
-1.7591307583991176,0.18023579690295646,68
-1.7711242102620008,0.3385189992263185,68
-1.6194870027077823,0.17590401021269544,68
-1.598836246273043,0.07237893298035378,68
0.6112597309246864,1.3315408758453373,11
0.6962111588614419,1.1529195962231458,11
0.4871438550938213,1.3180983310875372,11
0.4354066275896802,1.220359122584574,11
0.4951297245645939,1.110439829537494,11
0.580186895460104,0.9576705941119044,11
0.48910870763089753,1.2305915670799685,11
0.6204702716254691,1.2256974268570469,11
0.546041218689048,1.1816027542272234,11
0.5279664773629168,0.9901283810548996,11
0.6112597309246864,1.3315408758453364,11
0.6962111588614424,1.1529195962231458,11
0.4871438550938215,1.3180983310875363,11
0.4354066275896749,1.2203591225845751,11
0.49512972456459453,1.110439829537494,11
0.5801868954601037,0.9576705941119061,11
0.4891087076308974,1.2305915670799683,11
0.6204702716254783,1.2256974268570442,11
0.5460412186890484,1.1816027542272238,11
0.5279664773629122,0.990128381054901,11
-1.3177278862433972,-0.7412285416911385,67
-1.221284961686652,-0.7181312471178574,67
-1.2708459659489388,-0.636525890083405,67
-1.209422899904967,-0.7997672400816517,67
-1.3177278862434432,-0.7412285416909853,67
-1.2212849616861716,-0.7181312471199991,67
-1.2708459659489506,-0.6365258900833709,67
-1.2094228999054835,-0.799767240079742,67
1.6468640599743871,2.095600887134007,1
1.5590375471802114,2.0477758777122252,1
1.6214091245917528,2.074018552546244,1
1.618004073224721,2.0543610824338185,1
1.5551043584600164,1.9441661203162006,1
1.6557490198524771,2.24760880717528,1
1.5867134488668102,2.177554466719812,1
1.6254221242632312,2.194402495918768,1
1.5984213209458815,2.2056300161813587,1
1.5507396631770995,2.090364581613879,1
-1.1962323629429137,-0.7587915256870699,67
-1.3521841744755214,-0.9065879974496922,67
-1.2805265647743298,-0.6118202617123774,67
-1.2873692397032968,-0.561320721269685,67
-1.214655364913347,-0.7178757626373191,67
-1.196232362941966,-0.7587915256906304,67
-1.3521841744768037,-0.9065879974458118,67
-1.280526564774639,-0.6118202617112369,67
-1.2873692397032965,-0.5613207212696847,67
-1.2146553649129126,-0.7178757626391989,67
-0.5904364197120725,-1.1372575478086264,64
-0.5544484806187293,-1.1527689040757438,64
-0.6094896226806938,-1.0978789267325229,64
-0.537959711842666,-1.1229762352692134,64
-0.5904364197120723,-1.1372575478086269,64
-0.5544484806187294,-1.1527689040757434,64
-0.6094896226806936,-1.0978789267325233,64
-0.537959711842666,-1.1229762352692136,64
2.1339389305170298,1.3448449737992751,7
2.0879816881494344,1.2003006229551498,7
2.0529222937375753,1.193238348416684,7
2.073759819101025,1.1660233469009769,7
2.0582802967328684,1.0807077696806742,7
2.0935715391074368,1.3312452438596627,7
2.0886260736233218,1.2546650853699723,7
2.034891812736669,1.1625582832038674,7
2.0536018289091356,1.2409280370699847,7
2.0388403249366704,1.0628414469534753,7
-0.42289905238096154,-1.2880307858737534,64
-0.6325525874061586,-1.205293380821452,64
-0.5876872229489578,-1.0917140747714607,64
-0.6127632905240588,-0.9830599015295741,64
-0.5105034658576808,-1.071855848084119,64
-0.42289905238096154,-1.2880307858737534,64
-0.6325525874061587,-1.205293380821452,64
-0.5876872229489573,-1.0917140747714604,64
-0.6127632905240588,-0.9830599015295742,64
-0.5105034658576806,-1.0718558480841183,64
-0.43062571864480453,-1.1106552405395156,64
-0.6664805024466247,-1.0641481701543254,64
-0.5740840453170952,-1.0386156901325467,64
-0.6248513072976891,-0.9895682288271568,64
-0.5490393420097568,-1.0622755701854416,64
-0.4306257186448044,-1.1106552405395156,64
-0.6664805024466245,-1.064148170154324,64
-0.574084045317096,-1.0386156901325463,64
-0.6248513072976887,-0.9895682288271567,64
-0.5490393420097561,-1.0622755701854416,64
2.0079289683693187,1.049120777591799,7
2.1929842322536355,0.8545537376661771,7
1.9851915543325196,1.0327822133051108,7
2.0143302350131287,0.8517617384919345,7
2.008580920042942,0.9177872555167543,7
2.024059604222253,0.71222757936533,7
2.0770563173910417,1.0238948484789043,7
2.2128773668532964,0.984556243709044,7
1.9502214328021241,0.8850259444036345,7
2.0397039670258605,0.7254765669118672,7
2.0079289683692294,1.0491207775920923,7
2.192984232253602,0.854553737666271,7
1.9851915543330723,1.0327822133030877,7
2.0143302350131207,0.8517617384919617,7
2.008580920042952,0.9177872555167241,7
2.0240596042222525,0.7122275793653291,7
2.0770563173893373,1.023894848484655,7
2.212877366849268,0.9845562437185876,7
1.9502214328021257,0.8850259444036356,7
2.0397039670258605,0.725476566911867,7
-0.686167533747757,-1.852902756216709,63
-0.6592257397996769,-1.931864209749609,63
-0.7181968803919203,-1.8392855458751463,63
-0.623000334130019,-1.8869082597618543,63
-0.6861675337477567,-1.85290275621671,63
-0.6592257397996774,-1.9318642097496086,63
-0.7181968803919189,-1.8392855458751454,63
-0.6230003341300187,-1.8869082597618543,63
2.781343700557134,1.6755886518180947,4
2.7910152462353377,1.5671911425915839,4
2.788150495278238,1.5704100007856259,4
2.7779300874936834,1.5590291405284542,4
2.7526131553981266,1.5042791775813458,4
2.6791399333287713,1.7535220840372303,4
2.779244000056233,1.6411848703877683,4
2.7267656883441242,1.6107083689510118,4
2.717598617216173,1.6716297121961787,4
2.7206655944236906,1.5358521576902973,4
-0.5781612169008156,-2.028083768115743,63
-0.7584022485309517,-1.8496752756586756,63
-0.6891333291440191,-1.863003724389163,63
-0.7128762336573665,-1.7569414281771818,63
-0.6268667924589981,-1.7886124046978225,63
-0.5781612169008179,-2.0280837681157404,63
-0.758402248530952,-1.8496752756586732,63
-0.6891333291440191,-1.8630037243891633,63
-0.7128762336573665,-1.756941428177183,63
-0.626866792458998,-1.788612404697824,63
-1.0674276243466527,-0.6313593276157787,66
-1.081846840884322,-0.4912129320253679,66
-1.0457998728518096,-0.4237467457273032,66
-1.0563961241390076,-0.46821049537506154,66
-1.0674276243464513,-0.6313593276164401,66
-1.081846840886633,-0.4912129320165445,66
-1.0457998728518128,-0.4237467457273051,66
-1.0563961241390496,-0.46821049537491133,66
1.164912203198327,1.7474013373725508,14
1.0463310919449054,1.6441184893500633,14
1.0613587071626216,1.605048859113321,14
1.0374039778268926,1.6270005087123331,14
1.0459332664125707,1.5879458288522559,14
1.1548456411072217,1.8431789402518766,14
1.107672774619246,1.7304963223178462,14
1.0502898150718376,1.6655906466257866,14
1.0077994690757601,1.6977525539518723,14
1.026701919977689,1.5928797384434887,14
-0.8684600364553812,-0.8318586211425906,66
-1.0448219266600183,-0.5534515282196534,66
-1.100463543354437,-0.44444614739746374,66
-1.0140751671357804,-0.3415915281583044,66
-0.9992315379920734,-0.3911436815748439,66
-0.8684600364548254,-0.8318586210997474,66
-1.0448219266600007,-0.5534515282196985,66
-1.100463543354227,-0.4444461473983065,66
-1.014075167135782,-0.3415915281583045,66
-0.9992315379920954,-0.39114368157478635,66
-0.8791842625149033,-0.5949342462377839,66
-1.1772507342012368,-0.42842269525880916,66
-1.1361918440325107,-0.3571156987310395,66
-1.0762184572207,-0.3710591622543543,66
-1.018541208199565,-0.4374995516699275,66
-0.8791842625149191,-0.5949342462377095,66
-1.1772507342012382,-0.42842269525881455,66
-1.1361918440324872,-0.3571156987311698,66
-1.076218457220696,-0.3710591622543539,66
-1.018541208199565,-0.4374995516699254,66
1.2124869086061236,1.7106595101448647,14
1.3143182502177142,1.5288206625741552,14
1.1046436266370572,1.6489935953586217,14
1.1047547565684845,1.4946704267816877,14
1.0625970967434617,1.507339693845558,14
1.1317150358384827,1.2798608326813765,14
1.1361705071938915,1.6683575122781338,14
1.213087218226523,1.6698908411450188,14
1.0673010919302293,1.5069629954291268,14
1.041673220080249,1.3259268283018477,14
1.2124869086061234,1.7106595101448665,14
1.314318250217714,1.5288206625741514,14
1.1046436266370563,1.6489935953586223,14
1.1047547565684865,1.4946704267816877,14
1.062597096743462,1.5073396938455577,14
1.1317150358384835,1.2798608326813767,14
1.1361705071938926,1.6683575122781358,14
1.213087218226524,1.6698908411450184,14
1.0673010919302302,1.5069629954291275,14
1.0416732200802483,1.3259268283018473,14
-1.0425911837944346,-1.1325117544424985,65
-1.0279957399337614,-1.25430180918984,65
-1.077215549951228,-1.1340568109624598,65
-0.9977121309469771,-1.2765508394436782,65
-1.0425911837944344,-1.132511754442499,65
-1.0279957399100166,-1.2543018092624236,65
-1.0772155499512412,-1.1340568109624183,65
-0.9977121309402224,-1.2765508394650884,65
1.932290871937681,2.3834859946204245,0
1.8595881729266264,2.3175075658999273,0
1.8732591823355358,2.2922511145168687,0
1.8718995992881833,2.3187716587739984,0
1.847135770831295,2.2249014393247886,0
1.9187475452437164,2.481163654570893,0
1.9125302824446502,2.445743500286917,0
1.9079538299147023,2.3975643668210305,0
1.8906195638916243,2.442192706046646,0
1.8711372737245966,2.3142061216026453,0
-0.9810509608088055,-1.5849095725841862,65
-1.061069506047548,-1.1938931387093847,65
-1.0453290880610964,-1.151605015992331,65
-1.0497766156236361,-1.0277735604107177,65
-0.977320058261837,-1.1416339532366326,65
-0.9810509606877313,-1.5849095729002955,65
-1.061069506047548,-1.1938931387093847,65
-1.0453290880612223,-1.1516050159918587,65
-1.0497766156236341,-1.0277735604107219,65
-0.9773200582634146,-1.1416339532282347,65
2.1094460954500023,-1.7112875158830396,43
2.178050028594881,-1.5890627996110924,43
2.222733601873703,-1.7111987205804455,43
2.073805315841631,-1.584485131606537,43
2.1094460954500036,-1.7112875158830392,43
2.178050028594881,-1.5890627996110926,43
2.2227336018737036,-1.7111987205804442,43
2.073805315841631,-1.5844851316065378,43
1.2369684971236317,-3.2493144217080663,51
1.4041067583571887,-2.973278527516194,51
1.3281185257744104,-3.114649240650195,51
1.5291448000458567,-3.006248498448102,51
1.3363663965046766,-3.307922411125619,51
1.352344300151008,-3.0211077805349635,51
1.4901910769838127,-2.815787403533782,51
1.4690894800237413,-2.8599196214941776,51
1.5796388332711018,-2.836346380975007,51
1.487039033320881,-3.080391245119932,51
2.1510423404788788,-1.701804853115358,43
2.12868011934931,-1.680201259027542,43
2.093552443606866,-1.5747386583531335,43
2.1671584050411106,-1.7064526425522686,43
2.0676376484582333,-1.6913430617529956,43
2.1510423404788783,-1.7018048531153576,43
2.128680119349312,-1.680201259027542,43
2.0935524436068653,-1.574738658353134,43
2.1671584050411097,-1.7064526425522686,43
2.067637648458231,-1.6913430617529972,43
2.2811864734466947,-1.7426411780142177,43
2.2077275992524044,-1.796228846250883,43
2.228833864404959,-1.6542288395927638,43
2.380965510710948,-1.8083990919446182,43
2.279233289898315,-1.739582658905297,43
2.281186473446695,-1.742641178014219,43
2.2077275992524052,-1.796228846250885,43
2.2288338644049586,-1.6542288395927638,43
2.3809655107109506,-1.808399091944612,43
2.279233289898316,-1.7395826589052996,43
1.3367735995606747,-3.100590109781942,51
1.4198611779399641,-3.11721302224944,51
1.3163098399217419,-2.9545850800435356,51
1.5874397639849323,-2.9124814860911497,51
1.3562418242193728,-2.8836094265247683,51
1.5693153083270257,-2.8331826200763057,51
1.270147793424021,-2.9477846895276465,51
1.6923014539046388,-2.9522874183653878,51
1.4581967582307747,-2.981870676769644,51
1.641620039515766,-3.02035603861852,51
1.3367735996082617,-3.1005901097613795,51
1.4198606853557079,-3.1172132422772205,51
1.316309839931658,-2.9545850800388997,51
1.5874401776483764,-2.9124812652809524,51
1.3562418242370708,-2.883609426515807,51
1.569315308359535,-2.8331826200582557,51
1.2701477934245795,-2.947784689527385,51
1.692301453903402,-2.952287418366076,51
1.4581967580555455,-2.9818706768539163,51
1.6416200357998025,-3.0203560405649434,51
-2.0491046306755756,1.0626000154926403,62
-1.877378170318116,0.89306030746809,62
-2.0232036786161802,1.043965369399495,62
-1.9739901314676147,0.9455645496055023,62
-2.0491046306756475,1.0626000154922992,62
-1.877378170069604,0.8930603070710627,62
-2.023203678616377,1.0439653694122324,62
-1.9739901317048298,0.9455645531854509,62
1.8264982240875391,0.4464534713457678,5
1.947448986580926,0.15038048371352444,5
1.998590595881549,0.1965249059213514,5
1.8405218976755369,0.1941407539224392,5
1.8396096858090092,0.0864278065976624,5
1.8992710053243005,0.3025968996834073,5
1.9316788391458313,0.19628058241719673,5
2.047336705846917,0.1254799967867426,5
1.9269897228019999,0.1555952972603935,5
1.9618748319475294,0.10949791797617235,5
-1.6845343929554324,0.8350580387516905,62
-2.150261313878549,1.0462494384300636,62
-1.8117884953300887,0.6982208459737452,62
-1.9201397345678597,0.9502681746271487,62
-1.7888709161542151,0.8355966588842936,62
-1.6845343930067282,0.8350580388221966,62
-2.1502613053658033,1.0462494671044111,62
-1.8117884955716357,0.6982208441790881,62
-1.9201397345681397,0.9502681746281837,62
-1.78887091615774,0.8355966588902327,62
-1.524441498351348,-0.8762295571938993,61
-1.4306418766842162,-0.6861089981457504,61
-1.5902665995256757,-0.4232004068327649,61
-1.4123339564259845,-0.6089599876136065,61
-1.524461500174024,-0.8761832622400882,61
-1.430642116552223,-0.6861084067020471,61
-1.5902321859516464,-0.4233543821923623,61
-1.4124354744871008,-0.6086808418558091,61
2.9637223483267694,1.2688883716134194,3
2.868407896256679,0.9681993135344468,3
3.0814357046108665,0.3127005677229002,3
2.9040778070311273,0.4962373933397033,3
2.493442966409392,1.719591633332012,3
2.565682883870679,1.9128155625320586,3
2.9799795900577664,0.3967033654957676,3
3.1042656533156827,0.28641418765199134,3
2.979840483527688,0.36709150044673655,3
2.8729079471176577,0.8532568746614141,3
-1.0484756390011705,-0.8876121021901151,61
-1.676995488233645,-0.712497220996111,61
-1.572412450287773,-0.38199017726030665,61
-1.5630363354540304,-0.164333679916414,61
-1.4099595131956906,-0.31281212827067456,61
-1.0484756389178553,-0.8876121024148723,61
-1.6775006436917494,-0.7113210192545004,61
-1.5724133568957492,-0.3819852856121223,61
-1.5630375827901801,-0.16432822647561302,61
-1.4099593438200342,-0.31281317937331704,61
-2.3791169961192353,1.5638531241962768,68
-2.33103274729264,1.4591120333757626,68
-2.3935177117116346,1.5708167129832569,68
-2.4244716738590806,1.5143400611724607,68
-2.379116996119237,1.5638531241962759,68
-2.331032747292642,1.4591120333757632,68
-2.3935177117116346,1.5708167129832562,68
-2.4244716738590792,1.514340061172461,68
-0.4580813799562141,3.042508314303379,10
-1.0785348959734138,2.7802128701953452,10
-0.9658282699084949,2.832584797797059,10
-0.8972587946964695,2.7078011109199176,10
-0.9929012536476958,2.5449323536587647,10
-0.2795921541694827,3.085573476045308,10
-0.28636409437688437,3.0012852048819023,10
-0.4456114296891913,3.102986998475954,10
-0.5895516381669504,2.906789472051106,10
-0.465118971105184,2.92267960035795,10
-2.1824069685371468,1.3341703644495175,68
-2.4243942255230695,1.5565737770008188,68
-2.3196143062064016,1.4297340295695753,68
-2.3478156026118304,1.562866914714689,68
-2.36259782076463,1.5140688049231819,68
-2.1824069685371477,1.3341703644495189,68
-2.4243942255230686,1.5565737770008181,68
-2.3196143062064025,1.4297340295695748,68
-2.3478156026118304,1.562866914714688,68
-2.3625978207646283,1.5140688049231816,68
-2.0181249354178714,0.8795755430205559,67
-1.9878154617483352,0.8937392125130835,67
-2.025378693637104,0.9038377188443831,67
-2.0435104839177396,0.8763100381051464,67
-2.018124935417871,0.879575543020556,67
-1.987815461748337,0.893739212513084,67
-2.025378693637105,0.903837718844382,67
-2.0435104839177396,0.8763100381051464,67
1.385643383195363,3.385259737349321,1
1.3112259564293691,3.380878418390354,1
1.3122612780908995,3.367716406313682,1
1.3096884640858448,3.292627097846774,1
1.332762030988958,3.2543208294433374,1
1.4018886156426031,3.4638859949220073,1
1.3681235932256917,3.4246388320831387,1
1.4346361073766618,3.438139592974129,1
1.2849273367681509,3.4213034605365125,1
1.343568509467966,3.363139351538019,1
-1.8018926441612313,0.7657063873337707,67
-2.06912837371851,0.8823069759888068,67
-1.9859825269076647,0.8885175133759354,67
-1.9956156621121428,0.9363215140659465,67
-1.9213789588382546,0.9070248405598538,67
-1.8018926441612322,0.7657063873337712,67
-2.0691283737185104,0.8823069759888073,67
-1.985982526907665,0.8885175133759357,67
-1.9956156621121433,0.9363215140659461,67
-1.9213789588382566,0.907024840559855,67
-1.2895769370958519,0.5876272730326181,64
-1.1645360015315098,0.4604095073801761,64
-1.302196666939464,0.5164678675749156,64
-1.194957068952252,0.4175440966268605,64
-1.28957693707303,0.5876272730020636,64
-1.164536001530517,0.46040950737885666,64
-1.3021966669929756,0.5164678676501246,64
-1.1949570689569544,0.4175440966348883,64
1.406835397098791,1.6020724535093376,12
1.4625111160523998,1.4811392271597872,12
1.5068458208976772,1.5117838755024167,12
1.4725564362679655,1.4488544170242095,12
1.388487024821627,1.3883046947345572,12
1.4679216110460618,1.649001811091893,12
1.5391966850833672,1.687596133474924,12
1.551687259146342,1.6289372838086809,12
1.5249348899935398,1.6581149904807968,12
1.5165810910863444,1.6533318939043118,12
-1.1796244191136567,0.5659444657540639,64
-1.2956084636155423,0.5087723416084647,64
-1.1896726689397359,0.398879037564087,64
-1.2544379274436084,0.47431323970341277,64
-1.1840638589342363,0.41107597853535793,64
-1.1796244190820715,0.5659444657185673,64
-1.2956084636561893,0.5087723416660329,64
-1.1896726689397132,0.398879037564047,64
-1.2544379274436357,0.4743132397034584,64
-1.184063858934202,0.4110759785352972,64
-1.4900417152561183,-0.20759325663232556,63
-1.2140297974184755,-0.138774138868408,63
-1.4118382840471861,-0.1939448902289611,63
-1.2334876935113088,-0.2286937126752844,63
-1.490020563794226,-0.20773740730883555,63
-1.2140296250556504,-0.1387718339789836,63
-1.4118382867384724,-0.19394485153576685,63
-1.2334853217325024,-0.22867751259352304,63
2.1763363760039183,2.2769183260900685,4
2.1826552423017955,2.207831015397637,4
2.180284539310646,2.2048906598602236,4
2.1901274180173864,2.1853868486427452,4
2.1579354478711417,2.189540077272571,4
2.1527038873132542,2.140909473302849,4
2.1561395123867406,2.2362796555320514,4
2.183760859467096,2.1272596588954182,4
2.11494092220138,2.1981588078160796,4
2.1465980561186284,2.1681811390540044,4
-1.1246020580587568,-0.15977492043082467,63
-1.604284417174529,-0.25596438764173207,63
-1.4072132675468638,-0.22432631076017626,63
-1.4576699295041489,-0.12588429742635954,63
-1.2930772034178086,-0.19364174315539143,63
-1.1246016915784822,-0.1597680702919528,63
-1.6042220608751854,-0.25630697745650954,63
-1.4072133625904741,-0.22432513017923544,63
-1.4576699556550001,-0.12588380627018964,63
-1.2930747579755852,-0.19362365857942176,63
-1.7974882097593736,1.1262360074649493,66
-1.757113942757671,1.0519406973729089,66
-1.8199026787082422,1.099261075058469,66
-1.8468953040818075,1.1013300840001443,66
-1.7974882097593725,1.1262360074649502,66
-1.7571139427576714,1.0519406973729077,66
-1.8199026787082417,1.09926107505847,66
-1.846895304081809,1.1013300840001456,66
0.22199301052115789,2.7360271903774502,12
0.1355106381330951,2.686627908583457,12
0.15814593642423633,2.6223732552721257,12
0.10806435271071958,2.63678740704281,12
0.007911199702633457,2.5994004742199808,12
0.40551993991059265,2.7642298018232934,12
0.39421576166487876,2.852682268471644,12
0.4461628741479675,2.7625056264314747,12
0.21363444525846143,2.806533674419733,12
0.2281674259251662,2.825033052584745,12
-1.8894438366741146,1.120061658850054,66
-1.7837917966615744,1.0713342635574745,66
-1.7599518621574044,1.0154336491027423,66
-1.7843013612346434,1.0961785452913748,66
-1.824163366790143,1.1202069351483925,66
-1.8894438366741142,1.1200616588500527,66
-1.7837917966615744,1.0713342635574745,66
-1.759951862157406,1.0154336491027431,66
-1.7843013612346434,1.096178545291375,66
-1.824163366790142,1.1202069351483925,66
-1.7176493549934073,0.6778230336847784,65
-1.5969328704640213,0.7096310945285439,65
-1.6921526463348942,0.625390263105149,65
-1.6430337179929797,0.6596440107231206,65
-1.7176493549934067,0.6778230336847785,65
-1.5969328704640233,0.7096310945285409,65
-1.6921526463348933,0.6253902631051496,65
-1.6430337179929786,0.6596440107231211,65
1.37509131596722,3.1512885813307663,1
1.368919011852695,3.1057379360431026,1
1.3496694090880077,3.0718832593210776,1
1.3410698101103729,3.082145279437112,1
1.323652343726214,3.0473027292811037,1
1.4144378039817753,3.140756772969974,1
1.3687660266463935,3.200528184972072,1
1.4113552311088728,3.138761442765032,1
1.3081470900731222,3.182836008697343,1
1.3519018618640937,3.1258032831607223,1
-1.779499020984845,0.8007797066366505,65
-1.7115819488180286,0.5853643211792675,65
-1.6214689830720028,0.6397554019336388,65
-1.7327314057654994,0.6712853767301707,65
-1.6233598451876279,0.6991737025397127,65
-1.7794990209848074,0.800779706636732,65
-1.7115819488180288,0.5853643211792676,65
-1.6214689830720013,0.6397554019336387,65
-1.7327314057654997,0.6712853767301714,65
-1.6233598451876263,0.6991737025397116,65
2.117709217849297,-1.457238835207593,44
2.3594490521370144,-1.3636716591881226,44
2.315843606924626,-1.3749925108428585,44
2.173465524099262,-1.3522140326986358,44
2.117709217849297,-1.457238835207593,44
2.359449052137014,-1.363671659188123,44
2.3158436069246267,-1.3749925108428585,44
2.1734655240992624,-1.352214032698636,44
1.994753622124236,-2.814102319696195,52
2.0319387138362033,-2.5603625377898194,52
2.0291789068301274,-2.6418375271413055,52
2.1024491052392804,-2.6082389853268966,52
2.0375435785121874,-2.842516155978009,52
1.9671667746581842,-2.777037702635878,52
-2.362161601402954,1.897174888982289,52
2.1260602424442703,-2.769839494455053,52
2.10022341794727,-2.657328542499332,52
2.098221778049031,-2.7670727682540224,52
2.2029221976082773,-1.3881894525911647,44
2.220867447410371,-1.373004325332947,44
2.3209658346599613,-1.2636807332085784,44
2.317438304230368,-1.302570974578091,44
2.1509232072318176,-1.307888469739221,44
2.2029221976082733,-1.3881894525911629,44
2.22086744741037,-1.3730043253329507,44
2.3209658346599618,-1.2636807332085798,44
2.3174383042303672,-1.3025709745780893,44
2.150923207231817,-1.307888469739221,44
2.4402128162568624,-1.3454164050294826,44
2.1976448790426955,-1.2264631360137592,44
2.434378094799676,-1.2258624358012888,44
2.4998073561176497,-1.2794275099634838,44
2.3293809161856354,-1.2120549147067616,44
2.4402128162568624,-1.3454164050294815,44
2.1976448790426955,-1.2264631360137592,44
2.434378094799677,-1.2258624358012897,44
2.4998073561176475,-1.2794275099634838,44
2.329380916185636,-1.2120549147067619,44
2.063500374361133,-2.751942423927992,52
2.198431854362534,-2.8536646417557905,52
2.0422129375999223,-2.6037084330563256,52
2.1842057907244308,-2.6733880312529443,52
2.0893696859879296,-2.5708469249886394,52
2.2705594159466873,-2.6623332676711686,52
1.9666036175442572,-2.4989430011896765,52
2.346119889575709,-2.787442046160574,52
2.1560316227890453,-2.6822444718594842,52
2.26075315025455,-2.7772340811899534,52
2.063500374136023,-2.751942424104166,52
2.198431854370903,-2.85366464174919,52
2.0422129376008575,-2.6037084330555174,52
2.184205790724554,-2.673388031252842,52
2.089369685987787,-2.5708469249887673,52
2.270559415945931,-2.662333267671826,52
1.9666036175447312,-2.4989430011892195,52
2.3461198895832913,-2.7874420461542373,52
2.156031622787439,-2.682244471860846,52
-2.5659866921228525,2.080150316865257,52
-2.00448938108134,1.051677903196622,62
-1.7673959820480685,0.9301313008281393,62
-1.919662410129618,1.0124802977391618,62
-1.8848967051481722,0.9713371528161807,62
-2.0044893810810254,1.0516779031951828,62
-1.7673959820502099,0.9301313008302383,62
-1.91966240954127,1.012480296620112,62
-1.8848967051207213,0.97133715277766,62
1.7229700975804725,0.39153729139786897,5
1.777717529154484,0.16878556021771962,5
1.8674225321722637,0.20641900214066777,5
1.7558628521296864,0.20891634821409785,5
1.7290049995269579,0.12052892164428523,5
1.7593008506014078,0.30008379043845296,5
1.8129692312224663,0.21949123919844565,5
1.8712218541180294,0.15687184858957168,5
1.815628392494805,0.16811111310183097,5
1.8526418079531028,0.11982165778578115,5
-1.5563459130391457,0.8128418869253785,62
-2.110209720042759,1.0382868449116796,62
-1.7079203452416905,0.756064608625982,62
-1.8339723708308329,0.9316475757502825,62
-1.7284784400486282,0.8680285184644778,62
-1.5563459130728179,0.8128418869596218,62
-2.110209722750012,1.0382868378250893,62
-1.7079203452198515,0.7560646085448351,62
-1.8339723708359519,0.9316475757559628,62
-1.7284784400517177,0.8680285184676626,62
-1.6679062887983622,-0.4388659053472907,61
-1.4744050390266696,-0.30996496018615366,61
-1.5626619318748067,-0.36727058468694246,61
-1.4612664521569625,-0.3099971951852799,61
-1.667906077624887,-0.4388666404637227,61
-1.4743672242331691,-0.31021341669136565,61
-1.5626782607599357,-0.36718214937305693,61
-1.4612694409976954,-0.3099772175347869,61
2.9119506654182357,0.701005433732532,3
2.81220672511357,0.3375337499832825,3
2.9523595135626497,0.2735692787260188,3
2.857840940841581,0.3254177481723303,3
2.787599179807935,0.3843859915533257,3
2.9730012750491066,0.392062277107018,3
2.840385580374017,0.4268084456915243,3
2.971659692717884,0.2583918218090323,3
2.8368275681967323,0.4213973149568321,3
2.8056619066282504,0.39345845454780576,3
-0.9882935868015346,-0.6642710674628556,61
-1.64319965215962,-0.7188409211971515,61
-1.516520989395468,-0.23923691616371984,61
-1.5445259834209157,-0.1343869949687706,61
-1.3891937749381773,-0.27175339272378635,61
-0.9882936182799793,-0.6642710084169551,61
-1.6431801605906122,-0.7188871722778694,61
-1.5165193955807976,-0.2392476136350498,61
-1.5445402087417246,-0.13431712225973522,61
-1.389196944960679,-0.2717309379703116,61
-2.356171265155516,1.5221138562022418,68
-2.291339812278174,1.4701110032832,68
-2.3506575861366543,1.501738038330003,68
-2.3742509554641047,1.5063731331909365,68
-2.356171265155516,1.522113856202242,68
-2.291339812278173,1.4701110032831994,68
-2.350657586136654,1.5017380383300014,68
-2.3742509554641047,1.5063731331909347,68
-0.18327602106155047,2.746111116091313,10
-0.5187943786045333,2.5476225131528136,10
-0.45272744381884755,2.582659625802559,10
-0.45334528784260614,2.4837669630821844,10
-0.5656311312588688,2.3091008085225084,10
0.02287831825926257,2.8596855513472024,10
-0.029288736545064226,2.7552593974866393,10
-0.04309219768678149,2.8202864774262553,10
-0.3138945468592823,2.672536135737445,10
-0.34095734227366303,2.6681382576009915,10
-2.1627257615987876,1.3287698157777073,68
-2.4305003404348455,1.5371817940134012,68
-2.2683054654911623,1.4302179632790388,68
-2.3210871622104174,1.5085781039548671,68
-2.3239435446439036,1.4885471979794547,68
-2.1627257615987867,1.3287698157777075,68
-2.430500340434845,1.537181794013402,68
-2.2683054654911623,1.4302179632790384,68
-2.3210871622104188,1.5085781039548676,68
-2.323943544643904,1.488547197979455,68
-2.057336406806919,0.9768354271374258,67
-2.044509823303232,1.0490183187527,67
-2.0570804611044586,0.9715859456518012,67
-2.0873036593105003,1.019185920030741,67
-2.0573364068069178,0.9768354271374255,67
-2.0445098233032324,1.0490183187527,67
-2.05708046110446,0.9715859456518012,67
-2.0873036593105065,1.0191859200307418,67
1.4759245321723802,3.2015144794839054,1
1.4147754623545759,3.171549424895555,1
1.4376408725489043,3.1898727120155272,1
1.4286049934815357,3.1274818913802442,1
1.3936332111987821,3.079029333338901,1
1.4937716084657218,3.286208584845239,1
1.441481950320981,3.2767669659348613,1
1.5190185964264833,3.251046783419805,1
1.3913987487355264,3.276621107404698,1
1.4028965552755177,3.2256880265889643,1
-1.8190049588776591,0.8308943861675923,67
-2.1248920187010065,0.9360790833981144,67
-2.0103590995223084,1.014491857842054,67
-2.0155469982691634,0.9655094949385381,67
-1.9715902024951604,1.0004030072635222,67
-1.8190049588776591,0.830894386167592,67
-2.1248920187010043,0.9360790833981154,67
-2.010359099522309,1.0144918578420545,67
-2.0155469982691634,0.9655094949385381,67
-1.9715902024951595,1.0004030072635213,67
-1.2740915297565663,0.5588064362239047,64
-1.1110314224409237,0.4642553588469623,64
-1.2646898908280009,0.4834446600659111,64
-1.1503837491266788,0.44173417080912586,64
-1.274091529756459,0.5588064362237565,64
-1.1110314224411404,0.4642553588472444,64
-1.2646898908259392,0.48344466006277437,64
-1.1503837491269888,0.44173417080957234,64
1.4511407206288058,1.4221376499806258,12
1.489470823263461,1.2881879818165054,12
1.4958861529948473,1.3346362058250978,12
1.4932608490718224,1.2962961134332067,12
1.4273653485262874,1.2365234584980906,12
1.4933521258743314,1.4523086520102544,12
1.5623465005029922,1.4955852437219872,12
1.5675887365862518,1.385516582910276,12
1.5364142623059016,1.448722841932872,12
1.5311823082629263,1.408179421324414,12
-1.0756491340551886,0.5408885061362517,64
-1.273104812254559,0.4695058264604452,64
-1.1523960091352652,0.4170752886436539,64
-1.2010824330370085,0.44627068450971885,64
-1.135628846039699,0.4122272780822233,64
-1.0756491340550818,0.5408885061361303,64
-1.2731048121946211,0.4695058263640884,64
-1.1523960091352343,0.41707528864360544,64
-1.2010824330368008,0.44627068450937546,64
-1.1356288460395811,0.41222727808205134,64
-1.5421964155602144,-0.07320730780585188,63
-1.2490093359040058,0.07367161652093528,63
-1.462054348228377,-0.17377833314537103,63
-1.282326196894512,0.00388922613524615,63
-1.5421956792368323,-0.07321252295787586,63
-1.2490093890050582,0.07367313050809669,63
-1.4620547013734362,-0.17377486520778201,63
-1.2823263541516083,0.0038814332785615285,63
2.1870293381857997,2.156010609352538,4
2.198361018081367,2.0773470870076762,4
2.2040395431809103,2.0828460443447705,4
2.218992409404791,2.0895540309368896,4
2.191666291914161,2.08998165758573,4
2.140699399213782,2.0214316724688444,4
2.189857086990284,2.1465153113075166,4
2.1709176128106322,2.020635634957318,4
2.1375461873834967,2.1032543213401134,4
2.1494146597026647,2.061396829774616,4
-1.0761633847922742,-0.002571672478762852,63
-1.6282822083375046,-0.2398449071634892,63
-1.3551893107599846,0.0056077436028179415,63
-1.486828860579567,-0.15124007316438254,63
-1.2807539572620181,-0.021694033248107928,63
-1.0761633237736739,-0.002575556598561099,63
-1.6281410823251414,-0.2405973612515861,63
-1.3551919139637127,0.005597911879207795,63
-1.4868286542383833,-0.15124226336410376,63
-1.2807547354906486,-0.021704677725321482,63
-1.864940483668829,1.1411078222014603,66
-1.770193391275944,1.0505135888231156,66
-1.8198116614368756,1.0674150739506305,66
-1.8636267787357783,1.1061763650035803,66
-1.864940483668829,1.1411078222014597,66
-1.7701933912759424,1.0505135888231152,66
-1.819811661436879,1.0674150739506298,66
-1.8636267787357759,1.1061763650035807,66
0.39252592602497155,2.5748401739610047,12
0.29350256679308345,2.489780814723928,12
0.3169979352718995,2.434493305640844,12
0.2593437700014686,2.467530368853011,12
0.10398748740074606,2.436479737210666,12
0.5242261105529132,2.614094290348841,12
0.548669159716183,2.6866225740851672,12
0.5289973187310227,2.5930896096273797,12
0.4113852219946645,2.639564075416604,12
0.4116214457177408,2.6490030076081856,12
-1.8742932519444018,1.1186192165049507,66
-1.8331253899033213,1.0649283489025743,66
-1.7551766959355424,1.0247121556715895,66
-1.7880527918081905,1.0592056409220902,66
-1.831873955786464,1.1222459679928734,66
-1.8742932519444035,1.1186192165049513,66
-1.8331253899033222,1.0649283489025745,66
-1.755176695935541,1.024712155671589,66
-1.7880527918081897,1.0592056409220902,66
-1.831873955786464,1.1222459679928718,66
-1.8604687539037026,0.7869023586445452,65
-1.7048766711735666,0.7992836061197239,65
-1.8392172078651903,0.6864890507868949,65
-1.7582132503985488,0.7829832508305956,65
-1.8604687539037021,0.7869023586445443,65
-1.7048766711735688,0.7992836061197245,65
-1.8392172078651894,0.686489050786895,65
-1.7582132503985488,0.7829832508305952,65
1.4092938358734068,3.030241189058823,1
1.4011400921450337,2.985751163513607,1
1.3896525230471708,2.947091217356417,1
1.3903882906625062,2.9586684879672362,1
1.369689756804944,2.932371385552354,1
1.432787604570063,3.0073866863546286,1
1.425540222989088,3.0806910777705037,1
1.437610648669747,3.0085917087995004,1
1.3789657975092897,3.0693853535921742,1
1.3968246882470234,3.019702140299492,1
-1.891535197237349,0.9423015705353821,65
-1.844507766658939,0.6509263130157278,65
-1.76950054440042,0.7969328441444216,65
-1.8495057565459287,0.7089762398987481,65
-1.7411347808521358,0.8335734563042249,65
-1.8915351972373475,0.9423015705354152,65
-1.844507766658938,0.6509263130157275,65
-1.7695005444004208,0.7969328441444216,65
-1.8495057565459287,0.7089762398987469,65
-1.7411347808521362,0.8335734563042251,65
2.1742107861701743,-1.4701210933855482,44
2.4132671483042296,-1.3906862424630062,44
2.375782566887513,-1.4020485243188572,44
2.206733434646133,-1.3256440172193404,44
2.1742107861701743,-1.4701210933855486,44
2.413267148304229,-1.3906862424630055,44
2.375782566887513,-1.4020485243188583,44
2.2067334346461336,-1.3256440172193413,44
1.8867772884853447,-2.936292917611642,52
1.9572065040167814,-2.6077043266457047,52
1.948680728402145,-2.7112547318395332,52
2.023277511055387,-2.6851932201580797,52
1.9859185995616615,-2.9577683845615637,52
1.852901280557404,-2.7963603516371376,52
1.9981551833332751,-2.6883390283456885,52
2.05979695911296,-2.801183585227377,52
2.015791427956585,-2.667777200243231,52
2.050509672603112,-2.8116582504684353,52
2.2831916466415993,-1.4260787825759482,44
2.2653139571842575,-1.3925703069800583,44
2.415207987949177,-1.2913206142055087,44
2.368400183233675,-1.296263394173115,44
2.1996277651593203,-1.3037096285171956,44
2.2831916466416042,-1.4260787825759458,44
2.265313957184258,-1.392570306980058,44
2.415207987949177,-1.2913206142055091,44
2.3684001832336756,-1.296263394173116,44
2.19962776515932,-1.3037096285171967,44
2.4816645269112736,-1.3648064960036106,44
2.2753926449001804,-1.262556021680721,44
2.523410641083305,-1.2925824160680983,44
2.577481581581414,-1.3298585419690923,44
2.3842107471136793,-1.2297436709280551,44
2.4816645269112736,-1.364806496003611,44
2.27539264490018,-1.2625560216807215,44
2.5234106410833053,-1.2925824160680979,44
2.577481581581413,-1.3298585419690925,44
2.384210747113679,-1.2297436709280551,44
1.993970907942375,-2.774960752549455,52
-2.769609989830548,1.9584277642981212,52
1.9213839603635288,-2.6280287929276023,52
2.1337892811003187,-2.719120661402132,52
1.9983254349768589,-2.59196495016618,52
2.1811527365043233,-2.686441207244472,52
1.9239576561826417,-2.5821941745092842,52
2.318923603806483,-2.8724734933329428,52
2.046028286000427,-2.700494788711789,52
2.187071222060967,-2.818131962664687,52
1.9939709079433658,-2.774960752548724,52
2.108669142073397,-2.938282156763909,52
1.9213839603798861,-2.628028792914493,52
2.1337892811025574,-2.7191206614002974,52
1.9983254349878998,-2.5919649501565716,52
2.1811527365043837,-2.68644120724442,52
1.9239576561961864,-2.5821941744977206,52
2.3189236039493037,-2.872473493217612,52
2.0460282859959613,-2.7004947887153588,52
-2.5924653391416004,2.04304049259242,52
-1.4516426320434481,0.43802758290439625,62
-1.1917940410339238,0.26726703435857974,62
-1.342612023827962,0.3535641009691803,62
-1.2636428090326715,0.3043233164693444,62
-1.4516413735884137,0.43802368334842595,62
-1.1917940410030263,0.2672670342707712,62
-1.3426119953680227,0.3535639942120194,62
-1.263642809127051,0.30432331676085667,62
1.7692452764033142,0.2799548329043581,5
1.8211855442494458,0.06417123611901555,5
1.8233477076116509,0.11866590864451047,5
1.825095007614619,0.10419175379283709,5
1.854434533193506,0.0672385056178821,5
1.75834468237748,0.22343070968175127,5
1.7658375559146022,0.13070597841290935,5
1.853829082502968,0.040018993763231696,5
1.76434462437183,0.13043739231322324,5
1.8245022567257876,0.06999835429887032,5
-1.0145521675692861,0.21230981765233062,62
-1.593797774637851,0.403925134829087,62
-1.1400087939379313,0.17543476416636386,62
-1.2773021372585047,0.4025836396364557,62
-1.111479460764626,0.2541705055154619,62
-1.0145521677067428,0.21230981792097817,62
-1.5938055858793478,0.40395837806003754,62
-1.1400087939346246,0.1754347641542629,62
-1.2773021369607138,0.40258363888300713,62
-1.1114794607069094,0.2541705053748638,62
-1.2214602047262924,-0.3409624310901598,61
-0.9972369844195446,-0.2812246111521529,61
-1.1548990434839363,-0.30872571824290296,61
-1.0268619659123008,-0.2547995394681418,61
-1.2214601414023887,-0.3409617555351129,61
-0.9972368109996165,-0.2812251398474156,61
-1.1548992438654662,-0.30872763320749025,61
-1.0268618730583599,-0.25480008638024293,61
2.8778354963879473,0.4108097210707337,3
2.6755825101028776,0.2915401690321326,3
2.8203596721726827,0.25641784627743414,3
2.7259330262880277,0.36564844072017066,3
2.76336523663409,0.3441169249050866,3
2.825528179535491,0.41841574331168185,3
2.704762354677492,0.40547039662655293,3
2.803061099264889,0.14740336518912667,3
2.7153851637073125,0.4046384984074597,3
2.760429489096642,0.3461324670998386,3
-0.8076862994436856,-0.8675096915326745,61
-1.2635543088368737,-0.5142307064513125,61
-0.8367156573082013,-0.5001733400626203,61
-0.9960889608912418,-0.17204347936901845,61
-0.7376864516155427,-0.44332718353711537,61
-0.8076862994426055,-0.8675096915523987,61
-1.2635542873484247,-0.5142307821096868,61
-0.8367156571904557,-0.5001733416308769,61
-0.9960889451140622,-0.17204318570629806,61
-0.7376864527857633,-0.44332717768591523,61
-2.0101242531053853,1.3571070664535672,68
-1.965751981140386,1.3093461588283302,68
-2.0196680725693796,1.3649824919683766,68
-2.0421615524548065,1.3597578068200318,68
-2.010124253105383,1.3571070664535672,68
-1.9657519811403874,1.3093461588283297,68
-2.0196680725693783,1.3649824919683757,68
-2.0421615524548065,1.3597578068200313,68
0.48026913788732595,2.425396433992041,10
0.22283841256678005,2.1186699585957296,10
0.30545020063345013,2.1522403256269573,10
0.2785329976845647,2.1172368244358015,10
0.23468299287709002,2.0849810273866516,10
0.48285567140527946,2.4282505101483234,10
0.5290608871027415,2.253786412980368,10
0.5096806470315126,2.288607166063094,10
0.4521706657204239,2.253233414008198,10
0.450750517409855,2.3254755070367295,10
-1.7303071963889094,1.1638305275277618,68
-2.0334292585931197,1.3450037890196354,68
-1.897514436120324,1.2254197749847957,68
-1.9270059452702077,1.3173377564407256,68
-1.8873436617472379,1.2723280152087082,68
-1.7303071963889092,1.1638305275277612,68
-2.033429258593119,1.3450037890196342,68
-1.8975144361203242,1.225419774984795,68
-1.927005945270208,1.317337756440725,68
-1.8873436617472379,1.272328015208708,68
-1.594397466473289,0.841180518004782,67
-1.5352554534421565,0.8590839807368054,67
-1.6463241099743375,0.877963203913847,67
-1.5497672888499352,0.8385748588993619,67
-1.5943974664732878,0.8411805180047817,67
-1.5352554534421567,0.8590839807368049,67
-1.6463241099743366,0.8779632039138469,67
-1.5497672888499343,0.8385748588993617,67
1.7086378642011109,2.915950288152115,1
1.6269297994429448,2.9060386749408074,1
1.6530754514460586,2.881004979551079,1
1.6348565862993887,2.9072133525534793,1
1.6121199549327587,2.873836793768526,1
1.6794576348307324,2.9439488013593067,1
1.6553917827002902,2.9692190129122698,1
1.6864409826039188,2.922159500175981,1
1.6333102438458775,2.983245418762277,1
1.6575597184372737,2.9927630250633026,1
-1.2269370299953166,0.5632801222361309,67
-1.632557642282427,0.7895097608269289,67
-1.4305913122064322,0.722575618567153,67
-1.6010479048876354,0.8401369873905165,67
-1.4484626615148126,0.7465039419552427,67
-1.226937029995316,0.5632801222361313,67
-1.6325576422824257,0.789509760826929,67
-1.430591312206431,0.722575618567153,67
-1.6010479048876354,0.8401369873905171,67
-1.448462661514812,0.7465039419552433,67
-0.867407506739071,0.12935254173210783,64
-0.8404322843890941,0.13094519853082182,64
-0.8911028253742016,0.09139775481887048,64
-0.8508571652023409,0.10878017975149967,64
-0.8674075067390707,0.12935254173210806,64
-0.8404322843890935,0.1309451985308223,64
-0.8911028253742016,0.09139775481887043,64
-0.8508571652023412,0.10878017975149816,64
1.8642306352096198,1.2704517493084833,12
1.8389960264487732,1.031886967286721,12
1.8497099003366746,1.0594924039565,12
1.829351306382983,1.0536379400300502,12
1.8149034078120503,1.0745405109533475,12
1.782293921880186,1.1178692142029507,12
1.835141296023118,1.1255396129021429,12
1.8715440221465356,0.9719017970508587,12
1.805700109807304,1.1097142181885638,12
1.8105621198690431,1.0478904915357325,12
-0.6690273009924753,0.006258122737162106,64
-0.87687636779455,0.03653256804492441,64
-0.7372480485231394,0.03153589283698377,64
-0.8046510787501359,0.08018925350358284,64
-0.6950505994938458,0.03378405724931821,64
-0.6690273009924754,0.006258122737162757,64
-0.8768763677945495,0.03653256804492427,64
-0.7372480485231401,0.03153589283698384,64
-0.8046510787501353,0.08018925350358289,64
-0.695050599493847,0.0337840572493184,64
-1.0109301713796957,-0.3451500746127454,63
-0.8169961423597359,-0.26384117885375336,63
-0.9800785440297181,-0.31354115375972336,63
-0.8939318580442208,-0.27486368100917485,63
-1.010930171360089,-0.3451500746911209,63
-0.8169961423538904,-0.26384117887149033,63
-0.9800785440260026,-0.31354115377143216,63
-0.8939318580407137,-0.27486368102198,63
2.5647365866059237,1.9169528170494494,4
2.453057979236167,1.84482132241651,4
2.487210221060407,1.8330511646430325,4
2.4530476450984033,1.8523424430523885,4
2.4380480844638464,1.930438495392633,4
2.435992098659471,1.8273524312048968,4
2.375390191283945,1.9161723611394497,4
2.45711772651151,1.769289457264256,4
2.326789728985187,1.8741717192005418,4
2.3632246760935542,1.879510002790878,4
-0.6830845662889344,-0.6273375029693395,63
-1.0796825178814091,-0.4360188402583029,63
-0.7742802057765813,-0.4723237804572347,63
-0.9468332019869239,-0.2943676134535192,63
-0.7344365984690935,-0.38489399201275404,63
-0.6830845662889378,-0.6273375029693099,63
-1.079682518962256,-0.4360188357858362,63
-0.7742802057779891,-0.4723237804513791,63
-0.9468332019861044,-0.29436761345711626,63
-0.7344365984737817,-0.3848939919906346,63
-1.2208016678082152,0.6962649263909306,66
-1.2069038894825215,0.672082648481563,66
-1.2511470392799426,0.70272866794144,66
-1.2578941382468984,0.7041731014316631,66
-1.2208016678082154,0.6962649263909306,66
-1.2069038894825208,0.6720826484815624,66
-1.2511470392799422,0.70272866794144,66
-1.257894138246898,0.7041731014316626,66
1.0539163441330766,2.3064006918871476,12
0.9605081186334073,2.1195331264320494,12
0.948730116396331,2.0722709520407427,12
0.9309689782388323,2.127544984315503,12
0.8773052018690175,2.160948317001062,12
1.0017536845133594,2.229757605765288,12
1.0370914529703454,2.3354780146464407,12
1.063264391280365,2.209722396241338,12
0.9356624078999847,2.316850737488994,12
0.9803214883660715,2.317583655229415,12
-1.1551844448372492,0.6040334694974346,66
-1.2108728654204715,0.6198818947184374,66
-1.1733038012949526,0.6297129823153428,66
-1.1954115671536736,0.6636621531122439,66
-1.1390187763100215,0.6286182667649289,66
-1.1551844448372492,0.604033469497434,66
-1.210872865420471,0.6198818947184377,66
-1.173303801294953,0.6297129823153429,66
-1.195411567153674,0.6636621531122437,66
-1.1390187763100208,0.6286182667649285,66
-1.1288484669405812,0.3480943746221191,65
-1.0536710425195004,0.41046081870461476,65
-1.1527706764123347,0.3667546948475256,65
-1.065571918742207,0.36615531803516105,65
-1.1288484669405814,0.34809437462211906,65
-1.0536710425195006,0.4104608187046147,65
-1.1527706764123344,0.36675469484752543,65
-1.0655719187422072,0.36615531803516116,65
1.7576817364221264,2.787993180446121,1
1.7220103745216564,2.763416407526022,1
1.7165212456674457,2.7127263654653366,1
1.7133313251943867,2.75213359856934,1
1.6763569983659556,2.7579020568869823,1
1.723735217836962,2.7707293218964817,1
1.7181632931368982,2.861181530267034,1
1.7573028339662946,2.7855295865078635,1
1.6551065459026262,2.856080004918767,1
1.676767786447047,2.857858460575522,1
-0.9823531896664068,0.23535164139195872,65
-1.1472989409968524,0.255422164318177,65
-1.0201848967907332,0.34327337452344225,65
-1.1234292879231982,0.373064277017449,65
-0.9987280092332856,0.3318063321825741,65
-0.9823531896664068,0.23535164139195877,65
-1.1472989409968517,0.2554221643181767,65
-1.0201848967907328,0.3432733745234427,65
-1.1234292879231982,0.3730642770174487,65
-0.9987280092332858,0.3318063321825742,65
2.1946710914994174,-1.5129021725115575,44
2.4092927933817134,-1.424303131741342,44
2.3857861189176046,-1.4927439873562278,44
2.263933094847209,-1.3601095910000793,44
2.1946710914994187,-1.5129021725115581,44
2.40929279338171,-1.424303131741346,44
2.3857861189176055,-1.4927439873562278,44
2.263933094847209,-1.3601095910000793,44
1.7648024502673898,-3.0835137549316682,52
1.8211985204830254,-2.665362803416676,52
1.7717801742974324,-2.7886457088703107,52
1.948502142245097,-2.754859571458721,52
-2.710786823856416,1.8847625994598203,52
1.7974681518878686,-2.875228179749078,52
1.8793490660991243,-2.6092934474856033,52
-2.226031999299808,1.8115203057689024,52
1.903730765313189,-2.5880311559561187,52
1.877607720551527,-2.80897113356298,52
2.2188304103234846,-1.389195416307191,44
2.1869505498780426,-1.4459245540029486,44
2.366612345377879,-1.3700211329617191,44
2.3221969762004946,-1.4070155203465153,44
2.211238334556977,-1.3640303884989196,44
2.2188304103234837,-1.38919541630719,44
2.186950549878042,-1.445924554002949,44
2.366612345377879,-1.3700211329617191,44
2.3221969762004946,-1.4070155203465151,44
2.211238334556976,-1.3640303884989198,44
2.523106105853033,-1.3513260417135924,44
2.2405495726759503,-1.3546254389228776,44
2.4734960343198407,-1.3488001055588683,44
2.585138117268032,-1.430698797312931,44
2.384053618673668,-1.3073913073809613,44
2.5231061058530324,-1.3513260417135924,44
2.2405495726759495,-1.3546254389228776,44
2.47349603431984,-1.348800105558868,44
2.585138117268032,-1.430698797312931,44
2.384053618673669,-1.3073913073809615,44
1.84465783145857,-2.7479653058477185,52
1.7559740281477603,-2.932745457555072,52
1.734534811914092,-2.6278004382889764,52
1.7954034027868169,-2.71469498174256,52
1.8189029390883809,-2.5524477312494227,52
-2.0807669140474037,1.6446135776776527,52
1.7857557852457622,-2.561063402212972,52
1.9620850446220497,-2.8450798896801452,52
1.9247003416933397,-2.804956949617972,52
1.918755700659616,-2.8814939371096333,52
1.8446578315795787,-2.7479653057643745,52
1.7559740292905999,-2.9327454569006512,52
1.734534813465387,-2.6278004371647854,52
1.7954034027358545,-2.7146949817775137,52
1.8189063211533645,-2.5524448717815518,52
1.884614093876545,-2.6654668235785848,52
1.7857557852169053,-2.561063402236689,52
1.9620850445936804,-2.8450798896996523,52
1.9247003415823012,-2.8049569496957467,52
1.9187557009553176,-2.881493936912907,52
0.4279545952142936,-0.562766534414679,56
0.43309382214411485,-0.5802516130438595,56
0.3661311910762814,-0.5289878880736323,56
0.3957289048412688,-0.6272328370006919,56
0.42795459521429524,-0.5627665344146786,56
0.43309382214411485,-0.5802516130438595,56
0.3661311910762813,-0.5289878880736323,56
0.3957289048412689,-0.6272328370006924,56
2.3925370412681253,0.3594469407927497,6
2.4009274672084118,0.21690592804337008,6
2.433245171271623,0.2566052958751825,6
2.458593861741271,0.28069887199919186,6
2.4557696053665667,0.27367447591955135,6
2.3399735026065147,0.3050892929254034,6
2.4597807366692366,0.2649791924886013,6
2.381281597916802,0.21249228847749493,6
2.4399166829469783,0.2727678759397976,6
2.450332178672146,0.22144216233123706,6
0.7139561279600917,-0.7638239995705599,56
0.2780409188542382,-0.7206567151806264,56
0.32770178474289857,-0.5351303517013288,56
0.3481746385672329,-0.5155509023094691,56
0.38577293985877675,-0.601736483426518,56
0.7139560864093724,-0.7638240284649667,56
0.2780409188542723,-0.7206567151806039,56
0.3277017847428986,-0.5351303517013287,56
0.3481746385672326,-0.5155509023094694,56
0.38577293985877875,-0.6017364834265161,56
0.568365436856533,-0.714689113765431,55
0.5692629990581114,-0.8007611448512528,55
0.49197924010900507,-0.7452882718997423,55
0.5654916813779344,-0.8077398178181464,55
0.5683654368564883,-0.7146891137654743,55
0.5692629990577222,-0.8007611448516507,55
0.4919792401090015,-0.7452882718997446,55
0.5654916813779277,-0.807739817818151,55
3.288099468475258,0.548604788933518,2
3.0950020176403212,0.44728245916079973,2
3.225788988999369,0.4969144163357937,2
3.171900536984681,0.513462361541379,2
3.157513076899738,0.5292570098722604,2
3.1753712729744152,0.5457743481645304,2
3.1928830291256327,0.5412199201093157,2
3.174051706508446,0.45423315998692704,2
3.171788464150201,0.5710560001584475,2
3.169025424369592,0.516558815507962,2
0.5616719359328457,-0.9251170106541678,55
0.4316053818950489,-0.8416148789906911,55
0.5607201089801349,-0.7833117272055516,55
0.5221642939669506,-0.706138543048225,55
0.607836137031522,-0.8377039946521632,55
0.5616719359328617,-0.9251170106541565,55
0.4316053818950486,-0.8416148789906913,55
0.5607201089801401,-0.7833117272055479,55
0.5221642939664333,-0.7061385430486671,55
0.6078361370315656,-0.8377039946521269,55
-0.6422260699998235,0.4995141089054086,60
-0.4789806434800452,0.3663843020544748,60
-0.5986830439034659,0.4337745776266875,60
-0.5823390701160278,0.4021427648033059,60
-0.64222597913,0.499514028328721,60
-0.47897994468098914,0.36638369453004166,60
-0.598683148108561,0.4337746709869178,60
-0.5823395258391905,0.40214317478298534,60
1.9801300703726026,1.589795881858743,11
1.9612414364922544,1.440723218464969,11
1.9710718525097237,1.447930948522406,11
1.9638900558843326,1.5208848826153412,11
1.9816492409468953,1.520244803543556,11
2.017683811713084,1.7248641202356516,11
2.09591795224959,1.6584792761347615,11
2.0565226753653345,1.600224039401501,11
2.0540184736243754,1.7347386900343469,11
2.096872385291699,1.6389596920216312,11
-0.3924857785665966,0.270776188307363,60
-0.7579558480927696,0.467363053353547,60
-0.5286027925258705,0.37091133628334927,60
-0.6193252685295078,0.4413747099110869,60
-0.5663185670977545,0.3728902985132664,60
-0.3923585181128237,0.27066306225735826,60
-0.7579557954037546,0.46736300354362825,60
-0.5286028080862858,0.3709113503414557,60
-0.619325262007052,0.441374704043576,60
-0.5663202893968217,0.3728918698642336,60
-0.04497884047109214,-0.11252235149968387,59
0.009217742972599408,-0.15630435176002505,59
-0.08637825808201492,-0.1491730296152361,59
-0.034340060116637545,-0.18192336497890196,59
-0.044978840471092046,-0.11252235149968384,59
0.00921774297261748,-0.15630435176005317,59
-0.08637825808200866,-0.14917302961524617,59
-0.03434006011666078,-0.181923364978865,59
2.7051884971518354,2.1259330516435653,1
2.575921687260558,2.077741301850348,1
2.6548901052429765,2.1233610861713212,1
2.614489434262344,2.1132046520173686,1
2.5983317830834474,2.1280888325981864,1
2.6957213562109406,2.229157506441377,1
2.6178593864071087,2.261248734966797,1
2.683184712325381,2.2293315801394114,1
2.5916445242527164,2.321728079079409,1
2.632000890512931,2.286254408023875,1
0.1562111626563859,-0.29090244910033386,59
-0.1155661306690515,-0.250378543991349,59
-0.06637555119826277,-0.1725103021141663,59
-0.10483103257862063,-0.10902149006475702,59
-0.06492720559405288,-0.19962064257176762,59
0.15621116223040715,-0.290902448760927,59
-0.11556613066903011,-0.2503785439913981,59
-0.0663755511982618,-0.17251030211416798,59
-0.10483103257862002,-0.10902149006475774,59
-0.06492720559398295,-0.1996206425718933,59
0.5129913899964275,-0.7209794228831765,54
0.5445895120121181,-0.7629047554100138,54
0.43835502285229166,-0.7024578448782349,54
0.5277020180595656,-0.7805988477553869,54
0.5129913899964275,-0.7209794228831757,54
0.5445895120121919,-0.7629047554099306,54
0.43835502285229183,-0.7024578448782349,54
0.5277020180595655,-0.7805988477553858,54
2.8345792611732423,1.0572404622758018,7
2.7674211765969687,0.9380446722588142,7
2.753571114726527,0.950640482771781,7
2.77313099269088,0.9593917399306541,7
2.7470006868311616,0.9786077354304257,7
2.8329322317173626,1.0571672734768538,7
2.878808352114508,1.0377270566560857,7
2.8220694802488335,0.9453785586832054,7
2.810699103996286,1.02062554232872,7
2.817406225590237,0.9889935355888578,7
0.8627464238703899,-0.8062584083920944,54
0.38000936519550277,-0.8644231802417949,54
0.4840158344046439,-0.7068410956110572,54
0.4442513684340452,-0.6401087679818235,54
0.5231941767575576,-0.7412594812498674,54
0.8627464238759172,-0.8062584083862495,54
0.3800093651955026,-0.8644231802417951,54
0.4840158344046441,-0.7068410956110576,54
0.444251368434045,-0.6401087679818235,54
0.5231941767575576,-0.7412594812498676,54
0.4979956357609869,-1.083711942546591,53
0.5435314872242508,-1.1690830336227909,53
0.4206511176470303,-1.1673702872701854,53
0.5426333138747728,-1.1701067453323766,53
0.4979956357609868,-1.0837119425465906,53
0.5435314872242517,-1.16908303362279,53
0.4206511176470305,-1.1673702872701852,53
0.5426333138747728,-1.1701067453323766,53
3.5681118684282898,1.2971380640099375,2
3.384922894324447,1.2095353192925178,2
3.439612365943685,1.260139673484185,2
3.4272666939036895,1.256451830833828,2
3.403741118528025,1.260095704071381,2
3.4930531876351387,1.2947749253455079,2
3.4289541884081802,1.3388472329527568,2
3.436771938426802,1.2409805567276457,2
3.375034456875218,1.3371511795674684,2
3.3733830206893303,1.289939096548902,2
0.6239763078201694,-1.2517580453619483,53
0.48480633943100876,-1.1554438817387935,53
0.5343511062029122,-1.192753292347021,53
0.4738798338746871,-1.139461368965679,53
0.5705698084211497,-1.1990898287947138,53
0.6239763078201664,-1.2517580453619497,53
0.4848063394310088,-1.1554438817387942,53
0.5343511062029123,-1.1927532923470205,53
0.4738798338746873,-1.1394613689656787,53
0.5705698084211493,-1.1990898287947138,53
0.055769817720085525,-0.13731590564143398,58
0.08484510086235802,-0.14741334703889258,58
0.01466878863989127,-0.1492452499040119,58
0.043111720362932385,-0.16443986770647195,58
0.055769817720085525,-0.13731590564143395,58
0.08484510086235798,-0.14741334703889253,58
0.014668788639891161,-0.14924524990401192,58
0.04311172036293241,-0.164439867706472,58
2.161839454509062,1.7240448110237512,14
2.1075129378678024,1.6710087864979322,14
2.0970887501675493,1.6103634723005043,14
2.090560027462407,1.667021743854948,14
2.1330106029054696,1.7451786625005372,14
2.224537933247831,1.8271400756518525,14
2.2633600871134893,1.8817908211862704,14
2.2142938069427616,1.754613505783431,14
2.1968941908505557,1.8519649993890153,14
2.2664261823564535,1.849039160554467,14
0.2684361923107167,-0.3085952669028676,58
-0.022149773162732072,-0.23323804163742798,58
0.03306805055767891,-0.12658883781370872,58
-0.004457962100256026,-0.09527680761352679,58
0.032713088472263285,-0.1669609577053466,58
0.2684361923107446,-0.3085952669028937,58
-0.022149773162731975,-0.2332380416374282,58
0.03306805055767885,-0.12658883781370872,58
-0.004457962100256026,-0.09527680761352673,58
0.03271308847226319,-0.1669609577053465,58
0.13641864199693862,-0.3626564339371903,57
0.20774541114916395,-0.4055557698050133,57
0.10088270398510238,-0.4544811594704759,57
0.17820602434974142,-0.4491124120321214,57
0.13641864199693846,-0.36265643393719055,57
0.20774541114916406,-0.40555576980501346,57
0.10088270398510234,-0.45448115947047585,57
0.17820602434974153,-0.4491124120321215,57
2.873199677616579,2.277675582555943,0
2.7761348902797653,2.1880563557113337,0
2.8102658148070403,2.205255259564095,0
2.8018364855046554,2.1983006106817715,0
2.81295805207315,2.1994401298308515,0
2.8864816152833224,2.287636869151219,0
2.8272705706253407,2.3236409707624555,0
2.830701640917686,2.2687650939349298,0
2.781659829753671,2.318912386736611,0
2.8360714898035777,2.3134162018658033,0
0.327662834702135,-0.5276718131617726,57
0.09400521584303938,-0.5103951805879817,57
0.19400524303333552,-0.49451096893294333,57
0.12102840582554367,-0.4343197803778815,57
0.18355836164855796,-0.5315710571190722,57
0.3276628347021236,-0.5276718131617898,57
0.09400521584303936,-0.5103951805879816,57
0.19400524303333552,-0.49451096893294344,57
0.12102840582554368,-0.4343197803778809,57
0.18355836164855774,-0.5315710571190719,57
2.575399943629216,-2.1968248081262494,41
2.6914517861014047,-2.2207731715786028,41
2.690325769355009,-2.196735100072447,41
2.5876819200086136,-2.1785948654667746,41
2.5753999436292148,-2.1968248081262534,41
2.691451786101406,-2.2207731715786068,41
2.69032576935501,-2.196735100072449,41
2.5876819200086123,-2.178594865466774,41
1.2011196034647342,-3.711685274659819,45
1.3179987296794993,-3.674219331587141,45
1.237702456787924,-3.6804271551091747,45
1.403869107099214,-3.6239264581056494,45
1.2632645027691183,-3.853931277976661,45
1.1161033950103432,-3.6086100973131106,45
1.273076454597323,-3.6665025863407337,45
1.2767492310444815,-3.6623442719865227,45
1.2667942588300287,-3.6610932130623333,45
1.215866314710992,-3.765338765190691,45
2.601557134954007,-2.183986389489975,41
2.5066178513989703,-2.1546915523090515,41
2.6146621143572655,-2.128769525962775,41
2.5934953072056786,-2.115094209370231,41
2.5029294430183113,-2.1182455895770596,41
2.6015571349540068,-2.1839863894899763,41
2.5066178513989703,-2.1546915523090524,41
2.614662114357264,-2.1287695259627744,41
2.5934953072056772,-2.1150942093702305,41
2.5029294430183118,-2.118245589577059,41
2.78381742622787,-2.2432231262743763,41
2.611743915649711,-2.208405418853429,41
2.7782313001136094,-2.224869247908477,41
2.8097211974097163,-2.2499885887238578,41
2.7153824611076343,-2.212951060741117,41
2.783817426227872,-2.2432231262743714,41
2.611743915649711,-2.208405418853431,41
2.77823130011361,-2.2248692479084746,41
2.8097211974097,-2.249988588723879,41
2.7153824611076347,-2.2129510607411165,41
1.1252693480994134,-3.5730560961171602,45
1.4127781379622673,-3.661362778495973,45
1.0265062098329767,-3.4946468868297846,45
1.3271026948377196,-3.591773031179128,45
1.0828370417699198,-3.5799403669472283,45
1.4351168541267019,-3.538485779407401,45
0.95992532996712,-3.5969941435718087,45
1.333302997823506,-3.6510606469213536,45
1.1594490078985105,-3.5422870450001946,45
1.426023657794137,-3.7145841530117503,45
1.1252693449882938,-3.5730560969491942,45
1.4127781381367979,-3.6613627784352722,45
1.0265062100302789,-3.4946468867801634,45
1.3271026948409383,-3.5917730311781035,45
1.0828369145940087,-3.579940400640189,45
1.4351168537225591,-3.538485779549575,45
0.9599253302651846,-3.5969941435039363,45
1.333302997762794,-3.6510606469411373,45
1.1594487004838234,-3.5422871298031544,45
1.4260236570195732,-3.7145841532853043,45
0.5559067079418885,-0.5752677731829406,56
0.5628298202816993,-0.5853148507396686,56
0.488150484048228,-0.5404081414944085,56
0.5361573935021294,-0.6135257395248601,56
0.5559067079418887,-0.5752677731829402,56
0.5628298202816993,-0.5853148507396686,56
0.4881504840482279,-0.540408141494409,56
0.5361573935021294,-0.6135257395248603,56
2.367154830260827,0.39097561443730877,6
2.381714460307447,0.2661761854758488,6
2.425324449218429,0.2998943631757091,6
2.439072799063014,0.3120246583716282,6
2.4209187883189047,0.3168056775614301,6
2.3180498762329624,0.37307065171271175,6
2.4453203658828757,0.3368247695477014,6
2.3886388417160593,0.2721526872567787,6
2.4229015249844306,0.35078564782975113,6
2.426335949186059,0.28703214046592707,6
0.8176922517756906,-0.6538352827238609,56
0.42920062469908243,-0.6994546887715145,56
0.43627376515025307,-0.5253057702515631,56
0.46741252377136566,-0.5204281175433436,56
0.5072852838760439,-0.5705747392949622,56
0.8176922517756912,-0.6538352827238607,56
0.4292006246991036,-0.6994546887714916,56
0.43627376515025296,-0.5253057702515631,56
0.46741252377136583,-0.5204281175433437,56
0.5072852838760439,-0.5705747392949622,56
0.7628873735715603,-0.7021978556517553,55
0.7070884372919911,-0.7940221374668185,55
0.6654293363807956,-0.7656287270478734,55
0.7132268088172993,-0.7966988779220517,55
0.7628873735715606,-0.7021978556517551,55
0.707088437291974,-0.7940221374668368,55
0.6654293363807946,-0.7656287270478737,55
0.7132268088172996,-0.7966988779220511,55
3.2916195575292813,0.6062721426642979,2
3.109199792717212,0.4870132051430736,2
3.2360561753586516,0.5264957257650671,2
3.1572034380003693,0.5665960055123151,2
3.1527255892763817,0.5874284000956419,2
3.1820132167396453,0.6116412432684372,2
3.211505961074866,0.5838968932006858,2
3.190827293973214,0.5119830625582246,2
3.188639904542253,0.6330064301970458,2
3.1825459293679064,0.5639522490357958,2
0.7203947034384944,-0.8354205516417441,55
0.631668948823713,-0.8323005742387491,55
0.7415435115902377,-0.7242470556238597,55
0.6781072648367429,-0.6790005795053823,55
0.7689034972191975,-0.7872149742671772,55
0.7203947034386275,-0.8354205516416233,55
0.6316689488232838,-0.832300574239094,55
0.7415435115902357,-0.7242470556238488,55
0.6781072648367448,-0.6790005795053818,55
0.7689034972191884,-0.787214974267187,55
-0.2652110118916548,0.2164399803887744,60
-0.21207773355707485,0.14954066777070021,60
-0.2943065817287464,0.1813198524257533,60
-0.2808287789722379,0.16124223779960453,60
-0.26521102413445113,0.21643999124059818,60
-0.21207776327160494,0.14954069434625292,60
-0.2943065823814644,0.18131985304371392,60
-0.2808293200218312,0.1612427575213949,60
1.9349586999007602,1.5569880992197398,11
1.924190534053626,1.4319663152758617,11
1.9380604046077277,1.420804062702695,11
1.917514380190468,1.4923080887201008,11
1.9201354250155094,1.5199588262839112,11
1.9861191163419785,1.7382190819442227,11
2.057039446241698,1.6863123391930157,11
2.0316822628383093,1.6227219909358435,11
2.019559905463024,1.7627867005761046,11
2.0583713635760734,1.6480848962839187,11
-0.11823178182356411,0.12384302493684456,60
-0.33315553550769755,0.14290774417631688,60
-0.24431236259110864,0.17771291804667871,60
-0.31381064129662967,0.23496858950547747,60
-0.25618808860719705,0.14618802510130022,60
-0.1182358343186242,0.12384624303196981,60
-0.3331563227192496,0.14290854390531654,60
-0.24431236217901917,0.17771291766895447,60
-0.31381061835080387,0.2349685683832358,60
-0.25618798953200567,0.1461879325294878,60
0.07759870839696277,-0.18408921758060506,59
0.16804972556424774,-0.23029334083501188,59
0.054445330063431434,-0.2658703886762845,59
0.1035856555826427,-0.23775687677359647,59
0.07759870839696013,-0.18408921758060254,59
0.1680497255645451,-0.23029334083524378,59
0.054445330063216286,-0.2658703886758039,59
0.1035856555825957,-0.2377568767735556,59
2.677341037121789,2.171116979261663,1
2.578551622375305,2.1526178538922913,1
2.657776609223086,2.1850308080332312,1
2.603272228028937,2.17972371559415,1
2.5779728040559307,2.1941346194538722,1
2.6748146591200057,2.268298620138873,1
2.616369327690144,2.319836882019189,1
2.6772680933632915,2.2862195428892447,1
2.5948763284725094,2.384169088454879,1
2.637907598155916,2.3421439984861823,1
0.26899354912423795,-0.265645594903469,59
0.024139332344994466,-0.3872730826016168,59
0.06379906020078989,-0.2533405001875649,59
0.009823675895428678,-0.17951535082112643,59
0.06547089594680361,-0.27774692899096004,59
0.2689935491224437,-0.2656455949020093,59
0.02413933234502405,-0.38727308260168375,59
0.06379906020078775,-0.25334050018756166,59
0.009823675895428452,-0.17951535082112577,59
0.06547089594684781,-0.2777469289910424,59
0.6154300339283534,-0.7190585799910449,54
0.6718853008066146,-0.7655569005217564,54
0.5235537049060248,-0.738515595331882,54
0.6382056846500573,-0.7955674851085769,54
0.6154300339283533,-0.7190585799910449,54
0.6718853008066046,-0.7655569005217705,54
0.5235537049060249,-0.7385155953318818,54
0.638205684650055,-0.7955674851085806,54
2.8440608877808433,1.0796015952621059,7
2.78461935008309,0.9707680650459,7
2.7863588644061665,0.9744618511434302,7
2.796385098967688,0.9881337562565454,7
2.7470100043562407,1.0101020550559592,7
2.8475302139865812,1.0966094031365685,7
2.9038530271286156,1.0824703480609914,7
2.846446230330695,0.9946513438443584,7
2.8263734306712918,1.0618388523633207,7
2.816030452582014,1.0143898290522746,7
0.9591713258104699,-0.7554349591065166,54
0.4963652299751889,-0.8567106893506093,54
0.5866613192192757,-0.7164399465337729,54
0.5534900245274309,-0.6559607949082997,54
0.6182598788221886,-0.7479541109840342,54
0.95917132581047,-0.7554349591065164,54
0.49636522997518884,-0.8567106893506091,54
0.5866613192192756,-0.7164399465337729,54
0.5534900245274315,-0.6559607949083005,54
0.618259878822189,-0.7479541109840312,54
0.6393922849543462,-1.1451202970375476,53
0.688549200819842,-1.2240240382503325,53
0.5598300453119576,-1.2419542219297022,53
0.7025848103339811,-1.2194725994205584,53
0.6393922849543462,-1.1451202970375478,53
0.6885492008198241,-1.2240240382503464,53
0.5598300453119577,-1.2419542219297024,53
0.7025848103339762,-1.219472599420562,53
3.5331976311358027,1.3703800180493144,2
3.361448205684002,1.2693507347398454,2
3.413197400767915,1.3328139712139002,2
3.403947909700025,1.3238579630924536,2
3.364944150420809,1.3428723207132258,2
3.4759923526905467,1.3452939684515928,2
3.4199735138002443,1.3908280245024547,2
3.436465228026267,1.2884108843075204,2
3.366410578824812,1.3892225697315177,2
3.35883001341184,1.3299136376766345,2
0.7751674649684608,-1.2494756229289001,53
0.6112603812131764,-1.2219702724606833,53
0.6774950500618262,-1.2133336137621218,53
0.6122242041830058,-1.2040226001549335,53
0.6964802747345137,-1.2234648061783358,53
0.7751674649718555,-1.249475622926252,53
0.6112603812131766,-1.2219702724606836,53
0.6774950500617971,-1.213333613762145,53
0.6122242041830048,-1.2040226001549346,53
0.6964802747345056,-1.223464806178343,53
0.14720214548094207,-0.18291612116553208,58
0.1728942592359262,-0.20627063571156398,58
0.11537578615400697,-0.20912783609953875,58
0.1270748239370165,-0.2051382903206106,58
0.1472021454809419,-0.18291612116553205,58
0.17289425923592622,-0.206270635711564,58
0.11537578615400707,-0.20912783609953858,58
0.12707482393701644,-0.20513829032061032,58
2.163736526745824,1.7432591285444337,14
2.1097717712154016,1.6855389519240664,14
2.1077665514697657,1.6303322331652148,14
2.0928431911125567,1.671144170906292,14
2.1255125379714794,1.7472055868424448,14
2.208050353615588,1.8632522317874272,14
2.2595683325145837,1.9099098436628923,14
2.21366812035923,1.795134312839719,14
2.186689578274059,1.8861926536902875,14
2.2435556898518096,1.8656356556978826,14
0.3243506241143323,-0.31073353229906187,58
0.10121998269896024,-0.2668636644136588,58
0.12302614952864424,-0.15747623801172736,58
0.09531030553132883,-0.14519375507744678,58
0.13478509936498045,-0.2045325059736221,58
0.32435062411433685,-0.3107335322990652,58
0.10121998269896011,-0.2668636644136589,58
0.1230261495286442,-0.15747623801172725,58
0.09531030553132894,-0.14519375507744675,58
0.13478509936497873,-0.20453250597362013,58
0.22847770413925642,-0.4487139373822735,57
0.31645093108775113,-0.4532579786474516,57
0.2019912094415046,-0.5561446179949379,57
0.2721183308891014,-0.5074771289753673,57
0.22847770413925633,-0.44871393738227344,57
0.31645093108775113,-0.45325797864745154,57
0.2019912094415046,-0.5561446179949378,57
0.2721183308891013,-0.5074771289753673,57
2.8883707146832687,2.2933792178438392,0
2.7827256219133356,2.247027981733835,0
2.815296980936647,2.2450409674989618,0
2.8038721077053768,2.2258894209075133,0
2.796046167233325,2.267507057870417,0
2.893103751212386,2.3366355750021257,0
2.8315850801682494,2.3916690577026536,0
2.851064996471394,2.3174199500784827,0
2.7920851260677653,2.3640636260477446,0
2.843553891221212,2.361664057050697,0
0.47191134221942205,-0.5290911800690344,57
0.17098167315249638,-0.6310912506689181,57
0.3111009591009042,-0.524676312151692,57
0.222986315878635,-0.5204204766054551,57
0.2741365160762437,-0.5746927659889346,57
0.4719113422180748,-0.5290911800701442,57
0.17098167315249643,-0.6310912506689181,57
0.3111009591009041,-0.5246763121516925,57
0.22298631587863518,-0.5204204766054551,57
0.2741365160762436,-0.5746927659889346,57
2.6941269833684514,-2.2363220527539487,41
2.8259153841789573,-2.249559073767425,41
2.8321878280346953,-2.24629406961042,41
2.6923904350386345,-2.2247621876302572,41
2.6941269833684505,-2.2363220527539514,41
2.8259153841789586,-2.249559073767421,41
2.8321878280346926,-2.246294069610423,41
2.6923904350386354,-2.2247621876302586,41
0.9913868640412136,-3.7415205662419053,45
1.0963166950259953,-3.629068484381243,45
1.0297179150210445,-3.6458785225601242,45
1.176127776639933,-3.5813896448370808,45
1.0554416506346194,-3.8511135851563134,45
0.8933160047549477,-3.614602403993113,45
1.0862034933066025,-3.61492713073636,45
1.0829148706449758,-3.626076527317082,45
1.080862867913579,-3.6027041030111686,45
1.0184165537004444,-3.7491834089894556,45
2.637879340954355,-2.2111112310690477,41
2.646422082779356,-2.2209979173784653,41
2.782014956085213,-2.1842003322627686,41
2.750160856836808,-2.162304269286913,41
2.6261219946676446,-2.151984618947452,41
2.637879340954355,-2.2111112310690473,41
2.6464220827793614,-2.2209979173784613,41
2.7820149560852165,-2.1842003322627677,41
2.7501608568368083,-2.1623042692869126,41
2.626121994667645,-2.1519846189474525,41
-2.3373629796049915,1.9532003292439697,41
2.7261811128777786,-2.2727522109932448,41
2.8595466779755307,-2.2409244424867105,41
2.8941530868020013,-2.246287578347539,41
2.820067088397746,-2.261835586707511,41
2.821377800506677,-2.2708112803355314,41
2.726181112877779,-2.272752210993244,41
2.859546677975525,-2.240924442486719,41
2.894153086801752,-2.2462875783478715,41
2.8200670883977454,-2.261835586707511,41
0.8957416029477987,-3.5671100504200597,45
1.1694505700804012,-3.6341920007449056,45
0.8214145824890705,-3.4693894303009767,45
1.0739509587557559,-3.5183816059100215,45
0.8629914470362005,-3.5792539990176495,45
1.199321728653082,-3.5506769923162875,45
0.7556062898929378,-3.5811248528309605,45
1.1065969548741172,-3.652534071209082,45
0.9415365035265041,-3.520028745267094,45
1.171216918624374,-3.7042202462641294,45
0.8957416034779621,-3.5671100503048527,45
1.1694510769956912,-3.634191857583348,45
0.821414582488406,-3.46938943030113,45
1.0739509587531992,-3.5183816059106765,45
0.8629915046314581,-3.5792539868629003,45
1.1993217285513744,-3.55067699234527,45
0.7556062900497109,-3.5811248527994093,45
1.1065965741384147,-3.6525341681924233,45
0.9415365027345393,-3.5200287454558925,45
1.1712169185156478,-3.704220246294495,45
1.0780241253139533,-0.8836243238422535,56
1.1154351191796366,-0.8408910564744723,56
1.0135822884539214,-0.8727655474539894,56
1.0890647339107473,-0.8804647848838819,56
1.078024125313637,-0.8836243238425355,56
1.1154351191796368,-0.8408910564744712,56
1.0135822884552221,-0.8727655474528335,56
1.0890647339107473,-0.8804647848838815,56
2.8535002698364353,0.3659558919258043,6
2.8134508165505334,0.2590564197400018,6
2.8676597636852135,0.3031465904828034,6
2.877373078470762,0.2849521710305285,6
2.874507295681226,0.30683085444835984,6
2.856052900398232,0.34418271786048665,6
2.888434269860008,0.3066353689322566,6
2.873036720017989,0.26174101517684145,6
2.8679588063054133,0.33034176443382435,6
2.8834343308440915,0.29994355375857507,6
1.23453215340004,-0.9795579400280787,56
0.8804160618909042,-1.069922145986997,56
0.9598035892625678,-0.8043932534233093,56
0.9581620363107207,-0.8887756485888412,56
0.9829970773946842,-0.9345222725502418,56
1.2345321538163114,-0.9795579396365124,56
0.8804160618145535,-1.0699221460405588,56
0.9598035892625641,-0.8043932534233103,56
0.9581620362968459,-0.8887756486018511,56
0.9829970774372475,-0.9345222725133426,56
1.2475343795667233,-0.8739380654108244,55
1.2028521900099858,-0.9334682598808224,55
1.1369129268980604,-0.9331183588403883,55
1.2377134703706625,-0.9455830059043644,55
1.2475343795667222,-0.8739380654108271,55
1.2028521900102807,-0.9334682598805333,55
1.136912926897645,-0.9331183588407972,55
1.2377134703705643,-0.9455830059044599,55
3.661514798356782,0.6393249899217629,2
3.5116352351552265,0.5591660793958331,2
3.6290202890674212,0.6281537714850659,2
3.57470203908337,0.6321524986469229,2
3.589618931892056,0.6623244607452591,2
3.626188887782226,0.667107430089277,2
3.588803854841828,0.6359578508631768,2
3.5934887595398592,0.5980948495233258,2
3.5694944086867837,0.6711335047916805,2
3.5671164705464675,0.6639215629693688,2
1.1885515227694434,-0.9856200516220662,55
1.2229064440726507,-0.9404398334303029,55
1.2170651638299836,-0.888075147172329,55
1.1955607004888917,-0.8664127645247495,55
1.2501544320643247,-0.939520740578853,55
1.1885515227724737,-0.9856200516191445,55
1.2229064440751658,-0.9404398334279134,55
1.2170651638300025,-0.8880751471723102,55
1.1955607004889044,-0.8664127645247391,55
1.2501544320645448,-0.9395207405786462,55
1.1851515392674623,-0.5978595682537817,60
1.115459031530742,-0.6031989508785617,60
1.026276308517567,-0.5657792067722925,60
1.1700008018330639,-0.6732003259701945,60
1.1851533754305537,-0.5978606494360293,60
1.1154590546290588,-0.6031989639711173,60
1.0262764654428205,-0.5657792959028063,60
1.1700008018099832,-0.6732003259553335,60
2.485770014031392,1.4665377768516086,11
2.483605437009482,1.32291474330603,11
2.545072121457778,1.2348322498146438,11
2.4965487453415363,1.378378002747746,11
2.4786479535065937,1.432195967212911,11
2.5018302079675423,1.57971808458904,11
2.5563338725292986,1.557147690702453,11
2.556374670778461,1.4614137851520377,11
2.5170032109354374,1.6322859012026787,11
2.587037550117256,1.578054824522072,11
1.1777669085760354,-0.7078341157860938,60
1.1217434636200103,-0.7008025055019254,60
0.9489748446377438,-0.5419500278714924,60
0.8710038748735741,-0.4792634886266305,60
1.0780304691558265,-0.6596032917629816,60
1.1777669084034939,-0.7078341157003625,60
1.1217437781517015,-0.7008027057033995,60
0.9489709724690022,-0.541947841754498,60
0.8699677968731684,-0.4787039218235359,60
1.0780305606834568,-0.6596033462900619,60
0.7346278830656982,-0.46692403036781116,59
0.907304011850057,-0.5610830014271865,59
0.785057807834377,-0.5679812528026408,59
0.8774539002621341,-0.5887281696713845,59
0.7346278830655674,-0.4669240303677542,59
0.9073040118503165,-0.5610830014273216,59
0.7850578078944056,-0.5679812528235588,59
0.8774539002615537,-0.5887281696711075,59
3.2110535695969515,1.8229404176755297,1
3.1143605029408885,1.861396953859791,1
3.188996438179007,1.8648189414118135,1
3.119540014274796,1.9237499529529265,1
3.1212081141131565,1.9604361973883855,1
3.1836325439971214,2.0028629124368154,1
3.123264305320771,2.051594019795284,1
3.1800834856421836,1.9656104465822235,1
3.0870158758846884,2.1338720165846046,1
3.1397070514929,2.1114468088205895,1
0.9805070186046291,-0.6880479621974764,59
0.7641175347182765,-0.6145405777202958,59
0.8554655128126945,-0.5812553194786811,59
0.7959675688726021,-0.5310388496488969,59
0.8640228081708328,-0.6367728504657242,59
0.9805070186046316,-0.6880479621974775,59
0.7641175351445185,-0.6145405778731208,59
0.8554655128106667,-0.5812553194777238,59
0.7959675690340557,-0.5310388497204575,59
0.8640228081739315,-0.6367728504670124,59
0.9949474522000112,-0.9688111620769855,54
1.0526761904527357,-0.9462427766547771,54
0.9302086097953195,-0.9970670716069385,54
1.049880132518456,-0.9866066902648328,54
0.9949474523396808,-0.9688111619400829,54
1.0526761887971654,-0.9462427783000847,54
0.9302086098002781,-0.9970670716024791,54
1.049880134325625,-0.9866066886777226,54
3.1715279237232767,0.9708307607766025,7
3.1576966631295313,0.8571511413617143,7
3.137819695651051,0.8686079272690577,7
3.184044286895688,0.868602053068282,7
3.1563587390160177,0.9260727344088662,7
3.1918148566890348,1.0043115555419186,7
3.2168193905588245,0.9368690544303014,7
3.1594970103995337,0.8894119236569378,7
3.165691799366752,0.9619180263857634,7
3.1890258626610914,0.9377811858709615,7
1.3245202072169822,-0.9573398936303321,54
0.8438279984624004,-1.12924075579585,54
0.983468194039893,-0.9582940846143159,54
0.9852500754870553,-0.9397116480525476,54
1.092702100189572,-0.9601786923259837,54
1.3245202072184379,-0.957339893628804,54
0.843827998513884,-1.1292407557580777,54
0.9834681940663073,-0.9582940845866815,54
0.9852500782294623,-0.9397116453554035,54
1.0927021051393464,-0.9601786870395093,54
1.1818499171592665,-1.159434725437144,53
1.1400149592009994,-1.268585038062553,53
0.9541496737235757,-1.3893435991918641,53
1.118127054253396,-1.2966545696810836,53
1.1818499284556299,-1.1594347158541782,53
1.140014859808787,-1.268585121023014,53
0.9541500497520492,-1.3893432805697772,53
1.118127338375692,-1.2966543363227452,53
3.8667623817016947,1.183900982882081,2
3.759562550693821,1.0925824621071327,2
3.790860914356174,1.1403143806286231,2
3.7916664991419378,1.1388261614159423,2
3.7799310547918337,1.1610541817619757,2
3.8376391788198903,1.2366803294773747,2
3.775408675923598,1.209897139189242,2
3.78196464611166,1.1402661454989678,2
3.7477311111566873,1.2383355730951566,2
3.7474533456636134,1.209816381930258,2
1.2367247052470047,-1.209189241367812,53
1.144654340268895,-1.2683949719324104,53
1.213302385750387,-1.2315816674580535,53
1.1855568024417578,-1.2470998282803478,53
1.1567098707096106,-1.2894419207127739,53
1.236725032574881,-1.2091889621919918,53
1.1446561026643725,-1.2683934846356977,53
1.2133029512120816,-1.2315811896579953,53
1.1855595401756347,-1.2470975708412781,53
1.1567105174388677,-1.2894413850809605,53
0.8007968901557772,-0.5124985065566968,58
0.7938723511694958,-0.5181932262332113,58
0.70488415793559,-0.5492363150197234,58
0.7702724947666718,-0.5493398677947896,58
0.8007968901559909,-0.5124985065567979,58
0.7938723511695315,-0.5181932262332253,58
0.7048841579355931,-0.549236315019725,58
0.7702724947734529,-0.5493398677976934,58
2.6142747833241238,1.5450686251669055,14
2.572946645688727,1.4870931266241358,14
2.5703133883009825,1.4426619778149272,14
2.547977960539623,1.4921859119709893,14
2.591603678364505,1.5795932801691281,14
2.664605423048921,1.6353978982903803,14
2.6983180233181305,1.6553169744281957,14
2.646411837645204,1.5330232669094153,14
2.6309181738997545,1.6454086324013921,14
2.7158970962370668,1.6565668981300619,14
1.0448791796171377,-0.7334434628209681,58
0.7058413873824098,-0.6397689926702953,58
0.7134888473723818,-0.48818581126285254,58
0.6707672467702337,-0.4984154566441879,58
0.776352583851723,-0.552128173620939,58
1.044879179617206,-0.7334434628209324,58
0.7058413873819022,-0.639768992670432,58
0.7134888473724096,-0.4881858112628656,58
0.6707672467702274,-0.49841545664418513,58
0.7763525838489355,-0.5521281736195048,58
0.8351737584185009,-0.5885385818294292,57
0.9867869322175401,-0.7156371192506648,57
0.8229073790440915,-0.7670257748331566,57
0.9262044828189,-0.756312479902732,57
0.8351737584185006,-0.5885385818294293,57
0.9867869322175378,-0.7156371192506668,57
0.8229073790487477,-0.7670257748274136,57
0.9262044828188712,-0.7563124799027717,57
3.34326159881269,2.0075088876049696,0
3.274068371017067,1.963367592854725,0
3.292128099449548,2.0023926872908437,0
3.2630402493874904,2.008597444461862,0
3.291975364863075,2.032352947853457,0
3.36516027742579,2.08959137413772,0
3.323202379325872,2.1375713369315985,0
3.3272207559864504,2.0631551655328235,0
3.254090959465619,2.1600614698577236,0
3.337725005319546,2.1227717785750513,0
1.1045009527415177,-0.8544511180410558,57
0.7749087552401202,-0.8053599977925566,57
1.0245249433834112,-0.7953098055593613,57
0.9072493033772748,-0.710269670002279,57
0.9078400989457592,-0.8937537897086221,57
1.1045009537198993,-0.8544511170308886,57
0.7749087475472078,-0.8053600080776848,57
1.024524943384079,-0.7953098055584353,57
0.9072493033772783,-0.7102696700022766,57
0.9078400692542142,-0.8937538276011168,57
2.7617275755129276,-2.043865045144777,42
2.85411888660433,-2.061141231398539,42
2.8447141635851065,-2.0290474356279775,42
2.7392468119300672,-2.043379832657286,42
2.7617275755131314,-2.0438650451444627,42
2.854118886604329,-2.061141231398542,42
2.844714163585136,-2.0290474356279264,42
2.7392468119565856,-2.04337983261714,42
0.6523353549280695,-4.104212887879958,46
0.8070960622501958,-3.905319810895182,46
0.7440542735955321,-3.9668717559105646,46
0.9167563525737492,-3.8461353568204477,46
0.7532940896331964,-4.124703275139948,46
0.5048250173800579,-3.9370877760130507,46
0.7659979970259495,-3.887117161314184,46
0.6947700657759318,-3.9100737698956425,46
0.7588495328373466,-3.8509484144587844,46
0.6584677635276746,-4.086861545962284,46
2.8296551834256176,-1.9988058461277425,42
2.7175000511415623,-1.990195292315272,42
2.800119678203985,-1.980057461774141,42
2.7863096436898567,-1.9244929447394363,42
2.6884046390184113,-1.9479817027239128,42
2.829655183425508,-1.9988058461279279,42
2.71750005113993,-1.9901952923180874,42
2.8001196782039637,-1.9800574617741764,42
2.786309643689661,-1.9244929447397834,42
2.6884046390186276,-1.9479817027235307,42
2.9520763597138107,-2.156085911484287,42
2.8815192028158707,-2.1364089474738535,42
2.9371975360649136,-2.084546919503421,42
3.0651569269610164,-2.123494969015403,42
2.9050432974380995,-2.084174778974611,42
2.9520763597138155,-2.156085911484282,42
-2.138943566215364,2.1633299069612018,42
2.9371975360649154,-2.0845469195034165,42
3.0651569269610013,-2.1234949690154257,42
2.9050432974381017,-2.084174778974608,42
0.5983652031915304,-3.829400031955761,46
0.8736612039109567,-3.877630242995695,46
0.49902838510004416,-3.752493219108878,46
0.7950489037848253,-3.7725311566691344,46
0.5232662493433233,-3.866578093869448,46
0.8554317897927456,-3.8153291435332664,46
0.41348627041392805,-3.882008341879056,46
0.8362116746723093,-3.9479301286421427,46
0.6108132741702786,-3.8278752596907597,46
0.8845223455420851,-3.9861882265433346,46
0.5983651020889641,-3.829400047055551,46
0.8736610423710222,-3.8776302742185895,46
0.4990283851028085,-3.752493219108469,46
0.7950489241263579,-3.772531153023945,46
0.5232662289323914,-3.866578096491384,46
0.8554317771397003,-3.8153291459930436,46
0.41348627040003644,-3.8820083418805265,46
0.8362116717733921,-3.9479301291618922,46
0.6108132741685309,-3.8278752596910257,46
0.884522348480263,-3.986188225975727,46
0.47565759427989035,-0.672026010947901,56
0.5435649820986245,-0.6526371723316658,56
0.4505708836625849,-0.616403782861341,56
0.49113618076960297,-0.6743209166219236,56
0.4756575942798903,-0.6720260109479005,56
0.543564982098624,-0.6526371723316655,56
0.4505708836625847,-0.6164037828613415,56
0.49113618076960286,-0.6743209166219231,56
2.4601765769403188,0.3089775300604464,6
2.4527986475601504,0.20658106406833382,6
2.503688492660501,0.24510178904601165,6
2.5029673822752754,0.2613398870025469,6
2.5055016357519113,0.24391604613354162,6
2.3792714788730884,0.27841980551190126,6
2.4668234970825025,0.24239870937675856,6
2.4339050735822134,0.2051490633174526,6
2.4428442751005583,0.26555153808252374,6
2.4665342505255548,0.23172490655531722,6
0.7548121138552327,-0.6953210148826231,56
0.35278944588312117,-0.7748089402558475,56
0.4012490099433927,-0.5919783781911108,56
0.39890630155540907,-0.5737124330846045,56
0.46664323856983986,-0.6187938107077219,56
0.7548121138807736,-0.69532101487091,56
0.3527894458831211,-0.7748089402558469,56
0.40124900994339263,-0.5919783781911104,56
0.39890630155540946,-0.5737124330846046,56
0.46664323856983997,-0.6187938107077214,56
0.827525217415713,-0.8651751630605832,55
0.8515520718757703,-0.9032198785301268,55
0.7264084412664088,-0.8737993713924348,55
0.8023368926795279,-0.9347125341760596,55
0.8275252174158149,-0.865175163060488,55
0.8515520718757669,-0.9032198785301302,55
0.7264084412664065,-0.8737993713924372,55
0.8023368926795468,-0.9347125341760437,55
3.2799479544024113,0.5389351498725292,2
3.1161052118130645,0.4596921489746077,2
3.2174475238997537,0.5052384982526228,2
3.144646278015425,0.5059769236643101,2
3.134906854885603,0.523803877537994,2
3.1806037744617903,0.5446625933649654,2
3.1704707755683255,0.5393692257483976,2
3.1912754532827203,0.4759457870520981,2
3.138837045002599,0.5637670726939247,2
3.1505766014025856,0.5306778747615774,2
0.8276375530352696,-0.9431531784351186,55
0.7013794214562057,-0.9404768438701564,55
0.805804162429029,-0.8686657855793908,55
0.7570861889658064,-0.8480499852768231,55
0.8360086713790452,-0.8836166101174846,55
0.8276375530271336,-0.9431531784417968,55
0.7013794214561979,-0.9404768438701616,55
0.8058041624292074,-0.8686657855792094,55
0.7570861889651112,-0.8480499852775125,55
0.8360086713790705,-0.8836166101174618,55
-0.1794569881920835,0.07637279750736976,60
-0.1325778675541217,-0.03637476536608495,60
-0.18505641313428253,0.02739190907118353,60
-0.1700247903313332,-0.046152820145785055,60
-0.17945699041679158,0.07637279938740127,60
-0.1325778659839642,-0.03637476682127819,60
-0.18505641349868265,0.02739190940524102,60
-0.17002480043414278,-0.04615280978376192,60
1.9384371773446316,1.4739987402925705,11
1.8964155068686972,1.3415581975507864,11
1.9125883855908596,1.3366443976694287,11
1.881454308944107,1.390891566409866,11
1.893275146298162,1.4233094674528735,11
1.990195667604902,1.669525689435853,11
2.0190796165650453,1.6084218058227426,11
2.0080852763725745,1.5507778536632253,11
1.9852317379903357,1.6794324443358926,11
2.025583240836545,1.5862568023437154,11
-0.16216156962448683,0.04660790987490626,60
-0.2765465442168707,0.025206544626683956,60
-0.2090076710428975,0.0530030787369149,60
-0.24448375426999408,0.12418233742443768,60
-0.18965070682280244,0.034037503282250206,60
-0.1621615740114325,0.046607913525546614,60
-0.2765465441209567,0.025206544527007164,60
-0.2090076709146654,0.05300307861588545,60
-0.2444837545460848,0.12418233767557998,60
-0.18965070728233338,0.03403750370657647,60
0.14400458756481238,-0.409838484140077,59
0.19110732764638425,-0.474493972640209,59
0.07575552297441433,-0.4314168013030554,59
0.13319093243633293,-0.47995800532563326,59
0.14400458756478102,-0.40983848414005053,59
0.19110732764638433,-0.4744939726402087,59
0.07575552297442262,-0.4314168013030753,59
0.13319093243633418,-0.479958005325672,59
2.6980400347995506,2.097784865764289,1
2.5651282631741115,2.0947981779731246,1
2.651264991887511,2.110060336518229,1
2.5772445515105495,2.082929204407898,1
2.5544781076440115,2.0718454821521717,1
2.6671501198165135,2.260069327592027,1
2.5914365431179207,2.270078640156063,1
2.677872920893315,2.231471843135851,1
2.5711540726882864,2.328843782218573,1
2.6251388945440595,2.294313686990081,1
0.2691987832470488,-0.4321515204766649,59
0.07044236094507553,-0.5173351172013511,59
0.10289039768535557,-0.5068536163460702,59
0.06030926395960057,-0.36296196695682686,59
0.1381352356551335,-0.4196953445694952,59
0.26919878325632185,-0.43215152047410227,59
0.07044236094506262,-0.5173351172012932,59
0.10289039768536704,-0.5068536163463845,59
0.06030926395973264,-0.36296196695705146,59
0.1381352356563626,-0.41969534457115665,59
0.6240491790228508,-0.8075106960041311,54
0.7123351466836428,-0.8477287007655365,54
0.5719083646770843,-0.8026804457428623,54
0.64382459618765,-0.9214206080038061,54
0.6240491790228497,-0.8075106960041311,54
0.7123351466819842,-0.8477287007673111,54
0.5719083646770866,-0.8026804457428608,54
0.643824596187599,-0.9214206080038565,54
2.848108309436623,1.0243407975137468,7
2.80411446238919,0.9045997089267472,7
2.810182618871219,0.9244197737731897,7
2.80807464902316,0.9458388814237025,7
2.764374904041139,0.958523588487804,7
2.8552978154331705,1.0476501264918994,7
2.87656382353103,1.0068991605484474,7
2.849185916515102,0.9447312553406573,7
2.8087435434743613,1.011188740677747,7
2.833728054403733,0.9727765621942807,7
1.0130149588068789,-0.7903340826728439,54
0.4819343735351955,-0.9297515064922387,54
0.6100261492246195,-0.752385320065191,54
0.5874942012968505,-0.7296481956619173,54
0.6207144658420379,-0.8002414580945385,54
1.0130149588069222,-0.7903340826727917,54
0.481934373535195,-0.9297515064922384,54
0.6100261492246538,-0.7523853200651396,54
0.5874942012968518,-0.729648195661915,54
0.6207144658420364,-0.8002414580945395,54
0.7022596951370206,-1.2763806401224238,53
0.8282398450167818,-1.3224737110402502,53
0.6880271435343913,-1.3187845192524423,53
0.8029079475845101,-1.3369956326464247,53
0.7022596951370165,-1.2763806401224262,53
0.8282398447026013,-1.3224737113102916,53
0.688027143534594,-1.318784519252267,53
0.8029079475999928,-1.3369956326336014,53
3.5305818476415496,1.3071590742185588,2
3.394590511493812,1.192116042526968,2
3.439543038943147,1.2626606046983584,2
3.4013851344715835,1.2480039244437653,2
3.353023117982816,1.2764014188672068,2
3.464678285903666,1.3271227925733073,2
3.423143467865498,1.3065864628445456,2
3.4332754316857286,1.2507656681082102,2
3.358894800975904,1.3220252838305206,2
3.386491003010322,1.2695861477748664,2
0.8893122738275134,-1.2289312087052615,53
0.6366774365537551,-1.351551329182146,53
0.817158646739207,-1.3043612795206185,53
0.7386096371087707,-1.2766261768871503,53
0.7692559547732464,-1.356967212678811,53
0.889312274505526,-1.2289312081891786,53
0.636677436553769,-1.3515513291821337,53
0.8171586458977441,-1.30436128020888,53
0.7386096371096758,-1.276626176886415,53
0.7692559546109061,-1.3569672128165604,53
0.16905805271575505,-0.24417487757811798,58
0.18285498620834023,-0.2762155157120396,58
0.11945421008401483,-0.2621950334062853,58
0.15232049543924386,-0.30438472874527306,58
0.169058052715755,-0.24417487757811795,58
0.18285498620834048,-0.2762155157120397,58
0.11945421008401481,-0.26219503340628536,58
0.15232049543924378,-0.3043847287452729,58
2.11392998941485,1.6324428087934015,14
2.079280169889588,1.5731196128837808,14
2.069470671449949,1.5360353143938725,14
2.0405981238488353,1.56728364128202,14
2.0796777600254894,1.6260455191389007,14
2.187641227350523,1.7501783158869304,14
2.2286104561828206,1.7862453168753678,14
2.198275699171077,1.6815662422757487,14
2.155458231691786,1.768918153397519,14
2.239847777525714,1.7628041170970814,14
0.3012865059532074,-0.31955798505291894,58
0.084735797651518,-0.29955674166206225,58
0.1326575159050409,-0.22860367974584975,58
0.1135057948441561,-0.20741344383227128,58
0.15249844693726144,-0.265696799880456,58
0.30128650595323,-0.31955798505293753,58
0.08473579765151802,-0.2995567416620623,58
0.13265751590504077,-0.22860367974584983,58
0.11350579484415618,-0.20741344383227123,58
0.15249844693722478,-0.26569679988042033,58
0.23543625479022431,-0.6927428925156616,57
0.33277760280473057,-0.713612417801492,57
0.21802259970691873,-0.7606143927473802,57
0.28450918654487917,-0.7605099632136706,57
0.23543625479022576,-0.6927428925156547,57
0.3327776026795451,-0.713612418439721,57
0.21802259970691965,-0.7606143927473666,57
0.2845091865446962,-0.7605099632159755,57
2.871820467368049,2.2138161622711747,0
2.7669809139286645,2.1811065808325707,0
2.8048056893682456,2.1787426986837217,0
2.7701211969429576,2.1507540035517403,0
2.7634098222161185,2.1929979042649697,0
2.8914047659459308,2.284812321827794,0
2.8254545047617206,2.312479446092074,0
2.86690610949519,2.255336062261813,0
2.772514141842138,2.3091634286468037,0
2.8613393658429085,2.3077496240948165,0
0.4202030499158341,-0.9507268855753137,57
0.18035609523597235,-0.8163137408460828,57
0.30747977759874523,-0.8167677486656437,57
0.2214830844535786,-0.6941088894861089,57
0.2906291033133429,-0.7997699291396633,57
0.4202030509251827,-0.9507268813605044,57
0.18035609523597224,-0.8163137408460823,57
0.3074797775490879,-0.8167677491791868,57
0.22148308445357737,-0.6941088894861142,57
0.290629103313582,-0.7997699291330388,57
2.5603728557198124,-1.9750900537438423,41
2.634429537093642,-1.9695480978967264,41
2.658379636347655,-1.9768370941739195,41
2.4986870027259047,-1.8886110239324818,41
2.560372855719812,-1.9750900537438418,41
2.6344295370936432,-1.9695480978967261,41
2.658379636347656,-1.9768370941739195,41
2.4986870027259043,-1.8886110239324807,41
1.0772233718551005,-3.6834584291057806,45
1.1575598503025037,-3.5911364843059403,45
1.105563619859304,-3.6304605801315657,45
1.2406059987903553,-3.545920174576398,45
1.1453857999358534,-3.766640961987828,45
0.942585539123946,-3.6384219706988685,45
1.1409910104996406,-3.600881301187876,45
1.100671352157031,-3.61810655529343,45
1.1502314392774167,-3.6182461132232393,45
1.1217553959794337,-3.6553976898597016,45
2.4860558179805787,-1.9116885386343656,41
2.531509245214892,-1.901882855153226,41
2.5790801480406813,-1.904183731973938,41
2.563835815420482,-1.859631447506061,41
2.452308214255955,-1.8338139492301828,41
2.486055817980579,-1.9116885386343656,41
2.5315092452148926,-1.901882855153227,41
2.579080148040683,-1.9041837319739392,41
2.5638358154204814,-1.8596314475060574,41
2.452308214255957,-1.8338139492301828,41
2.6696797524281233,-2.0251267652459344,41
2.558635176653591,-1.989893325905878,41
2.677476246031896,-1.9973123958507755,41
2.7515481742116985,-2.0303238600698386,41
2.6249998532411065,-2.0003959142253627,41
2.669679752428121,-2.0251267652459357,41
2.558635176653593,-1.9898933259058782,41
2.6774762460319046,-1.9973123958507597,41
2.7515481742116212,-2.030323860069961,41
2.624999853241106,-2.0003959142253507,41
1.0340454072538063,-3.5593810691898393,45
1.3270353318697696,-3.604902890179766,45
0.9232680311659334,-3.463102150788455,45
1.2737444860114737,-3.5679590397597196,45
0.9640533450304828,-3.5825538929644343,45
1.3349718811869011,-3.509410697291743,45
0.8830934693615441,-3.598714587943475,45
1.2959135610329553,-3.612769514190558,45
1.0333817816122142,-3.490605206829606,45
1.3066202431650322,-3.6354301229545816,45
1.0340447539566746,-3.559381231279656,45
1.3270353325341477,-3.604902889968339,45
0.9232680311560029,-3.4631021507908297,45
1.2737447407347375,-3.567958961860791,45
0.9640533450398556,-3.582553892962266,45
1.3349718809372306,-3.509410697371965,45
0.8830934688110669,-3.598714588059128,45
1.2959135605171792,-3.6127695143525775,45
1.0333817825650358,-3.4906052065841937,45
1.3066202431122496,-3.6354301229711243,45
0.5577270168523818,-0.5420606992543839,56
0.6197965669597952,-0.5688595071760758,56
0.5386591716168178,-0.5182074270430191,56
0.5541285053940144,-0.5750828194612518,56
0.557727016852382,-0.542060699254384,56
0.6197965669597952,-0.5688595071760759,56
0.5386591716168178,-0.5182074270430193,56
0.5541285053940144,-0.5750828194612518,56
2.4179260019248194,0.2915280646751499,6
2.414510178859304,0.1985622245138194,6
2.4717281081032314,0.2230149660376383,6
2.470792191325945,0.25212869139032723,6
2.4601926592052896,0.25177342100600725,6
2.348095783642234,0.2966359171175536,6
2.4317073158229205,0.26986974588947826,6
2.3940484682071697,0.2236471404273467,6
2.407908218236505,0.2909252379019034,6
2.4215520579026064,0.2616610087683412,6
0.8322992243592288,-0.5669303779504006,56
0.4537588760041377,-0.631754965245477,56
0.4830613135745954,-0.4996735306311932,56
0.5186687603342495,-0.48052325767412646,56
0.5227814553605071,-0.5477353816763743,56
0.8322992243592288,-0.5669303779504008,56
0.45375887600413733,-0.6317549652454774,56
0.4830613135745952,-0.49967353063119324,56
0.518668760334249,-0.48052325767412657,56
0.5227814553605074,-0.5477353816763745,56
0.9387617670616568,-0.7556346556117655,55
0.9442615756409067,-0.8358333824873526,55
0.7963555588964396,-0.7683855452483371,55
0.9007870815154668,-0.8589310872661956,55
0.9387617670616566,-0.7556346556117655,55
0.9442615756409111,-0.83583338248735,55
0.7963555588964416,-0.7683855452483347,55
0.9007870815154606,-0.8589310872662013,55
3.257784147168751,0.5477998686406927,2
3.081939405703005,0.4552138792263181,2
3.1878060706854794,0.47829834892812767,2
3.099704171936665,0.5253257636238283,2
3.1002682028770234,0.5344081150191451,2
3.143100692113725,0.5371036794402115,2
3.1434752018239505,0.540442467751469,2
3.159873999268815,0.4509298021831938,2
3.109574369578796,0.5710048013085478,2
3.1248541156872363,0.5100965149873284,2
0.9421473257629082,-0.8226511241445924,55
0.8213343216207538,-0.8151498446905451,55
0.9336896332113989,-0.7586263371510881,55
0.8299815242094719,-0.6918420329275317,55
0.8771357572678549,-0.7913805981040326,55
0.9421473257629105,-0.8226511241445903,55
0.8213343216206882,-0.8151498446906068,55
0.9336896332113989,-0.7586263371510878,55
0.8299815242094726,-0.6918420329275321,55
0.8771357572678539,-0.7913805981040328,55
-0.17281274671295455,0.20254699382832103,60
-0.16894268598900616,0.08980474962919782,60
-0.16835206139699166,0.130342063049338,60
-0.22592693776270634,0.10405790944729383,60
-0.17281275971328836,0.2025470042202692,60
-0.16894268574619206,0.08980474942708871,60
-0.1683520756365555,0.1303420746887021,60
-0.22592746436410815,0.10405837589844301,60
1.9178879430388476,1.427967258588972,11
1.875322800465825,1.314542669958374,11
1.907774699478935,1.2979921636613256,11
1.8627923241903785,1.344954430966079,11
1.8729168520032236,1.3852278089440377,11
1.9772559628038047,1.6704179715040335,11
2.014170453769086,1.622629697044108,11
2.009089462688769,1.5757198195786846,11
1.9777035186017793,1.7092599795736698,11
2.0120435638547653,1.5836753478243528,11
-0.16866272521728023,0.1728945507755325,60
-0.19581121798556284,0.10985563577472121,60
-0.20676262843980994,0.13959969978669612,60
-0.1873622367925792,0.19953720190459218,60
-0.21937525142781356,0.1388904944983334,60
-0.16865608050342526,0.17288927186545192,60
-0.1958112030073018,0.10985562354196525,60
-0.20676262893428807,0.13959970022256823,60
-0.18736223675831287,0.19953720187677718,60
-0.21937515653492667,0.13889041071221148,60
0.2365608828629441,-0.3328904217756505,59
0.27136356401466283,-0.41598493324458646,59
0.17544229817645066,-0.3540678687426433,59
0.22119960032976077,-0.4435281034030225,59
0.23656088286294874,-0.3328904217756571,59
0.27136356401576156,-0.41598493324451213,59
0.17544229817552046,-0.35406786874150215,59
0.22119960032976105,-0.4435281034029808,59
2.7442308181244845,2.0699651400225587,1
2.5771145548450956,2.093998634664364,1
2.6706038551563864,2.0750658007224145,1
2.583791025358379,2.058198045366743,1
2.5604943885229288,2.07271091207404,1
2.701386770924989,2.223094642855212,1
2.6177536591004387,2.2479895356076818,1
2.7176069733627037,2.212423198956866,1
2.588005842212405,2.310841841146621,1
2.642634233988175,2.2644957250448305,1
0.4071779277395885,-0.37283085648488845,59
0.1594836740285532,-0.4351585542044803,59
0.17906372116755323,-0.424359110112028,59
0.12162245218648371,-0.24513398785613047,59
0.2033011632703451,-0.3801786039299924,59
0.40717792825175564,-0.37283085665338084,59
0.15948367402873495,-0.4351585542051628,59
0.17906372116731786,-0.4243591101127032,59
0.12162245218043771,-0.24513398785267812,59
0.20330116326964778,-0.3801786039293504,59
0.7190864962085713,-0.6549229696648776,54
0.7788591970736358,-0.7587465703216356,54
0.6574269779821007,-0.7010100443738287,54
0.7337820218116039,-0.8136991499233772,54
0.7190864962085713,-0.6549229696648778,54
0.7788591970744971,-0.7587465703208117,54
0.6574269779821007,-0.701010044373829,54
0.7337820218058014,-0.8136991499290331,54
2.8609343828578195,1.0202159352827966,7
2.8151572976037937,0.9049260320325141,7
2.8226805409936584,0.9338840520003162,7
2.8117022217316423,0.9539376264322412,7
2.7613876190788518,0.9636138629328163,7
2.8441804503117276,1.062959100540663,7
2.890679758478798,1.030171618744827,7
2.8615312290111454,0.9731012900089081,7
2.802818347858687,1.0245086671027976,7
2.828984862778159,0.979320476135826,7
1.0640736475496313,-0.7069085557444584,54
0.6016853568801879,-0.7553003387768221,54
0.6566696239028018,-0.6622563023262237,54
0.6933976491745658,-0.6092598637355071,54
0.6878162586063552,-0.7255296746506598,54
1.0640736475496309,-0.7069085557444578,54
0.601685356880188,-0.7553003387768209,54
0.6566696239028039,-0.6622563023262203,54
0.6933976491745656,-0.6092598637355069,54
0.6878162586075708,-0.7255296746488119,54
0.8350393957063597,-1.2209737213833813,53
0.8845762622806664,-1.3067887531753497,53
0.7527578893202872,-1.267481055170657,53
0.858971721322592,-1.311919192413602,53
0.8350393957076048,-1.220973721382428,53
0.8845762649480533,-1.306788751037663,53
0.7527578893194323,-1.2674810551713376,53
0.8589717211932635,-1.3119191925186973,53
3.537211531716162,1.293651141678887,2
3.359097188059516,1.2118218352625834,2
3.4125236976197075,1.2541853622322738,2
3.375381198723669,1.248362599945864,2
3.322380175601949,1.2988838556437328,2
3.4580621403274385,1.306808912920715,2
3.4016612437587495,1.3229446110752137,2
3.4292080140659764,1.2494601838687842,2
3.3300514645995896,1.3147934640136636,2
3.3642907245710356,1.2723178778180406,2
1.0598647703153312,-1.1706335516516477,53
0.7177853816870446,-1.3007744286976146,53
0.8274759569923896,-1.2747371658731272,53
0.8718765161951371,-1.1805860981882248,53
0.7996169751264739,-1.2990221041959051,53
1.0598647565497972,-1.1706335624304507,53
0.7177853816836882,-1.3007744287004348,53
0.8274759578844559,-1.2747371651572204,53
0.8718765163328797,-1.1805860980859229,53
0.7996169746333064,-1.299022104600881,53
0.20437657465945344,-0.12743943518256853,58
0.1920611579190341,-0.18678911691695904,58
0.15518300148628122,-0.1762813099066285,58
0.16670933255535983,-0.21218592240910444,58
0.20437657465945402,-0.127439435182569,58
0.19206115791903466,-0.18678911691695954,58
0.15518300148628136,-0.17628130990662866,58
0.16670933255534084,-0.21218592240908765,58
2.135404860820955,1.6243901949652038,14
2.1078386324761524,1.571167669036407,14
2.0931932429424207,1.5297643111502757,14
2.066336198165706,1.5632936744471304,14
2.0982464488186605,1.6009230079117405,14
2.2006182166684782,1.776306457233778,14
2.2537056069711174,1.8013042783105961,14
2.223953614050971,1.7070711565069487,14
2.1690598995211805,1.7951043966259195,14
2.2483187326402567,1.7672798926118467,14
0.27701302327304794,-0.2153886812866216,58
0.1528279410714525,-0.2088878790001354,58
0.15189672991680467,-0.168776764066172,58
0.14835570068450363,-0.11894405114426045,58
0.14795257864991804,-0.18864992170065573,58
0.2770130232288877,-0.2153886812534607,58
0.15282794107145242,-0.20888787900013533,58
0.1518967299168089,-0.16877676406617598,58
0.14835570068450382,-0.11894405114426077,58
0.14795257865117803,-0.188649921701712,58
0.29019836015824807,-0.6208822565749931,57
0.43399519532786224,-0.6036027024985834,57
0.2852089364288425,-0.6686160173446538,57
0.34555201326477974,-0.7407411441676249,57
0.2901983601581789,-0.6208822565751623,57
0.4339951921065863,-0.6036027065547372,57
0.2852089364291623,-0.6686160173434414,57
0.3455520130978625,-0.740741145053079,57
2.908560074919489,2.192531937011662,0
2.782845722066474,2.1589079802163944,0
2.818775007895078,2.1430333806753206,0
2.7784755140152724,2.1039848891515214,0
2.7807184019913014,2.1696515767938123,0
2.9315941079195813,2.2428938022708684,0
2.8435838797934885,2.31981472737532,0
2.898706998154283,2.2333222138355833,0
2.790211609668764,2.2925827959995857,0
2.875074959221854,2.29513557002209,0
0.7015779179537556,-0.6552331062722491,57
0.22628461865402127,-0.7856030770266742,57
0.3573347189054883,-0.7491487452605783,57
0.3053404094421295,-0.5925653242816712,57
0.30661273931934047,-0.7723427582379636,57
0.7015781312871944,-0.6552329663957825,57
0.22628461865402147,-0.7856030770266742,57
0.35733472428397833,-0.7491487238716076,57
0.3053404094421507,-0.5925653242816292,57
0.30661273929856614,-0.772342758514686,57
2.593994933585676,-1.9366261458188125,41
2.7470725308753745,-1.9891343237582058,41
2.73779005740084,-1.9577456970477738,41
2.6191711383992486,-1.9361103330584424,41
2.5939949335856687,-1.9366261458188245,41
2.747072530883474,-1.9891343237446584,41
2.73779005740084,-1.9577456970477713,41
2.6191711383992526,-1.9361103330584388,41
0.9420677039065541,-3.8654457552821397,45
0.9845424663056729,-3.690402690450189,45
0.9428065641536532,-3.7648197702739297,45
1.068386586184102,-3.6700603793347133,45
0.9695720137145205,-3.9280103882761535,45
0.6849547513037644,-3.7954774470366,45
0.9684587458490579,-3.7097376115825105,45
0.943154164745039,-3.7484066514181498,45
0.947819341103979,-3.7059770221498716,45
0.9277340435035035,-3.815678358197065,45
2.44341344946334,-1.8933418948870766,41
2.552735800767401,-1.9172510150268431,41
2.6911812369689727,-1.9358539682959865,41
2.647608871725615,-1.8611165110503136,41
2.535673429712493,-1.8420600547920747,41
2.4434134494633404,-1.8933418948870773,41
2.5527358007674015,-1.9172510150268398,41
2.6911812369689807,-1.935853968295976,41
2.647608871725648,-1.8611165110502579,41
2.535673429712493,-1.8420600547920762,41
2.660516316443388,-2.035176391346447,41
2.5690580369803593,-1.9796028823494234,41
2.6980456763776837,-1.9382589421151843,41
2.748974532894728,-1.9740503620811194,41
2.67481943222297,-1.9982402592550306,41
2.6605163164433834,-2.0351763913464573,41
2.5690580369803584,-1.979602882349423,41
2.6980456763777823,-1.9382589421150145,41
2.7489745328946915,-1.9740503620811773,41
2.674819432222986,-1.9982402592550044,41
0.8080284194202362,-3.717003114585443,45
1.0966526201725026,-3.72335061386388,45
0.7019269129139909,-3.594780528609882,45
1.0159969960874777,-3.5910352290348655,45
0.7207115433339969,-3.7470173113807115,45
1.0977599380679255,-3.598820538929079,45
0.6658340543501284,-3.7535808610109247,45
1.0428240179971728,-3.781028500787866,45
0.7984218224228373,-3.648328375200014,45
1.069975620671015,-3.7321207609431126,45
0.8080283846946443,-3.7170031212050882,45
1.096652953203881,-3.723350529802248,45
0.7019269128616047,-3.594780528619891,45
1.0159969963940434,-3.591035228960667,45
0.7207116519215226,-3.7470172920429548,45
1.0977599380827847,-3.598820538925199,45
0.6658340543278891,-3.7535808610146963,45
1.0428240178539943,-3.7810285008211104,45
0.7984214683293621,-3.648328442965059,45
1.0699756206420847,-3.7321207609501887,45
0.8521188349367708,-0.7247594367617958,56
0.8309518197366718,-0.7173645347895228,56
0.7521323783251109,-0.6929081824733736,56
0.8197265556433305,-0.7324818951746268,56
0.8521188349367713,-0.724759436761796,56
0.8309518197366714,-0.7173645347895229,56
0.7521323783251113,-0.6929081824733743,56
0.8197265556433309,-0.7324818951746271,56
2.785437518674802,0.34418750528406983,6
2.7806045198000966,0.2353714613039696,6
2.851704575221164,0.2889787911842581,6
2.82412898584306,0.31370646228318205,6
2.8398388228056537,0.27652682862799716,6
2.776067651575872,0.3541641332989461,6
2.796746231722178,0.33803037628284566,6
2.8073913505755352,0.28848075683913155,6
2.7978943961291955,0.3559241857459045,6
2.825066460360075,0.2933111629766305,6
1.1494160021319988,-0.7772981562898975,56
0.6768551562698489,-0.885127563852628,56
0.6536905034943148,-0.6387306142203483,56
0.6902545295483126,-0.6613193967214268,56
0.7476399308045781,-0.7108595780842601,56
1.1494160021319981,-0.7772981562898972,56
0.6768551563974488,-0.8851275637386412,56
0.6536905034943148,-0.6387306142203483,56
0.6902545295483129,-0.6613193967214273,56
0.7476399308045928,-0.7108595780842514,56
1.1187837664339564,-0.885854895874015,55
1.0884680874145396,-0.9596372422192865,55
0.9941964802979448,-0.9141979666136126,55
1.1240415618066137,-0.9930172165262845,55
1.1187837664339582,-0.8858548958740127,55
1.0884680874152475,-0.9596372422185623,55
0.9941964802978311,-0.9141979666137113,55
1.124041561806426,-0.993017216526463,55
3.598739080360136,0.6505443455627852,2
3.424411519672401,0.5537044588258738,2
3.528016702821363,0.6078024527046694,2
3.4579027656854127,0.6071520135214158,2
3.47620637204467,0.6353282972984712,2
3.5451995665553633,0.6699519593742564,2
3.46006751306785,0.6451201078324159,2
3.5069132000169616,0.6053330932127403,2
3.4410944340510574,0.6642534294287122,2
3.4629080270475217,0.6445494536733228,2
1.0937270864317021,-0.9237546319996477,55
1.101087239075509,-0.9500576901652907,55
1.0996179348465243,-0.8967281415158544,55
1.0567069760438428,-0.8713710443216237,55
1.121638588369926,-0.9314089757228396,55
1.0937270864317066,-0.923754631999644,55
1.1010872390691155,-0.9500576901711385,55
1.0996179348465305,-0.8967281415158479,55
1.0567069760438412,-0.8713710443216245,55
1.1216385883699214,-0.9314089757228453,55
0.39733286653014926,-0.16365920041648363,60
0.48939212005613475,-0.33650487918730143,60
0.3542540338270589,-0.19595535243449133,60
0.4961038556819482,-0.36707144145778764,60
0.3977656433752251,-0.1639516847957073,60
0.4891875991105105,-0.33639461773632884,60
0.3542215266423025,-0.19593263860426435,60
0.4947548176691787,-0.366374002741688,60
2.4152409671097073,1.59106423603173,11
2.350755642226738,1.4851568204778915,11
2.3961677405240147,1.5205248314044342,11
2.362214139540457,1.5691598973559626,11
2.362097874886429,1.5645543691446326,11
2.4206630827130216,1.7204751628877095,11
2.4415533108122625,1.6978952011728672,11
2.422157318763368,1.6531116457775192,11
2.4216006311253078,1.7791761406344395,11
2.4764543964449963,1.690122397188894,11
0.47064106643669484,-0.2722613076742002,60
0.2782979939379028,-0.18690816649281863,60
0.15549283534025257,-0.06296708454084343,60
0.18143382502559552,-0.02948401790625494,60
0.24711793112318406,-0.15951818834926387,60
0.470635103764939,-0.2722577981296438,60
0.27885660069047935,-0.1873217633338076,60
0.15550661057646137,-0.06297629809077442,60
0.18143110573713248,-0.029482213309480157,60
0.24708108440462945,-0.15948997857600405,60
0.5822181725647779,-0.5056056180323327,59
0.6705608769757173,-0.5593066572217201,59
0.5564230628474233,-0.5200517470836404,59
0.6038201958973294,-0.6009028436498434,59
0.5822181725647668,-0.5056056180323298,59
0.6705608769724005,-0.5593066572208547,59
0.5564230628474748,-0.520051747083647,59
0.6038201959008577,-0.600902843649042,59
3.0704675365547938,2.0471216487882997,1
2.9510007541143968,2.0648598883358282,1
3.0344897764219176,2.070483985088077,1
2.966555957460433,2.068114324400917,1
2.9529679195630525,2.083986284461405,1
3.001593344444517,2.2405111903232835,1
2.950823405586161,2.2653637551117836,1
3.013665347937901,2.224574135302322,1
2.9062809085006744,2.3209298184361957,1
3.002847211736358,2.309413237089868,1
0.8174581281209033,-0.6031727813888059,59
0.5390091855251955,-0.6533753461106704,59
0.5991019962445759,-0.558957562709608,59
0.5862772225215667,-0.4706766478421747,59
0.6368533397038098,-0.5628366559191568,59
0.8174581281424986,-0.6031727813971791,59
0.5390091820958538,-0.6533753495805404,59
0.5991019962449993,-0.5589575627096773,59
0.586277222521771,-0.47067664784223234,59
0.6368533397078848,-0.5628366559202611,59
0.8480134674335587,-0.8254684278695124,54
0.9339081291168644,-0.8938346291207984,54
0.7785028561557857,-0.8572726172724894,54
0.9197495126853956,-0.9620797600995779,54
0.848013467433255,-0.8254684278698619,54
0.9339081283322912,-0.8938346299952591,54
0.7785028561552595,-0.8572726172730462,54
0.9197495124038114,-0.9620797603765079,54
3.1179596330028696,1.007656582674247,7
3.1142038261850424,0.8925204375858142,7
3.1157845691326096,0.9276337750718613,7
3.0987614592567496,0.9534458980232906,7
3.086952032089026,0.964324747107513,7
3.160094748683404,1.0439898883259107,7
3.1532566575965886,0.9900068604395861,7
3.142542379775552,0.9420508488448535,7
3.1056177769334896,1.0213712319805672,7
3.1286166913476303,0.9804747037437644,7
1.204735730004556,-0.8146049553616231,54
0.7219886001791999,-0.9514957266779882,54
0.850938044013733,-0.7953354388181479,54
0.8305603988102769,-0.7886481414783388,54
0.8984954065933508,-0.8710473671890763,54
1.2047357300045574,-0.8146049553616224,54
0.721988600141492,-0.9514957267114432,54
0.850938044179404,-0.7953354386450836,54
0.8305603988154256,-0.7886481414719744,54
0.8984954052026612,-0.8710473688148187,54
0.9913954894585796,-1.1775619750418966,53
1.015652983586483,-1.2475588219592675,53
0.8460550839662023,-1.2749788354712752,53
1.0588800003204644,-1.2543992059183977,53
0.9913954890556989,-1.1775619753644317,53
1.0156529681598763,-1.2475588344327606,53
0.8460550837427696,-1.2749788356441345,53
1.058880002688199,-1.2543992039737821,53
3.776094077288096,1.2474679407063995,2
3.7038838251209123,1.1391931281445928,2
3.7249333850404,1.1857316051039477,2
3.683963792139711,1.1794945522688094,2
3.6817384864350284,1.1947486697448315,2
3.736092677227824,1.292584512289648,2
3.698403496042732,1.2722929512637284,2
3.7253878767103097,1.2252138932739565,2
3.6637817315564223,1.2620895720196923,2
3.6872702714282,1.2435906559816032,2
1.1006033250876448,-1.1378011133874706,53
0.860300451110061,-1.3334877444993478,53
0.9891669788159446,-1.2262512096550686,53
0.9250230684998527,-1.2068457231776726,53
0.9255125751086629,-1.2806369982179096,53
1.1006033242272022,-1.1378011140925697,53
0.8603004457894923,-1.3334877490300097,53
0.9891669666999996,-1.226251219569704,53
0.925023066486155,-1.2068457248073237,53
0.9255125693920241,-1.2806370029371472,53
0.5341185897625185,-0.35739560795435876,58
0.4989744399062985,-0.4166894358268836,58
0.43916301662634105,-0.38387116357402207,58
0.47197264104269343,-0.4525688088288729,58
0.5341185897625145,-0.35739560795435676,58
0.4989744399063068,-0.4166894358268871,58
0.439163016626341,-0.38387116357402196,58
0.47197264104269737,-0.452568808828873,58
2.5243100528404674,1.6061577791894113,14
2.4609765557993084,1.545357090285213,14
2.464646235158088,1.5363772598275103,14
2.428049225851201,1.583833248956879,14
2.4539161773031544,1.6310912944423557,14
2.5667493278884157,1.7062764219307383,14
2.597100187637427,1.7135825441930712,14
2.5535559074013583,1.6297514143705274,14
2.5333763069994646,1.7268757036168163,14
2.6032059097261695,1.7127331717290222,14
0.7464933944959533,-0.5277026847568871,58
0.4468884010691552,-0.40800321142790086,58
0.4180465042061549,-0.36537241278095317,58
0.4071067304890872,-0.3180403421657626,58
0.458213447164314,-0.4386129861378914,58
0.7464933945826558,-0.5277026847932459,58
0.44688840106915506,-0.4080032114279009,58
0.41804650420615397,-0.3653724127809527,58
0.4071067304890873,-0.3180403421657627,58
0.4582134471643231,-0.43861298613789257,58
0.6286603057938241,-0.7389968328128776,57
0.7919933876159232,-0.7586565222188932,57
0.5230054342112798,-0.9102740745299659,57
0.6535612659104624,-0.9669342494706504,57
0.6286603055966261,-0.7389968330901815,57
0.7919933879891425,-0.7586565217716053,57
0.5230055758966796,-0.9102738866486463,57
0.6535575733484655,-0.9669378232381551,57
3.22788485827046,2.1305170444165804,0
3.152878639528918,2.099732378827917,0
3.175984293144204,2.098994704626846,0
3.103693859468866,2.079304757146328,0
3.116540884064729,2.1314574576078957,0
3.189802461845495,2.216382225014048,0
3.178441868151448,2.229051210897931,0
3.212659941919948,2.1760683867398414,0
3.1116364642086456,2.2312744581103465,0
3.212344780547786,2.227590699037069,0
0.9570252366125781,-0.735179881107796,57
0.4678934793518743,-0.987957727531797,57
0.7331001218170415,-0.873960006453544,57
0.6473499352292716,-0.6961885407683406,57
0.6147412276625688,-1.0080813782538494,57
0.9570252366117239,-0.7351798811087029,57
0.4678934793518747,-0.9879577275317973,57
0.7331015150486999,-0.8739580566079101,57
0.6473499352606612,-0.6961885407284841,57
0.6147412905163455,-1.0080813349892879,57
2.6916297274872583,-1.927511934320063,42
2.770885883624397,-1.8911972990122088,42
2.8067586328911793,-1.9282202029109534,42
2.6535252103814932,-1.8711291432542427,42
2.6916297274872676,-1.9275119343200529,42
2.770885883624399,-1.8911972990122041,42
2.8067586328911784,-1.9282202029109523,42
2.6535252103814946,-1.8711291432542425,42
0.5434590493740991,-4.109240442566339,46
0.7282409110721233,-3.867403532824901,46
0.6364610789990229,-3.9507060402515077,46
0.8425361197057343,-3.8323932948546657,46
0.6569384488531674,-4.11068081735304,46
0.45646628568506037,-3.945302215996921,46
0.7061983640647506,-3.8229814467816943,46
0.5978133331206451,-3.8765643501595592,46
0.7298381440388947,-3.765050116103954,46
0.6240233838520942,-3.995236862980461,46
2.8138188794739296,-2.008468789094509,42
2.6551983187063373,-1.899053405386979,42
2.711247336659416,-1.858506208552604,42
2.7444764946494624,-1.8632643454911069,42
2.608380492449799,-1.853189274772761,42
2.813818879473715,-2.00846878909484,42
2.65519831870634,-1.899053405386976,42
2.711247336659416,-1.8585062085526087,42
2.74447649464946,-1.8632643454911086,42
2.608380492449799,-1.8531892747727596,42
2.8723939553131053,-2.099174270866347,42
2.845931780182813,-2.0995970801378783,42
2.9025656836791622,-2.0100525458108383,42
3.0694914865609926,-2.1364038698500045,42
2.8562321214863786,-2.0336673540514214,42
2.87239395531306,-2.099174270866414,42
2.8459317801826582,-2.099597080138102,42
2.902708224462087,-2.0098100971213566,42
3.0694914865610428,-2.1364038698499295,42
2.856232121486399,-2.0336673540513894,42
0.5317763745443825,-3.865506751262359,46
0.8938018273200294,-3.842287390814437,46
0.44857491010943157,-3.7535880635644965,46
0.8563162054979351,-3.7426345332145243,46
0.5070304610876406,-3.8581960242131386,46
0.8779666777005725,-3.7704171273739377,46
0.40682323914848734,-3.9023349385281754,46
0.8653948828065045,-3.84349580676198,46
0.5455835013476534,-3.832644170125706,46
0.905510117487531,-3.8861556051123483,46
0.5317763790422407,-3.8655067506807343,46
0.8938018238852949,-3.842287391489152,46
0.44857490966080077,-3.7535880636247905,46
0.8563162105913885,-3.7426345322492525,46
0.5070304815498768,-3.8581960215235434,46
0.8779665883439014,-3.7704171449973405,46
0.40682323704947687,-3.9023349387424653,46
0.8653948804816131,-3.843495807207291,46
0.5455834768636724,-3.8326441734536627,46
0.9055101718476399,-3.8861555943727724,46
1.8704007328023815,1.3680583104094828,5
2.195359408903579,0.6727680813299538,5
-2.0589337092086617,1.2907318880533718,86
-2.058933709208667,1.2907318880533687,86
2.654842116511279,2.399831690666408,3
2.630195499301919,2.4874599492991454,3
-1.6243811052913426,-0.09839294288930354,86
-1.6531916829380604,-0.020152396458161196,86
-0.16097790713174667,3.104572432720371,10
-0.17592975577091824,3.1739082653587634,10
-2.0377358087543356,1.5057184148429326,86
-2.0377358087543356,1.5057184148429326,86
1.4387145638223815,3.426476409553918,1
1.3862624805829498,3.525444266845374,1
-1.9415416935376912,1.0006066753171325,86
-1.9415416935376912,1.0006066753171325,86
1.699224187597768,2.2449081151062114,12
1.7183981093342704,2.320727467822902,12
-1.7529060574583066,1.4221473385575,86
-1.7529060574583015,1.4221473385574954,86
2.511233993069086,2.7336949067961243,4
2.5371420959388624,2.748826912503722,4
-2.3593177289855207,1.3584270788914155,86
-0.5895226329852018,-2.656175945055375,86
0.633490381773823,2.82205589694465,12
0.6726208847869373,2.9244589787213595,12
-2.048658967608615,1.5957577129884095,86
-2.0486589676086115,1.5957577129884075,86
1.6143047975369773,3.284141631321373,1
1.6406923402252434,3.3514580880400544,1
-2.250829449585834,1.3807736521117002,86
-2.2508294495857357,1.3807736521118268,86
2.0006901427760524,-3.35762581070645,52
1.8877936932617034,-3.4758299767650334,52
2.149031819188695,-2.2826207901508506,44
2.149031819188695,-2.2826207901508506,44
2.322172410828275,-2.450466191939503,44
2.322172410828277,-2.450466191939501,44
2.1258648478051922,-3.3920886430648998,52
2.1947555551998477,-3.40197690521911,52
2.1258647235510253,-3.3920887225791767,52
2.1947555460296555,-3.4019769112654523,52
1.8906495648187969,1.1968608220957666,5
1.9631616352901802,1.2651415079671748,5
-1.9834837509023135,1.2731263609982348,86
-1.9834837509023073,1.2731263609982377,86
2.6381066985572863,2.3813263625954137,3
2.608523935849524,2.4963933307385133,3
-1.7164054073732458,0.1865019934245515,86
-1.7166377151313281,0.1875222904445834,86
-0.1207879080526203,2.9922160205750754,10
-0.14160100283866633,3.0652715098407413,10
-2.0260697625351956,1.486503752752971,86
-2.0260697625351956,1.486503752752971,86
1.4017251778816089,3.4221469288350317,1
1.3572428961568386,3.530195076941255,1
-1.9334973442252563,1.058124071603987,86
-1.9334973442252563,1.058124071603987,86
1.7262496647677443,2.2093301766984674,12
1.7359047381170867,2.312629028213724,12
-1.6175844044943901,1.3451041579828544,86
-1.6175844044947139,1.3451041579830707,86
2.5180512605261884,2.7282766248804244,4
2.5428767253773237,2.7460792603290702,4
-0.6265988389805173,-2.5480730010406103,86
-0.626598839440528,-2.548073000524267,86
0.6732951083359057,2.790122612412711,12
0.7105376251846217,2.898641426798842,12
-1.9730721649834635,1.5280097981454908,86
-1.9730721649834635,1.5280097981454908,86
1.645519783008967,3.2954521235394054,1
1.6537511627314678,3.354884149056665,1
-2.227289736746824,1.4171551820845827,86
-2.2272897367468616,1.4171551820845334,86
2.0236865662198684,-3.453918718458582,52
1.9153538612652403,-3.559590786550178,52
2.168958321794392,-2.2417890179777205,44
2.168958321794392,-2.2417890179777205,44
2.3902821308745725,-2.4458231892348614,44
2.3902821308745703,-2.4458231892348654,44
2.13480358893447,-3.4650184576654954,52
2.1856983141159136,-3.4598533987837374,52
2.134803620720327,-3.465018437701909,52
2.1856982996371177,-3.459853408162825,52
-0.3649567584870733,-0.382074551550334,62
-0.3364557769312835,-0.31073831976978145,62
-0.35491996427761846,-0.20158653776309796,62
-0.3584828902922943,-0.30566820537312756,62
-0.3649567584870733,-0.3820745515503341,62
-0.3364557769312836,-0.3107383197697813,62
-0.3549199642776186,-0.20158653776309798,62
-0.3584828902922944,-0.3056682053731276,62
2.24022117726667,0.4384288304870687,6
2.3029165456012732,0.29123590692147655,6
2.3282377985902936,0.3191605851661231,6
2.334067675754596,0.29897259023982453,6
2.2972780673345006,0.26267663060631,6
2.2488160048559247,0.39901587444486264,6
2.299755070033207,0.3396261553983818,6
2.2817655062310362,0.2819675081496254,6
2.329993805542034,0.3371010242930424,6
2.2391277592067595,0.2642438808138355,6
-0.2159159417454917,-0.5807172806806654,62
-0.3840106251300833,-0.4191832985048569,62
-0.3028644911896011,-0.3052006395993815,62
-0.3167775032800725,-0.1585451006205746,62
-0.2599055898739885,-0.29044981288554084,62
-0.21591594174549147,-0.580717280680666,62
-0.38401062513008405,-0.4191832985048575,62
-0.3028644911896014,-0.30520063959938165,62
-0.3167775032800725,-0.1585451006205747,62
-0.25990558987398865,-0.2904498128855409,62
-0.37263213694240555,-0.9854708527770288,61
-0.314523822663608,-0.9723066647803823,61
-0.35833082740422223,-0.9365366443427866,61
-0.32286558629286394,-0.9540638723646697,61
-0.37263213694240543,-0.985470852777029,61
-0.3145238226636077,-0.972306664780381,61
-0.35833082740422206,-0.9365366443427862,61
-0.3228655862928642,-0.9540638723646697,61
3.088158564034948,0.9706675851963252,3
2.9818480988639333,0.6441837523450423,3
3.1310105970595274,0.6743955065421608,3
3.126634900379871,0.6601861411414852,3
3.025745836424971,0.5790864732335119,3
3.0184504542181334,0.9468102656880945,3
2.974417168929673,0.8761120449801888,3
3.040000847331083,0.6497190717201674,3
2.9869799587437136,0.9299645308153306,3
2.9313727257711197,0.7603508520424326,3
-0.319797542012283,-1.068425423435496,61
-0.44978732529756815,-1.09025376948879,61
-0.33341585563112064,-0.9476490811011817,61
-0.35569940105115627,-0.8312004647478043,61
-0.26040817876611283,-0.8654184749611251,61
-0.3197975420122828,-1.0684254234354955,61
-0.4497873252975677,-1.0902537694887884,61
-0.3334158556311205,-0.9476490811011807,61
-0.3556994010511565,-0.8312004647478044,61
-0.2604081787661127,-0.8654184749611249,61
-1.0202316204175235,0.752126749748847,68
-1.0070675398392712,0.7283427514334978,68
-0.9778145309008638,0.7428938347165264,68
-1.0353176266407833,0.7450365858670422,68
-1.0202316204175232,0.7521267497488469,68
-1.0070675398392714,0.7283427514334979,68
-0.9778145309008636,0.7428938347165265,68
-1.0353176266407835,0.7450365858670426,68
1.28249180932692,1.919744860407513,11
1.2411806827513878,1.8359478191151506,11
1.2793984086790031,1.8316055567635503,11
1.2597771839383127,1.8748026032799563,11
1.2505219387911337,1.7210501779826721,11
1.282602190606664,2.0023991538955093,11
1.3679510687788001,1.9605153357737288,11
1.3621012086331976,1.9376367234538452,11
1.2922744771879418,2.0125054564265072,11
1.306839008556963,1.8171535408603878,11
-0.7966249670585253,0.478106506438493,68
-1.0595210922658422,0.7186379187179986,68
-0.9792920479233435,0.6924397936287018,68
-0.9489063033148143,0.7608900085616133,68
-0.8980311562267652,0.6500283252486457,68
-0.7966249670585257,0.47810650643849323,68
-1.0595210922658407,0.7186379187179981,68
-0.9792920479233437,0.6924397936287018,68
-0.9489063033148148,0.7608900085616135,68
-0.898031156226765,0.6500283252486456,68
-0.751577842675027,0.06774051464056918,67
-0.7093983685705677,0.08948405404692726,67
-0.7401670912798686,0.15280798865357245,67
-0.7344953665674037,0.07793063241272304,67
-0.7515778426750266,0.06774051464056914,67
-0.709398368570568,0.08948405404692729,67
-0.7401670912798683,0.15280798865357256,67
-0.7344953665674034,0.07793063241272297,67
2.202136828870177,2.5968084623356034,1
2.1244653817091206,2.460168507760048,1
2.1898368764304514,2.5279971009402464,1
2.1497256612815305,2.3937325360406785,1
2.116288253008223,2.3719579803830793,1
2.1752690452885615,2.6832771738171193,1
2.1492721818533216,2.6230461571337913,1
2.2066724442103327,2.6303166068062556,1
2.095491175681522,2.64018932899126,1
2.081343284536848,2.5807111307231745,1
-0.6553851934097125,0.015661487296336235,67
-0.8325799043395862,0.07942357381676653,67
-0.6735236782881209,0.07673350819456104,67
-0.7268850987604706,0.23148213187231123,67
-0.671079510980393,0.11005590913417015,67
-0.655385193409712,0.01566148729633619,67
-0.832579904339586,0.0794235738167665,67
-0.6735236782881208,0.0767335081945611,67
-0.7268850987604702,0.23148213187231104,67
-0.671079510980393,0.11005590913417011,67
-0.08457163436215702,-0.3462571574316699,64
-0.04244003388568854,-0.2527880148135145,64
-0.06507534963982833,-0.18215977879218997,64
-0.06463671614053414,-0.2607867483636409,64
-0.0845716343621569,-0.3462571574316698,64
-0.04244003388568854,-0.25278801481351443,64
-0.06507534963982842,-0.18215977879219006,64
-0.06463671614053408,-0.26078674836364074,64
2.3572822180344666,1.2290275232197825,7
2.4502788948381555,1.0360746957142788,7
2.4489280928788153,1.0675643509203152,7
2.476380595484633,1.035518939562437,7
2.4165249120965426,0.9590345851287775,7
2.3204862864370424,1.297587704172137,7
2.4258286160200986,1.1458252878751594,7
2.434643215944027,1.048721008905034,7
2.4507243720367775,1.1731539130273583,7
2.3831090839020024,0.9812489485854221,7
0.1918439703684079,-0.44846587613517097,64
-0.15417457411692564,-0.3517063923614745,64
-0.06455604467399985,-0.2707326032184303,64
-0.020156000155360825,-0.0987722331632342,64
-0.016564200023977963,-0.2389828275762186,64
0.1918439703686599,-0.44846587613494404,64
-0.15417457411692564,-0.3517063923614748,64
-0.06455604467399984,-0.2707326032184304,64
-0.020156000155360905,-0.09877223316323436,64
-0.016564200023978005,-0.2389828275762187,64
-0.21688811921283582,-1.0517497966154097,63
-0.20079851121629794,-1.0890296994782815,63
-0.21891075562564064,-0.9793871497641696,63
-0.17526742323474281,-1.083366359386471,63
-0.2168881192128357,-1.0517497966154092,63
-0.20079851121629747,-1.0890296994782809,63
-0.21891075562564022,-0.9793871497641691,63
-0.1752674232347447,-1.0833663593864762,63
3.190168730172452,1.6864947217809856,4
3.1284165623937197,1.534872535207195,4
3.1780557110592143,1.580269255274279,4
3.186058806684105,1.5466183033570455,4
3.1047818541089485,1.502312674780333,4
3.1681305959474377,1.696266615808476,4
3.104648258272298,1.6490439096976757,4
3.117923113128662,1.628773454049424,4
3.1128195178708626,1.6513278507850655,4
3.0418723622550563,1.5579164262882366,4
-0.06359043592521,-1.235845606216625,63
-0.25829432381017137,-1.1202543263621676,63
-0.12309820010242709,-1.138537889504674,63
-0.12313870755706974,-0.9127301738723302,63
-0.051588872427905635,-1.0491434545952005,63
-0.06359043592015474,-1.2358456062118321,63
-0.2582943238103056,-1.1202543263624793,63
-0.1230982001023873,-1.1385378895046228,63
-0.1231387075570698,-0.9127301738723307,63
-0.0515888724279041,-1.0491434545951985,63
-0.45584397029056845,0.22565816445003298,66
-0.47021620519367635,0.2857185177843534,66
-0.4715587023521053,0.27993991554225905,66
-0.4968561673157154,0.27200467847867515,66
-0.45584397029056845,0.22565816445003298,66
-0.47021620519367635,0.2857185177843533,66
-0.4715587023521053,0.27993991554225905,66
-0.4968561673157155,0.2720046784786752,66
1.6055708239114743,1.8819030958144936,14
1.520482122825477,1.7629924919270719,14
1.545894625393837,1.7717082523816678,14
1.5331043556972535,1.8316732405600338,14
1.520492446191845,1.7321604142007558,14
1.6135255681234097,1.912163672010845,14
1.635847654667713,1.8889521677495413,14
1.6140201769950653,1.8096018613774063,14
1.5526597483555937,1.9042186141584099,14
1.6184676130136002,1.7793496067405228,14
-0.3448443489260878,0.04332503723249581,66
-0.4831196550670397,0.16235467263161774,66
-0.44471359783256903,0.20026182794948041,66
-0.43760931713652035,0.29413834092029517,66
-0.41510698384653866,0.20933450420218908,66
-0.34484434892608784,0.04332503723249584,66
-0.4831196550670398,0.16235467263161774,66
-0.44471359783256925,0.20026182794948058,66
-0.43760931713652046,0.29413834092029517,66
-0.41510698384653877,0.209334504202189,66
-0.5085303127894805,-0.20317095844713817,65
-0.5097821966521835,-0.1749664018983725,65
-0.5130353903860904,-0.1573119007700821,65
-0.4978472889085063,-0.21510871046045132,65
-0.5085303127894804,-0.20317095844713828,65
-0.5097821966521833,-0.17496640189837243,65
-0.5130353903860903,-0.15731190077008217,65
-0.4978472889085063,-0.21510871046045138,65
2.4006316417553473,2.5907275090422144,0
2.3183689338987974,2.426552620514789,0
2.366622593979326,2.4778639047131596,0
2.312235242908174,2.3960221690573094,0
2.333850484457223,2.4046845548198625,0
2.4404786597444925,2.6095542482323255,0
2.4006255330502495,2.5681326361291634,0
2.423576759765493,2.5823563591111314,0
2.3527420015780782,2.5457485857104287,0
2.359274829806095,2.543627037331822,0
-0.43956860075987864,-0.3007971671906612,65
-0.5505354282397685,-0.3384507512436858,65
-0.4700482112184412,-0.2326339957244181,65
-0.47856527906251856,-0.12848758598487395,65
-0.4443803492158258,-0.23999570967735437,65
-0.4395686007605583,-0.30079716718799465,65
-0.5505354282397685,-0.3384507512436857,65
-0.47004821121844104,-0.23263399572441804,65
-0.47856527906251867,-0.12848758598487398,65
-0.44438034921582625,-0.23999570967735429,65
2.1568220862276144,-2.07716443819106,43
2.300592509697036,-2.02850442093949,43
2.3593905983356938,-2.167897251572655,43
2.16402787533795,-1.981498307079108,43
2.1568220862276153,-2.0771644381910606,43
2.300592509697037,-2.02850442093949,43
2.3593905983356933,-2.1678972515726547,43
2.164027875337951,-1.9814983070791077,43
1.6970415651506954,-3.4727777942507343,51
1.824567217363931,-3.2016488798744187,51
1.6946756179888953,-3.292542769027714,51
1.8026810608568478,-3.1907409189304223,51
1.586530408082228,-3.464648310216885,51
1.7251339569184012,-3.379376529843471,51
1.7849270836650268,-3.171768959977382,51
1.8539557395242032,-3.220281636622781,51
1.8132049729463409,-3.1615039579470907,51
1.758720641292211,-3.307421825209387,51
2.077245069164288,-1.9116083744407986,43
2.2367648383991217,-2.1142409190995406,43
2.240801244552056,-1.965816825978282,43
2.2754796763028797,-2.1243103214941463,43
2.130294884926345,-2.024203202423432,43
2.077245069164288,-1.9116083744407988,43
2.2367648383991185,-2.114240919099541,43
2.240801244552057,-1.965816825978283,43
2.2754796763028806,-2.124310321494146,43
2.1302948849263452,-2.0242032024234318,43
2.2737320632545748,-2.209727800830236,43
2.203128564486689,-2.24414782098355,43
2.2498334556063604,-2.1058370752572078,43
2.3407100395158427,-2.2728767490026285,43
2.2633085596435523,-2.162323814459776,43
2.2737320632545743,-2.209727800830236,43
2.20312856448669,-2.24414782098355,43
2.2498334556063604,-2.1058370752572073,43
2.340710039515842,-2.2728767490026285,43
2.2633085596435514,-2.1623238144597763,43
1.7920775771408781,-3.227782907508894,51
1.7643431233964308,-3.259670883523086,51
1.7147090118065904,-3.1299712535369952,51
1.7310144538041343,-3.108971689734489,51
1.7979453635193354,-3.0403452012667764,51
1.8446797456192991,-3.1046609674604237,51
-2.6685002306687986,1.6056758196978134,51
1.7824457142146068,-3.2311900298717813,51
1.8270923663899996,-3.1305203861572988,51
1.715988252440125,-3.2019400810781806,51
1.792077581553374,-3.2277829051856846,51
1.7643431204137998,-3.2596708850568246,51
-2.7705983683186552,1.573886447113882,51
1.731014454670401,-3.1089716892655166,51
1.7979453663676384,-3.0403451997146598,51
1.844679744957625,-3.104660967862554,51
1.7047329458306981,-3.093347302538369,51
1.7824457161228173,-3.2311900288645146,51
1.8270923506250913,-3.1305203949051945,51
1.7159882473390076,-3.201940083690414,51
1.7489925538918678,0.7667045358856902,5
1.8581467928191089,0.5830663745131878,5
-2.1773409428032964,1.257547267312161,86
-2.1773409428032977,1.2575472673121602,86
2.458472550597136,2.3595177246941215,3
2.4267023557202654,2.3917116124136024,3
-1.724439240909565,-0.08580807670383707,86
-1.7244158158523812,-0.0858724914860225,86
-0.2490344986400152,2.9059630859538537,10
-0.06960768174895328,2.915053642717682,10
-2.3864915088212904,1.691445924737018,86
-2.3864915088212904,1.691445924737018,86
1.2431981866607085,3.3184706668515047,1
1.284681615842071,3.4022456634714464,1
-2.2561295337384024,1.1477364126707699,86
-2.2561295337384024,1.1477364126707694,86
1.6161756129517528,2.30255746954026,12
1.6596468942045752,2.3845444166728034,12
-1.7684124814982634,1.267769206996911,86
-1.768412481498305,1.2677692069969413,86
2.394726381415626,2.7838811629396227,4
2.3713586933866293,2.766005059150594,4
-2.348472084583131,1.1192001583137643,86
-0.7368191470053285,-2.461432882737501,86
0.5485628095600521,2.7616946352364695,12
0.6320135581091774,2.8472336105288183,12
-2.2672449260938823,1.6377073368996424,86
-2.2672449260938823,1.6377073368996424,86
1.505972672918846,3.252426179323025,1
1.5212400718361339,3.2770797918934544,1
-2.440080905269191,1.3893280810294413,86
-2.4400809052691925,1.3893280810294408,86
1.8445849429214696,-3.579957808935543,52
1.768681151545232,-3.563553368014416,52
2.4443616325647572,-1.9557373947967664,44
-2.017312841480742,1.648326190363407,44
2.79430568434559,-1.7467806946160098,44
2.794305684345657,-1.7467806946158415,44
1.9393644857143113,-3.5570326701715,52
2.0084359220067114,-3.5162525289970605,52
1.9393645278120248,-3.5570326471397715,52
2.008435859863452,-3.5162525645948612,52
1.7885277291955843,0.6245017939897817,5
1.8753408777941418,0.5103228842411979,5
-2.1269558494520178,1.256692767212292,86
-2.1269558494520178,1.256692767212292,86
2.982446655884452,1.3896975794452617,3
2.458826702333141,2.215964416349619,3
-1.6872050903640012,-0.07240949968960397,86
-1.6862835053910157,-0.07485398441849725,86
-0.14455353215938857,2.656733736147355,10
0.051065882303983526,2.7211534175167924,10
-2.3665744786227507,1.6675652398483591,86
-2.3665744786227507,1.6675652398483591,86
1.3723999026579796,3.1520203311664923,1
1.4056238121592541,3.258312065086087,1
-2.198535356520571,1.103279530415126,86
-2.198535356520571,1.103279530415126,86
1.6923450930488484,2.1204799708731286,12
1.7535087530661655,2.198486778406766,12
-1.7131030472360367,1.2482535866473625,86
-1.713103047236064,1.2482535866473812,86
2.490492456609491,2.6560308621496795,4
2.459291540568117,2.6145556751423817,4
-0.7420522922756757,-2.4372489070151877,86
-2.325914839413323,1.152009191093083,86
0.6223871494037919,2.6121021472710546,12
0.7078251789578731,2.704974402855786,12
-2.201555032959643,1.5815186194401996,86
-2.201555032959643,1.5815186194401996,86
1.5903898465828847,3.1382701555388905,1
1.6099409131071851,3.1466700585291325,1
-2.444365781459252,1.3320706086007668,86
-2.444365781459251,1.3320706086007663,86
1.8671188798872183,-3.6424353671973138,52
1.8289263824924782,-3.572191203229974,52
2.477560082061151,-2.000768680642476,44
2.477560082250236,-2.0007686802689313,44
2.84591129468107,-1.8305438713477802,44
2.8459112949295196,-1.8305438707566848,44
1.9452616014088762,-3.587245456483059,52
2.0192651004061255,-3.534159023181822,52
1.9452616554368496,-3.587245427207619,52
2.0192651232927568,-3.534159009882338,52
-0.5063245444662896,-0.3505322095515896,62
-0.46120271363006216,-0.27518863811227334,62
-0.5449024661585355,-0.15476898899366678,62
-0.46784588556158396,-0.33663091972296955,62
-0.5063245444662888,-0.35053220955159187,62
-0.4612027136300619,-0.2751886381122736,62
-0.544902466158538,-0.154768988993659,62
-0.46784588556158424,-0.3366309197229707,62
2.050810388885377,0.3348228421979772,6
2.1318996898226983,0.1671783647014789,6
2.1628194595977956,0.19974163698057162,6
2.1813944831684675,0.18372322606342711,6
2.1427883740425013,0.13832367330380588,6
2.029474267755526,0.3683909786017192,6
2.1277907142318444,0.2539318369529339,6
2.1065199164189568,0.21096297727465282,6
2.163317368385237,0.26430796117314903,6
2.0878416699362314,0.18522223720624803,6
-0.3278262865687757,-0.6087001319588642,62
-0.5623726241891913,-0.5091407186687489,62
-0.48131538099080995,-0.3080976035420474,62
-0.5444067068249009,-0.164890851565376,62
-0.4349715273495508,-0.2903086781691411,62
-0.32782628656870194,-0.6087001319590037,62
-0.5623726241891834,-0.5091407186687894,62
-0.48131538099081017,-0.30809760354204746,62
-0.5444067068249007,-0.1648908515653765,62
-0.4349715273495513,-0.29030867816914085,62
-0.575016597098564,-1.0161868407856738,61
-0.5155772162986348,-1.0408340033666017,61
-0.6338310068606443,-0.9929003589968358,61
-0.5015830449436953,-1.0580463345445987,61
-0.5750165970985622,-1.0161868407857069,61
-0.5155772162986332,-1.0408340033665902,61
-0.6338310068606513,-0.9929003589966513,61
-0.501583044943694,-1.058046334544593,61
3.0051490468195716,0.5526758540484648,3
2.8322233082524657,0.5080795432893112,3
2.9752352016084633,0.4741092143358053,3
2.9374199162180994,0.46516366973278417,3
2.8571801147718574,0.4708075065164128,3
2.9010265562047075,0.613958530606483,3
2.822022727842951,0.617456131437365,3
2.896942495486384,0.5106770095414638,3
2.8334939312676912,0.6138614994190692,3
2.7594434321204377,0.5724407426930687,3
-0.43756908140321205,-1.2244008482184006,61
-0.6995062267482784,-1.2119916180767587,61
-0.5069352721333239,-0.9490541028579695,61
-0.580373592416091,-0.8638932417087667,61
-0.4079339439031584,-0.9148291513839081,61
-0.43756908140321193,-1.224400848218399,61
-0.6995062267482794,-1.2119916180767498,61
-0.5069352721333239,-0.94905410285797,61
-0.5803735924160921,-0.8638932417087717,61
-0.4079339439031583,-0.9148291513839085,61
-1.4811543668464375,0.8726048834384763,68
-1.431784628404318,0.8589595511322042,68
-1.4985320683689776,0.9120975693146374,68
-1.5042335500909347,0.8967654421872421,68
-1.4811543668464375,0.8726048834384764,68
-1.431784628404318,0.8589595511322042,68
-1.4985320683689787,0.9120975693146374,68
-1.5042335500909343,0.8967654421872415,68
1.0630618859050829,1.8068310650592285,11
0.9817917269917885,1.6577490357648734,11
1.0774271419805264,1.6888797556856538,11
1.1004330116880194,1.7610984462805603,11
0.9631434492562052,1.55082711114586,11
1.1057389115840206,1.9009642591314317,11
1.1848480956503662,1.8166207758268167,11
1.1627367159878341,1.8088195078179277,11
1.1998436312856013,1.930938117208659,11
1.124609516267762,1.6607002970295166,11
-1.1282584179254846,0.5848460091615542,68
-1.60894748537431,0.9134722094602087,68
-1.3364913586076421,0.7614200319248048,68
-1.4043575875225323,0.850821081398497,68
-1.3293269990882384,0.7751314699118713,68
-1.128258417925485,0.5848460091615544,68
-1.6089474853743102,0.9134722094602086,68
-1.3364913586076421,0.7614200319248046,68
-1.404357587522532,0.850821081398497,68
-1.3293269990882384,0.7751314699118713,68
-0.9727860652478959,0.17620642152499938,67
-0.974198781761986,0.1499054182387507,67
-1.0399675463782458,0.19899720828847306,67
-1.0020008277083785,0.1285841743767059,67
-0.9727860652478959,0.17620642152499943,67
-0.9741987817619858,0.14990541823875095,67
-1.0399675463782467,0.19899720828847312,67
-1.0020008277083785,0.12858417437670594,67
2.018807065747782,2.573095615534295,1
1.9907905416748852,2.422886342445912,1
2.0291636126394152,2.5161350482529192,1
2.0240604899574195,2.3825680623623953,1
1.993878463338715,2.3255855360665403,1
2.0252191402806687,2.6512607041134357,1
2.0182171735932264,2.574963405227116,1
2.074627256028387,2.6102398792537564,1
1.9783781102921454,2.6142869190553544,1
1.992045632233276,2.5495364371099605,1
-0.856296932367939,0.03626750868412607,67
-1.0845392842464192,0.11352235508715884,67
-0.9559176861740297,0.16797355074030856,67
-1.040186592909947,0.2862569580415855,67
-0.9253069881282446,0.13806984744848644,67
-0.8562969323679388,0.03626750868412585,67
-1.084539284246419,0.11352235508715898,67
-0.9559176861740293,0.16797355074030848,67
-1.0401865929099474,0.28625695804158535,67
-0.9253069881282446,0.13806984744848624,67
-0.34986898759471624,-0.38455673439117943,64
-0.3113845990503148,-0.348213753718333,64
-0.36717736374356447,-0.3058310537293976,64
-0.33005741195952065,-0.36845043002866573,64
-0.3498689875947161,-0.384556734391179,64
-0.3113845990503147,-0.3482137537183329,64
-0.36717736374356447,-0.30583105372939784,64
-0.33005741195952054,-0.36845043002866573,64
2.2178163260607042,1.2239674696564113,7
2.24897834353462,0.9706120907662869,7
2.2631431259768715,0.9959346219665397,7
2.25761969503595,0.9357439781228628,7
2.187588203101939,0.870072735650264,7
2.227409677021384,1.2956810957427491,7
2.2880254203861345,1.1838117460851942,7
2.3278889234006264,0.9951227153609439,7
2.252672103634637,1.1893766482639112,7
2.1780556942651175,0.9010617739898397,7
-0.14691982178384583,-0.4502773718060754,64
-0.4333629366782124,-0.49025879255489324,64
-0.34425869818799004,-0.30856688167222746,64
-0.3709733509784451,-0.24420817687827406,64
-0.3067540943670338,-0.3159462124232737,64
-0.14691982178384583,-0.4502773718060754,64
-0.4333629366782124,-0.49025879255489274,64
-0.34425869818799004,-0.30856688167222734,64
-0.37097335097844497,-0.24420817687827417,64
-0.3067540943670336,-0.3159462124232736,64
-0.4332700216408336,-1.0492916151731841,63
-0.4178816769989489,-1.1314000041369114,63
-0.49470958524571745,-1.2027893604425692,63
-0.39803017687364445,-1.1170053035654004,63
-0.4332700216408025,-1.0492916151729939,63
-0.41788167699859013,-1.1314000041356262,63
-0.4947095852457124,-1.2027893604425506,63
-0.3980301768738865,-1.1170053035663505,63
3.0419486051338454,1.5868558402669013,4
2.9496720968299317,1.462967781783614,4
3.022803442354453,1.466490282059171,4
3.0134735956278837,1.438844412053814,4
2.9987456236667733,1.376542079668891,4
2.991921229391106,1.62713121698732,4
2.957381811896894,1.6037869359365746,4
2.9709279201016248,1.540105960221284,4
2.937263214377568,1.580337654025778,4
2.8678880883328133,1.4376009734384507,4
-0.3090438368337962,-1.273495741759194,63
-0.48782544362204344,-1.2718896846973928,63
-0.3690723346214489,-1.126797771213404,63
-0.44848391233456736,-1.0719938022248379,63
-0.31194852966547254,-1.0672804533125801,63
-0.3090438368334172,-1.2734957417585815,63
-0.4878254436220442,-1.2718896846973942,63
-0.369072334621425,-1.1267977712133206,63
-0.44848391233455753,-1.071993802224779,63
-0.31194852966547737,-1.067280453312601,63
-0.7648858251936224,0.23092174462573886,66
-0.7366816939225435,0.23849739989923358,66
-0.7829759856618089,0.2551903984458709,66
-0.7786800776099205,0.24558503098819506,66
-0.7648858251936227,0.23092174462573897,66
-0.7366816939225438,0.23849739989923346,66
-0.7829759856618085,0.25519039844587094,66
-0.7786800776099208,0.2455850309881952,66
1.3716694847923465,1.8785124903123824,14
1.3062328761661124,1.7617818950654476,14
1.3323910827098289,1.7458333859268689,14
1.3212367840081396,1.7760826727189694,14
1.2976098503605358,1.6737167102921768,14
1.3956716608747992,1.9253699224793852,14
1.4560319650325333,1.8855200170540931,14
1.4350337525828636,1.840672789055068,14
1.3750086241430404,1.8731636966061485,14
1.352905690449326,1.7354451052146234,14
-0.5933402042058025,0.05062568979306463,66
-0.7736658346030517,0.1692196618293017,66
-0.6780232594698232,0.16758934414249868,66
-0.7280620632363597,0.2615217011700931,66
-0.6692833729325985,0.20297705241611905,66
-0.5933402042058024,0.050625689793064615,66
-0.7736658346030519,0.16921966182930176,66
-0.6780232594698238,0.1675893441424986,66
-0.7280620632363599,0.2615217011700929,66
-0.6692833729325985,0.20297705241611905,66
-0.7271077231582517,-0.10167170894181775,65
-0.7265996827012753,-0.12278142357434937,65
-0.7763705477919253,-0.15185007754424867,65
-0.7149971845988197,-0.1542947916720931,65
-0.7271077231582515,-0.10167170894181789,65
-0.726599682701275,-0.12278142357434933,65
-0.7763705477919258,-0.15185007754424878,65
-0.71499718459882,-0.154294791672093,65
2.201324736327296,2.545214104516453,0
2.133325369425085,2.3936748334662443,0
2.1682686651402303,2.4368269410418093,0
2.135296571676466,2.329814158234512,0
2.163122168329805,2.333523695136401,0
2.196861203367297,2.5845115296069197,0
2.212436400986875,2.5187409304741073,0
2.242290717725314,2.558121913433909,0
2.161774008051253,2.473861442899212,0
2.190352027532864,2.4721102781025794,0
-0.7020621120790042,-0.254415167424759,65
-0.753217599969938,-0.23881640536424079,65
-0.6914365877452283,-0.18152974417461634,65
-0.7444545688055246,-0.11893296878524158,65
-0.6744231162050531,-0.18232054952402876,65
-0.7020621120760939,-0.2544151674341898,65
-0.753217599969939,-0.23881640536424095,65
-0.6914365877452284,-0.18152974417461645,65
-0.7444545688055242,-0.1189329687852416,65
-0.6744231162050526,-0.18232054952402893,65
2.370385180391117,-2.141532331048695,43
2.509161585860486,-1.9397852894909187,43
2.5292193832018124,-2.113437440197704,43
2.4031324455059333,-1.9368860755116402,43
2.370385180391118,-2.1415323310486944,43
2.509161585860363,-1.9397852894911418,43
2.529219383201813,-2.1134374401977043,43
2.4031324455059324,-1.93688607551164,43
1.573591042547832,-3.4793669369545035,51
1.6865670872329532,-3.1625406456878573,51
1.6127296186495774,-3.2669805836258967,51
1.7375492243460828,-3.1530983476069716,51
1.5490235451788457,-3.4287496438773095,51
1.6633919629090124,-3.314344528512881,51
1.733228776529747,-3.0695979923502072,51
1.8478620433039346,-3.1622754632453103,51
1.793171478515236,-3.041146030670052,51
1.7435484488518787,-3.21540980222287,51
2.2882775338314008,-1.9153026186230673,43
2.3843059091966974,-2.0992800190378187,43
2.447813730214487,-1.8870063838691566,43
2.486360213018798,-2.113419466250375,43
2.3403186552505013,-1.973168932775107,43
2.2882775338314016,-1.915302618623068,43
2.3843059091966983,-2.0992800190378196,43
2.4478137302144947,-1.8870063838691398,43
2.486360213018798,-2.1134194662503756,43
2.3403186552505035,-1.9731689327751072,43
2.5068009041646153,-2.0138198291593143,43
2.3616649404571635,-2.0506182003350903,43
2.4586709027154963,-1.816647589852873,43
2.5455492984051102,-2.0414977556115357,43
2.504631777287486,-1.9916123201833194,43
2.5068009041646167,-2.0138198291593166,43
2.3616649404571635,-2.0506182003350903,43
2.4586709027154954,-1.8166475898528742,43
2.5455492984051085,-2.0414977556115375,43
2.504631777287491,-1.99161232018331,43
1.6534928174231693,-3.3051108462335974,51
1.6905346817747362,-3.2703835591053405,51
-3.107572478550792,0.90739142474795,51
-2.939264689664231,0.7252108195563841,51
1.7089001726574058,-3.0935796684827728,51
1.7736921136401569,-3.042804580332712,51
1.563363874635844,-3.158733913019058,51
1.8251374372670999,-3.0783460895302097,51
1.6875367845433635,-3.159999185574771,51
-3.236863763687126,0.6827931370938339,51
1.653492817754742,-3.3051108460761562,51
1.6906232988696583,-3.270340091803871,51
1.5530246632511056,-3.1898700943409013,51
-2.939186630221276,0.7255427344791393,51
1.7089001732117268,-3.0935796681789416,51
-2.889174945682188,1.0746599363516527,51
1.5633638787527193,-3.1587339111085,51
1.8251374367795543,-3.0783460898090618,51
1.6875367796783096,-3.1599991880519904,51
-3.230647176321507,0.6941744881789065,51
-1.3742564291413493,2.0447646302812132,33
-1.40154988047075,2.0273304266927523,33
-1.356554218320124,2.061618024212089,33
-1.3031203765240211,2.069098162503531,33
-1.2837470090113685,1.9581388244670348,33
-1.3737407467433256,2.065315447278144,33
-1.3325144385089185,2.0241952320006535,33
-1.3663796769056924,2.0009352603181854,33
-1.3689127466522668,2.0748037285980168,33
-1.3157233650900584,1.8927463904676116,33
-3.570113546930932,0.03823968876651378,80
-3.5701135554297565,0.03823949488492991,80
-3.578312632569617,0.20078794897105903,80
-3.5783126271717576,0.20078800900744548,80
-1.2900486906552933,1.777989629817638,33
-1.0851397809651444,1.58028116787177,33
-1.2900486906552933,1.7779896298176383,33
-1.0851397809651442,1.58028116787177,33
-0.01684530246232075,2.612115544955171,15
-0.13986404592354876,2.5155959519494795,15
-0.04738908745505614,2.6116418128567123,15
-0.04825057346927007,2.6082266034164623,15
-0.07825610413033553,2.5242393347693795,15
-0.058565482189959425,2.431275687876511,15
-0.0853996956294432,2.4017486615736203,15
-0.14257220217930236,2.341982838713987,15
-0.11374385614321843,2.4304772027123347,15
-0.22157888858771363,2.2647665512696644,15
-3.443646127593806,-0.6106570342685844,80
-3.4436461277315646,-0.6106570333506143,80
-1.8144922980896654,2.759115403152656,25
-1.8113147714118296,2.726954371789514,25
-1.8068907626780986,2.817448714600857,25
-1.7755484400696624,2.7690405277935897,25
-1.7744033604020562,2.721358039278923,25
-1.808153656004479,2.8522894777709116,25
-1.803229960794105,2.7805011424194515,25
-1.8183763731284233,2.7574191718123533,25
-1.8131919305220627,2.813920048228919,25
-1.804644106003624,2.6977735482786507,25
-3.789544734508782,0.9019757350434593,84
-3.789544734427662,0.9019757353336504,84
-3.731968873609876,1.055247122609976,84
-3.7319688736986016,1.055247122336998,84
-1.8761648370152857,2.6231239856906368,25
-1.7821826145336237,2.4751661002804175,25
-1.8761648370152866,2.623123985690636,25
-1.7821826145336235,2.475166100280417,25
-1.034717042212255,2.828211109607273,18
-1.1043206503701744,2.8944134793959297,18
-1.0773067996750507,2.9567883818559997,18
-1.0380015230512618,2.9223547318037135,18
-1.033805085887911,2.779560429694597,18
-1.054570970886929,2.855230456884448,18
-1.0363353387427305,2.90447983754725,18
-1.0786191695583347,2.9089746039609743,18
-1.049765174262082,2.898738241607866,18
-1.1155962409253974,2.8308524898447667,18
-3.7155877162014175,0.3348345330132329,83
-3.7155877153193155,0.33483453990820367,83
-0.8607872806369607,2.3767934378122177,31
-0.8917846887386993,2.3184611980816063,31
-0.8381523053390023,2.354095041026494,31
-0.7461248582436082,2.3489245793059665,31
-0.9095822944519352,2.2612807673031625,31
-0.8047587507532091,2.327174939112534,31
-0.7977600384646869,2.2978585499601145,31
-0.8853259802188813,2.254332065367325,31
-0.7941726934278301,2.3113333193187815,31
-0.9646039065293285,2.1545356908277475,31
-3.5248246953431077,0.11831278149119036,78
-3.5248246966294237,0.11831275973228188,78
-3.4470092130392023,0.35431270424240696,78
-3.4470092273250943,0.3543125931697579,78
-0.8888784288818105,1.8560153428164292,31
-0.7691154111033172,1.6841091455690238,31
-0.8888784288818105,1.8560153428164303,31
-0.7691154111033165,1.6841091455690242,31
0.36691166389657925,2.5787729168194256,17
0.3248900351470588,2.593903095314905,17
0.3396103340985771,2.5584974589322207,17
0.39377986669634485,2.5527544133541222,17
0.287391384332639,2.546577028167197,17
0.35023224586631124,2.405828789735906,17
0.381792592530688,2.497356427657848,17
0.32402216341597334,2.422023861481629,17
0.3522746489828367,2.468651207369214,17
0.18027876040017024,2.426240143299502,17
-3.5670436905081084,-0.48108590761420594,77
-3.5670436914459493,-0.48108589917372896,77
-1.3440249428908149,2.7633051618226254,24
-1.3378126054552484,2.694578324010424,24
-1.3275029819923372,2.7784737560004356,24
-1.2660701858240528,2.7080130743041106,24
-1.3244269877036914,2.6545371283213717,24
-1.3295909916916366,2.82734669397582,24
-1.3133844848233711,2.7095188285941716,24
-1.3504269133519142,2.7502410404018574,24
-1.3180996879119933,2.69452228828312,24
-1.387079749516802,2.6271549832104766,24
-3.805263702046913,0.7838683258857413,88
-3.8052637021499476,0.783868325470917,88
-3.7030378985360635,0.9921853382950387,88
-3.7030378974006948,0.9921853419681002,88
-1.3690447114754252,2.481016302840322,24
-1.25836921950766,2.2618801742680037,24
-1.3690447114754252,2.481016302840321,24
-1.258369219507661,2.2618801742680024,24
-0.40332210667712903,2.9044531956302957,17
-0.4622889658997879,2.9812457156071943,17
-0.4069499136998673,3.0061877293687047,17
-0.340184653308757,2.9446608824517195,17
-0.44268335655403107,2.8539042905379475,17
-0.4663025792152389,2.9247113233737414,17
-0.42374469591953484,2.980583098971409,17
-0.48703923780985264,2.9941434159015134,17
-0.4342751143013494,2.9360412280717956,17
-0.5580635589346941,2.9206945085598717,17
-3.760378731752855,0.3075149730740678,87
-3.760378731310094,0.30751497680134826,87
0.6270998210667684,-2.4451104237379613,47
0.6734995067010802,-2.3027368571832616,47
0.6783465733103021,-2.356152607668052,47
0.7385277047708128,-2.2878742742503726,47
0.4810054432389367,-2.679514353572866,47
0.5910502855512378,-2.518723752351553,47
0.5949962379470477,-2.4288900363787955,47
0.6694748829049323,-2.474125741378786,47
0.6647599871193186,-2.3489808559395122,47
0.49596976561376166,-2.6435626567844515,47
3.820663745718111,-0.8630184601582276,38
3.8206637457133095,-0.8630184601839155,38
3.8415920923298734,-0.8558882798728568,38
3.8415920923329385,-0.8558882798560293,38
0.42670925352362915,-2.6567866290510187,47
0.4971948209458823,-2.6518878714601586,47
0.42670925490472306,-2.656786628369528,47
0.49719481678981065,-2.6518878735799025,47
-2.074738459182683,-2.5580662053172474,70
-2.0265154937555407,-2.55441552523236,70
-2.0434201791374207,-2.535533751442533,70
-2.0106170099649936,-2.5613367274314864,70
-2.074738459182675,-2.558066205317249,70
-2.0265154937555003,-2.5544155252323972,70
-2.0434201791373656,-2.5355337514425718,70
-2.010617009964818,-2.561336727431616,70
1.166279177409406,1.898008010601021,36
1.0713822788810716,1.0948879040100998,36
1.0621630138360039,1.7629342842890598,36
0.9577586441400776,1.3218713561003206,36
0.9750891924735495,0.9203970942685757,36
1.2578617373816956,1.9068326514986789,36
1.1340713668188318,1.0322165399697363,36
1.1040431157860855,0.9978016341936006,36
1.1083234291801312,1.2994297082406865,36
0.9999101966672714,0.8151179213251311,36
-1.7588976614410032,-2.594803803207557,70
-2.059875895149062,-2.5549922547093824,70
-1.987926654052406,-2.545397745520101,70
-2.064018807286334,-2.5139993474144924,70
-1.974211081290136,-2.561057617535283,70
-1.7588976614410026,-2.5948038032075593,70
-2.0598758951490197,-2.5549922547094166,70
-1.9879266540524616,-2.5453977455200594,70
-2.0640188072862964,-2.5139993474145212,70
-1.9742110812902962,-2.5610576175351607,70
-1.799138384277454,-2.6773995180059194,70
-2.029152458799078,-2.545828027621653,70
-1.9031338661047532,-2.5620428265015565,70
-1.9304466775018392,-2.5203363133213164,70
-1.8700309918118754,-2.574237987200817,70
-1.799138384276689,-2.6773995180063523,70
-2.0291524587990613,-2.545828027621668,70
-1.903133866104681,-2.5620428265016053,70
-1.9304466775015492,-2.520336313321524,70
-1.8700309918118818,-2.5742379872008128,70
1.0596230964755442,0.6055913276814023,36
1.1045072592631873,0.5473743438082521,36
1.0520946438903604,0.6333823634189796,36
1.1137008962425077,0.5418013310099726,36
0.8118940447647027,0.6079822338053088,36
1.0312187478646906,0.4186753366594674,36
0.8623559424539416,0.6893179236724293,36
0.9171371568501948,0.7144387698263507,36
1.118352070070785,0.47723272560696606,36
1.0236223785961571,0.4233951159143766,36
1.059623096800533,0.6055913273758926,36
1.1045072592463296,0.547374343823583,36
1.052094644003238,0.6333823632950228,36
1.1137008959994898,0.5418013312237833,36
0.8118940447665913,0.6079822338037245,36
1.031218747858886,0.4186753366647361,36
0.8623559424915139,0.6893179236428245,36
0.9171371568853237,0.7144387697945765,36
1.1183520700499596,0.4772327256271705,36
1.0236223785936538,0.42339511591655266,36
-1.8743526542621125,-2.9890320241048838,69
-1.8198545169830473,-2.9897837931094013,69
-1.8464132937789302,-2.9244754564520377,69
-1.8076284799963906,-2.989219446435326,69
-1.8743526542177138,-2.989032024129833,69
-1.8198545169811897,-2.9897837931103877,69
-1.8464132937543425,-2.924475456466011,69
-1.8076284799784215,-2.989219446444687,69
2.254684402271748,0.8529595279597245,19
1.8731024907790421,1.888711715194974,19
1.8450901014154013,1.7915821394803757,19
1.8374941395417115,2.0018502463332033,19
1.848030384381653,1.676208662524337,19
1.896295068489074,1.8060333640360744,19
1.9374017031556023,1.7536867207890479,19
1.8788781863102513,1.3764658761298312,19
1.831464721773994,1.8033667813437098,19
2.0795421815862234,0.6156139655781651,19
-1.6077979603606758,-2.9475754598615307,69
-1.848164112666597,-2.9548857279699714,69
-1.8094151369691522,-2.925651057194117,69
-1.8558671861210898,-2.9086474680479,69
-1.7817832327424958,-2.9128337418785084,69
-1.6077979603606865,-2.9475754598615245,69
-1.8481641126685173,-2.9548857279688896,69
-1.809415136972614,-2.9256510571922325,69
-1.855867186129043,-2.908647468043321,69
-1.7817832327332346,-2.9128337418835004,69
-2.9797511069038207,-1.7126866005407977,76
-2.905115598851394,-1.766766196887975,76
-2.864823960603221,-1.7055877662697225,76
-2.9124601457624544,-1.746882053418806,76
-2.9797511069257627,-1.7126866005012473,76
-2.9051155988372788,-1.7667661969110398,76
-2.8648239605890735,-1.7055877662926975,76
-2.9124601467875917,-1.7468820516970394,76
-0.557935484988772,2.8746425248808523,28
-0.6241288957571672,2.723336936950796,28
-0.6118051087960423,2.7871624753560873,28
-0.6623967964472363,2.736398929496071,28
-0.6362410717754201,2.5689220366634147,28
-0.5195265266628651,2.9186146984447956,28
-0.5028711429820489,2.7427065099978596,28
-0.5885212340785174,2.756714593431542,28
-0.6478391210196409,2.7086585202856166,28
-0.5308891469515894,2.5893679530412235,28
-2.678140731152766,-1.7473814947760336,76
-2.904070367081338,-1.701165194182349,76
-2.900024535910508,-1.6967787449942924,76
-2.911867443032661,-1.6475178761282243,76
-2.929179299951809,-1.7249438526390497,76
-2.678140731031496,-1.7473814949303172,76
-2.904070367168849,-1.7011651940304868,76
-2.900024535905763,-1.6967787450023069,76
-2.9118674430986706,-1.647517876011631,76
-2.929179300010729,-1.7249438525382081,76
-2.773079803095341,-1.6476382667933638,76
-2.955733446782898,-1.653777340547968,76
-2.9190088086818,-1.708122175863974,76
-2.824009452102153,-1.621159252339103,76
-2.850126577408973,-1.7194327894514128,76
-2.77307980324929,-1.6476382665619747,76
-2.955733446773108,-1.6537773405661784,76
-2.919008809001902,-1.7081221753157994,76
-2.8240094521185433,-1.621159252312625,76
-2.8501265775871767,-1.7194327891607768,76
-0.7587752138179952,2.5850258396531176,28
-0.5407740121397598,2.3643187134182155,28
-0.7846888078345278,2.4707428471859356,28
-0.9011014713071314,2.332027948372198,28
-0.7129099793755622,2.3074453802920853,28
-0.7414661833959686,2.2688535212902563,28
-0.7092299485992395,2.626701553660386,28
-0.5398664966419892,2.5237540994552927,28
-0.7515767160257472,2.330052471191423,28
-0.7626410019421278,2.0615869191877607,28
-0.7587731919742737,2.5850265818569995,28
-0.5407739954229517,2.364318719180978,28
-0.7846890249161478,2.470742770739992,28
-0.9011016366539855,2.332027866954216,28
-0.7129099790635239,2.3074453804293986,28
-0.7414659056072761,2.2688536462478863,28
-0.7092298565761375,2.62670158718783,28
-0.5398664348021901,2.5237541177351432,28
-0.751576548850314,2.3300525306003554,28
-0.7626410015448679,2.061586919358756,28
-2.68506114609753,-2.3246197041808188,75
-2.672769155450133,-2.351805254501825,75
-2.6505475036509596,-2.283154738295813,75
-2.68443944572626,-2.376189112955292,75
-2.6850611516463068,-2.324619697978801,75
-2.6727691557445508,-2.3518052541751007,75
-2.6505475036473825,-2.2831547382996473,75
-2.6844394490939325,-2.3761891091931653,75
0.9365780011379159,2.9069686754475295,23
0.9001146979752644,3.0047626928236895,23
0.9201939223813056,3.0247021661090607,23
0.8978551620207411,3.027502692029278,23
0.8927020031322159,2.9534667918448743,23
0.9424377004094653,3.021494839041735,23
0.960668539239892,3.0339836142439407,23
0.9296902920469924,3.018994973879339,23
0.9157380602030969,3.0154942442784614,23
0.901822970800474,3.0693462169858363,23
-2.509735473997754,-2.283148518007978,75
-2.6423066557609043,-2.3254136652244743,75
-2.6566769481601114,-2.2910259425457165,75
-2.685877279217122,-2.2652656030710268,75
-2.6634023994144056,-2.318603736780273,75
-2.5097354739942235,-2.2831485180114166,75
-2.6423066558145463,-2.325413665166195,75
-2.656676948158907,-2.2910259425470283,75
-2.68587727896501,-2.2652656033456857,75
-2.6634023993212868,-2.318603736882653,75
-1.8355566773959804,-2.2481790152001233,72
-1.7527045682481026,-2.275321269641237,72
-1.8026869621139905,-2.2442922742180924,72
-1.7457690920241635,-2.2836042581561675,72
-1.8355566773959808,-2.2481790152001233,72
-1.7527045682481026,-2.275321269641237,72
-1.8026869621139916,-2.2442922742180924,72
-1.7457690920241642,-2.283604258156168,72
1.4871342000354735,2.5268038118862584,34
1.4479693457687226,2.3748169342251444,34
1.429438871228426,2.4023800399262147,34
1.4125593292154262,2.3091838570575147,34
1.4200734567474116,2.1283937962066175,34
1.5675237755593352,2.548417838730653,34
1.5991450377202658,2.39672184856626,34
1.5376581511218907,2.391403647619531,34
1.556874187257512,2.432467372519257,34
1.5243514171252948,2.1186881808084794,34
-1.6296457486273919,-2.344824721539966,72
-1.9037133857447386,-2.3019367570922067,72
-1.7479354632747761,-2.2509308840335103,72
-1.8640882822909164,-2.25765245401885,72
-1.8152937668357985,-2.351512048008965,72
-1.6296457486273896,-2.344824721539969,72
-1.9037133857447097,-2.3019367570922333,72
-1.7479354632747772,-2.250930884033507,72
-1.8640882822909182,-2.2576524540188467,72
-1.8152937668358409,-2.351512048008932,72
-1.6280325011809405,-2.271624679613338,72
-1.8501945343607011,-2.2342710465681748,72
-1.6838489976267124,-2.2350132262266595,72
-1.7349320575234006,-2.231611849410686,72
-1.6849435153590018,-2.3050715050879664,72
-1.6280325011809411,-2.271624679613338,72
-1.8501945343606976,-2.2342710465681783,72
-1.6838489976267144,-2.2350132262266587,72
-1.7349320575234135,-2.231611849410676,72
-1.684943515358989,-2.3050715050879758,72
1.368750743546598,1.7706545695733855,34
1.5577317253504177,1.6095465671476101,34
1.4233036069655365,1.8637705804050073,34
1.43047277438464,1.4127072903301774,34
1.2769522140089988,1.300257939098334,34
1.3929119706067032,1.0307837974746945,34
1.3725730813640011,1.819473447603251,34
1.4849853922170453,1.8552984998832747,34
1.4419417423584382,1.3308808202755105,34
1.3597389106548556,0.923985623697639,34
1.368750704704784,1.77065468683563,34
1.5577322746990645,1.609543911897356,34
1.4233036628353486,1.8637704782552684,34
1.4304726607837441,1.4127080988332767,34
1.2769522144990924,1.300257936908552,34
1.3929120006042883,1.0307836436849236,34
1.3725730984073259,1.8194734125577843,34
1.484985401783656,1.855298483666355,34
1.4419413551731057,1.3308832570937534,34
1.3597389058327665,0.9239856415711936,34
-1.6471508415929494,-2.822322018122921,71
-1.5488666722256528,-2.8001721587583073,71
-1.5880612358171136,-2.784026067545018,71
-1.5666301897751702,-2.8121075540605656,71
-1.6471508415929914,-2.8223220181229,71
-1.5488666722256819,-2.800172158758293,71
-1.5880612358171122,-2.784026067545021,71
-1.5666301897752215,-2.8121075540605367,71
2.0765993444154516,2.438355852932146,20
2.0464786669513133,2.5560346433615804,20
2.021649522186583,2.485418149473983,20
2.028602180806508,2.504437401159421,20
2.0053762764015404,2.419595374304315,20
2.101794347357094,2.4169836915840768,20
2.0965379226412733,2.4833105420967265,20
2.048666900486458,2.407743964903229,20
2.039861317971544,2.4508887867955074,20
2.0705417452419366,2.3763800930297165,20
-1.4115745238228101,-2.826073579363305,71
-1.7110527789701224,-2.8101808515754167,71
-1.5582425279514036,-2.7538836151036246,71
-1.6245362185791172,-2.782120489624797,71
-1.6347480517062674,-2.8229482083605366,71
-1.41157452382281,-2.8260735793633045,71
-1.7110527789711767,-2.8101808515747986,71
-1.558242527951444,-2.753883615103602,71
-1.6245362185788401,-2.7821204896249543,71
-1.634748051706383,-2.8229482083604713,71
-2.6302365825833034,-1.8504759007343072,74
-2.601094194450471,-1.9371773512343315,74
-2.6063948264316257,-1.8795944936737294,74
-2.567819602340213,-1.9124481152430253,74
-2.63023658257804,-1.8504759007410412,74
-2.6010941944499235,-1.93717735123494,74
-2.6063948264427452,-1.8795944936607123,74
-2.567819602351388,-1.912448115230549,74
0.46469330208295767,2.91483359145025,26
0.40960991600018615,2.9238572181083007,26
0.4247386114992691,2.902504490796287,26
0.3602483971175839,2.842288702831436,26
0.32271183061868625,2.7870692946188123,26
0.4478125414677222,2.9108047734779956,26
0.4916542928302752,2.852800514232173,26
0.4407856493540557,2.8728768045618667,26
0.36880691710589963,2.7672119453648025,26
0.4159415459380371,2.799301254799098,26
-2.4034752961460915,-1.9488573764343438,74
-2.6507033102671937,-1.906466856533339,74
-2.600949439091556,-1.9320644290474493,74
-2.65096572231587,-1.8781450542943101,74
-2.6064000461980035,-1.971226010272029,74
-2.403475296154828,-1.9488573764247243,74
-2.650703310270208,-1.9064668565297207,74
-2.600949439087619,-1.9320644290518003,74
-2.650965722337878,-1.8781450542667955,74
-2.606400046198332,-1.9712260102716759,74
-2.4643304613613406,-1.8633477447854496,74
-2.76737656413352,-1.9070620170866177,74
-2.6696164560283657,-1.9357843002278314,74
-2.671905640112658,-1.9078102557503973,74
-2.6092452929008703,-1.964967735234403,74
-2.464330461386879,-1.8633477447566373,74
-2.76737656417725,-1.9070620170316694,74
-2.6696164560768234,-1.935784300173465,74
-2.6719056396573833,-1.9078102562852848,74
-2.609245292886347,-1.9649677352497676,74
0.21585799042738701,2.567757794471824,26
0.2620499660785896,2.331101659499694,26
0.13721228088841567,2.448896060439697,26
0.04338238419727466,2.1587787485954397,26
0.059213733744876984,2.278242008599996,26
0.14441424048297677,2.209598910766091,26
0.4226144290424608,2.825112400045018,26
0.2842926780060233,2.515695781401113,26
0.0839875217136933,2.233345747125279,26
-0.024655078728188406,1.8148933551329327,26
0.21585824909324697,2.5677578659619837,26
0.2620499661079196,2.3311016595070577,26
0.1372123449827541,2.448896085440931,26
0.043382383689987564,2.1587787485307945,26
0.059213733825232845,2.278242008614559,26
0.144414235795728,2.209598910018483,26
0.4226143994882643,2.825112400385648,26
0.28429317137223864,2.51569592537127,26
0.08398752187809644,2.233345747149293,26
-0.024655078732393164,1.8148933551323478,26
-2.4649951902087213,-2.491446997100176,73
-2.3966652362860086,-2.500120171582209,73
-2.4423021303335193,-2.4860660122467304,73
-2.4112371567936597,-2.5111922196222363,73
-2.4649951902085863,-2.49144699710031,73
-2.3966652360792913,-2.5001201717859067,73
-2.442302130540289,-2.4860660120435547,73
-2.411237156810427,-2.511192219605774,73
1.2595201124544924,3.073725089879425,23
1.2379670308169188,3.252062490126903,23
1.2443200905372889,3.227790360045781,23
1.2786860131700135,3.163305859457234,23
1.2244146509823655,3.1392754927544586,23
1.2800692671777607,3.0952942757840476,23
1.29248972266115,3.215058627316476,23
1.2479226117389939,3.23144016390449,23
1.2721236874866906,3.120708592609672,23
1.240958988756552,3.2383509221637454,23
-2.3562389722307406,-2.541143736609731,73
-2.490532568959815,-2.4838692155591247,73
-2.408681152523424,-2.416963921653331,73
-2.464405262071668,-2.4443143003330303,73
-2.473424258628196,-2.4820037983964336,73
-2.356238972204347,-2.5411437366355196,73
-2.490532568968045,-2.4838692155509428,73
-2.408681152522319,-2.416963921654459,73
-2.4644052620583388,-2.4443143003464454,73
-2.473424258611461,-2.4820037984131122,73
1.1151134507273626,-2.6442170311688837,48
1.0656296410443256,-2.699798677681088,48
3.4939062839111363,-1.2963358156264346,39
3.4939062839129154,-1.296335815620876,39
3.5368138874792607,-1.2841885796006676,39
3.5368138874749766,-1.2841885796145103,39
1.0250469831744689,-2.5187701313563884,48
1.0867246072111543,-2.5510178435568265,48
1.0250469831744693,-2.518770131356387,48
1.0867246072111543,-2.5510178435568256,48
-2.1773247895346066,-2.6200996947408686,70
-2.114313595003826,-2.607768336526023,70
-2.1645631083441734,-2.610852624814991,70
-2.0961315297540204,-2.5982314650437686,70
-2.177324789534608,-2.62009969474087,70
-2.1143135950038214,-2.607768336526027,70
-2.164563108344169,-2.6108526248149952,70
-2.0961315297540764,-2.5982314650437255,70
0.40791728296461627,1.2500729438441782,36
0.34041002200981973,1.1483155585739993,36
0.3245662033910479,1.2817972457747453,36
0.3229397081624592,1.2525304047954955,36
0.32478749722280226,1.0325376369133967,36
0.5918697193553464,1.2332365542086952,36
0.5519413629206659,1.0900021914996565,36
0.4524103951974284,1.0236954696931146,36
0.3955368979761987,1.3239176390983416,36
0.4113703649304238,0.9529433720416525,36
-1.8423420857905697,-2.676824070302227,70
-2.159549966650575,-2.606509349551324,70
-2.064098177442229,-2.6086383894668512,70
-2.170695196394732,-2.592992854229838,70
-2.0548744010294455,-2.5881453882641186,70
-1.8423420857905675,-2.6768240703022275,70
-2.159549966650574,-2.6065093495513234,70
-2.0640981774421507,-2.6086383894669045,70
-2.1706951963947225,-2.592992854229844,70
-2.054874401030113,-2.588145388263627,70
-1.8889751853819623,-2.7009713694443764,70
-2.128894623316944,-2.6117457336577483,70
-1.9644412376514895,-2.5839207586564648,70
-2.04798298579203,-2.584710379958323,70
-1.9650255280630167,-2.6056683541638668,70
-1.8889751853816865,-2.700971369444531,70
-2.1288946233168917,-2.61174573365779,70
-1.9644412376514715,-2.583920758656478,70
-2.0479829857967786,-2.5847103799548496,70
-1.965025528062985,-2.6056683541638894,70
0.5547679006903176,0.8048028755743178,36
0.6214120203762705,0.7317945846984102,36
0.4637639303492051,0.8689697599660899,36
0.541747685341386,0.7690458721812313,36
0.5254833072534981,0.7604833197223558,36
0.5246813054137254,0.6222877132634739,36
0.6246744583110192,0.8825001165267474,36
0.5031045711670569,0.9690142100772625,36
0.5059074382654145,0.7252451368611997,36
0.513074011577744,0.6570301565157702,36
0.5547679005042095,0.8048028756815222,36
0.6214120203494711,0.7317945847146764,36
0.4637639303285117,0.8689697599790709,36
0.5417476756442426,0.7690458777969811,36
0.5254833072522468,0.7604833197231032,36
0.5246813054129843,0.6222877132639343,36
0.6246744583625826,0.8825001165009434,36
0.5031045732912883,0.969014208758068,36
0.5059074382638354,0.7252451368621735,36
0.5130740116075286,0.6570301564982276,36
-2.0325909083699165,-2.962349258117691,69
-1.9766600534420307,-2.949644774602995,69
-1.9926479283346687,-2.912863391280242,69
-1.95784294686537,-2.962798157088467,69
-2.032590908354269,-2.962349258127406,69
-1.9766600534442673,-2.9496447746016377,69
-1.9926479283382579,-2.9128633912780386,69
-1.9578429468946377,-2.9627981570709174,69
1.6847536433680277,1.5492877688960238,19
1.5879029350248408,1.3931068144677505,19
1.5854740116462898,1.2746438073756965,19
1.5580947286869162,1.6041906403201005,19
1.5053453980694687,1.0372026796434364,19
1.725657968516761,1.7684192539592334,19
1.6627481745208141,1.5425043616092513,19
1.6028910665184328,1.134936733690073,19
1.6002316296189218,1.601446122382155,19
1.5525418863192824,0.9096721252375656,19
-1.7709832227986995,-2.971962447814071,69
-1.9943450211948854,-2.942903387342145,69
-1.9152998738559273,-2.9207933935362083,69
-1.974820002261736,-2.9117181515581385,69
-1.8788598540400643,-2.9149427612046357,69
-1.770983222723849,-2.9719624478529165,69
-1.9943450211890346,-2.9429033873457144,69
-1.9152998739088356,-2.920793393505235,69
-1.9748200022608786,-2.911718151558664,69
-1.8788598540419763,-2.9149427612035317,69
-2.976264722939471,-1.5994236249616898,76
-2.937020470175165,-1.6631427055966772,76
-2.893570236560888,-1.6164935466263524,76
-2.963938860262498,-1.672303963303868,76
-2.9762647229381587,-1.5994236249642773,76
-2.9370204701968237,-1.6631427055573973,76
-2.8935702365647265,-1.6164935466196453,76
-2.9639388602732324,-1.6723039632842769,76
-0.9780532366888895,2.520128962020263,28
-0.9957239172132554,2.343980378236388,28
-1.0076499771695955,2.386274472824444,28
-1.0276736913523117,2.4004598692844423,28
-0.9381785795059349,2.183079656000025,28
-0.9846580308138408,2.560473936799041,28
-0.9625569811648655,2.3886640985548446,28
-1.0008217617747843,2.380771776150363,28
-1.065341279356893,2.408812915340927,28
-0.9513774947535782,2.2115293754242114,28
-2.7540393291028535,-1.6731586937707004,76
-2.918130746305211,-1.5895208380562353,76
-2.962979948310533,-1.6364604033677588,76
-2.9386879263550467,-1.5670335977849943,76
-2.9695831761591167,-1.65804056435055,76
-2.7540393291073975,-1.6731586937638863,76
-2.918130746305436,-1.5895208380558337,76
-2.9629799483099792,-1.6364604033687844,76
-2.9386879263550467,-1.5670335977849947,76
-2.969583176170533,-1.6580405643298006,76
-2.7574007147947595,-1.53005620550882,76
-2.9885005755686427,-1.5757331627000608,76
-2.9537875957213284,-1.5984521747215248,76
-2.908567707750704,-1.5445527008456559,76
-2.9486889519074624,-1.6271388838696388,76
-2.75740071479432,-1.5300562055094997,76
-2.988500575568029,-1.5757331627012685,76
-2.9537875957212902,-1.5984521747215967,76
-2.908567707750705,-1.544552700845652,76
-2.9486889519063153,-1.6271388838717677,76
-1.0381599344262877,2.3050474006232844,28
-0.9520905105446484,2.1122691301634307,28
-1.088242290717555,2.222324641314748,28
-1.1628520436282024,2.1056727672331976,28
-0.9805146908768061,2.111328656297223,28
-1.0121570263558257,1.9856178410683072,28
-1.0430387528501393,2.403995030945944,28
-0.9728528381005974,2.2367259372986017,28
-1.0145233903455357,2.070887736158463,28
-1.0001580330688735,1.8828540688844397,28
-1.038159934412928,2.3050474006300714,28
-0.9520905105446227,2.11226913016344,28
-1.0882422907175149,2.222324641314768,28
-1.1628520436281928,2.1056727672332007,28
-0.9805146908768053,2.1113286562972227,28
-1.0121570263558215,1.9856178410683065,28
-1.0430387529977094,2.4039950308747113,28
-0.972852838099324,2.236725937299118,28
-1.0145233903455364,2.0708877361584617,28
-1.0001580330688749,1.8828540688844397,28
-2.7648201771358725,-2.1953281209549513,75
-2.712930932819942,-2.178632577261815,75
-2.6793381119226547,-2.152090252229333,75
-2.784924380897555,-2.234391444508895,75
-2.764820176693708,-2.195328121470122,75
-2.7129309327476685,-2.1786325773426194,75
-2.6793381119743236,-2.1520902521735854,75
-2.7849243811972326,-2.234391444156092,75
0.5246738193893214,2.8408093598969013,23
0.4134357642987709,2.830630255820835,23
0.43845832576802196,2.856176607614016,23
0.41562563574159367,2.8107209699264413,23
0.4334929673881243,2.7485803039850683,23
0.5369228813525194,2.9171818055438807,23
0.5488383904582576,2.9512757453567886,23
0.5059730980626057,2.871365054450427,23
0.4922884710376039,2.927450944825294,23
0.45998391723132775,2.8667855580380452,23
-2.6290357084569846,-2.1902593845145377,75
-2.7053084880613607,-2.2027348190347413,75
-2.6652309375392926,-2.1396863202136407,75
-2.710766262097584,-2.1355693991409392,75
-2.723899207983475,-2.1810002780200684,75
-2.629035708510069,-2.1902593844602185,75
-2.705308488128122,-2.2027348189607143,75
-2.6652309375123275,-2.1396863202421836,75
-2.710766262143835,-2.1355693990900604,75
-2.723899208072795,-2.181000277919603,75
-1.968121751356559,-2.30779567179299,72
-1.911991657653682,-2.2647818590436617,72
-1.9690394382439094,-2.2866740671656407,72
-1.872991639598647,-2.2807438327775222,72
-1.9681217513565945,-2.3077956717929617,72
-1.911991657653682,-2.2647818590436612,72
-1.9690394382439134,-2.2866740671656345,72
-1.8729916395986421,-2.2807438327775245,72
1.1339754720602473,2.357242557469711,34
1.096053049047335,2.1257547617340142,34
1.0994623773074652,2.1880150923980493,34
1.0777166904021505,2.1083502299662698,34
1.009696942415768,1.931003590950204,34
1.2004187985112034,2.4545414829130707,34
1.238863232572258,2.2519649360945566,34
1.1509521521723491,2.1774275626398567,34
1.2074072305200376,2.2975372526656526,34
1.054119406191623,1.9025277776904495,34
-1.6806603137906604,-2.402118569784581,72
-2.0293741518906154,-2.3442532812420622,72
-1.8940572970878762,-2.268989856796039,72
-1.9962719448929964,-2.264462616628118,72
-1.9278114922065326,-2.3283476487411368,72
-1.6806603137906337,-2.402118569784602,72
-2.0293741518906203,-2.3442532812420556,72
-1.894057297087879,-2.2689898567960354,72
-1.99627194489299,-2.2644626166281236,72
-1.927811492206596,-2.3283476487410804,72
-1.6613240602798571,-2.3072836969108734,72
-1.9426868302825493,-2.2692180193400486,72
-1.7460735280969268,-2.204709715848383,72
-1.851562532721699,-2.270765676150947,72
-1.7971586969188726,-2.2783114440240655,72
-1.6613240602798416,-2.307283696910885,72
-1.9426868302825169,-2.2692180193400753,72
-1.746073528096926,-2.204709715848386,72
-1.8515625327207437,-2.270765676151727,72
-1.7971586969189612,-2.2783114440239993,72
0.9420453912221959,1.6770272876239178,34
1.1120661053813958,1.501814119298096,34
0.9017906016271597,1.654411629288388,34
0.9173339554047915,1.171859305169023,34
0.8002173757947655,1.3653502577646668,34
0.8976374918583506,0.9653742489029853,34
0.9920681425192213,1.7509806184656673,34
1.0341664425073354,1.758986486661898,34
0.7999344476711959,1.3182541974096929,34
0.850509157942369,0.9293927985851902,34
0.9420453912232966,1.6770272876294365,34
1.1120661018799158,1.5018141285726556,34
0.901790601626324,1.6544116292865008,34
0.9173339554069462,1.171859305166655,34
0.8002173757964068,1.3653502577579109,34
0.8976374918583198,0.9653742489030086,34
0.9920681425189642,1.750980618466475,34
1.0341664425023092,1.758986486673605,34
0.7999344477084028,1.3182541973189892,34
0.8505091579423643,0.9293927985851922,34
-1.8547743641020542,-2.797184028342548,71
-1.7632509949500679,-2.7423891287264004,71
-1.7754908566825134,-2.7605079927588294,71
-1.7667441723018318,-2.7885684498660277,71
-1.8547743641012897,-2.797184028342967,71
-1.7632509949500494,-2.742389128726414,71
-1.775490856682202,-2.760507992759011,71
-1.7667441723017023,-2.788568449866103,71
1.790404976519136,2.3715835836873054,20
1.7253103194631194,2.3999270498521246,20
1.7126110096368437,2.296137890743541,20
1.715826746054314,2.331096564637768,20
1.717530963498085,2.236610623724774,20
1.7908539767116791,2.369414157782538,20
1.773076566191639,2.4197487204391,20
1.739057587647247,2.2880998611523786,20
1.7149904261885165,2.375977431414471,20
1.7248522295170818,2.255740042767951,20
-1.5950367574878628,-2.839590293208939,71
-1.8623049994255922,-2.82494209904857,71
-1.7167822833123716,-2.7460505674486826,71
-1.7803576608949017,-2.7835595131673094,71
-1.7690241661638826,-2.836778695755061,71
-1.5950367574886157,-2.8395902932085333,71
-1.8623049994240997,-2.8249420990493843,71
-1.7167822833120736,-2.746050567448868,71
-1.780357660895032,-2.7835595131672375,71
-1.7690241661941262,-2.8367786957381855,71
-2.6795615802582526,-1.7767094847610978,74
-2.5963721387127174,-1.8142223732866276,74
-2.6547306083418922,-1.8143713811620685,74
-2.5810327639315895,-1.8107589634904855,74
-2.679561580267503,-1.7767094847485103,74
-2.5963721387142575,-1.8142223732847418,74
-2.654730608337328,-1.814371381167983,74
-2.5810327639148705,-1.8107589635112507,74
-0.20868513204413827,2.489798840759047,26
-0.27623354811234024,2.3989702770145476,26
-0.2505871435455887,2.370655526577748,26
-0.23356363839472563,2.3501295396442217,26
-0.3031841473881226,2.254829123580412,26
-0.1590310072172542,2.6327248890948347,26
-0.189800060828331,2.4534607899910377,26
-0.2157318870773565,2.4105382337337944,26
-0.2328882253243228,2.4164133496181357,26
-0.2832679012448764,2.323979815923562,26
-2.4675258201065997,-1.9032184053210597,74
-2.7060663080931864,-1.8286783521557837,74
-2.667156580881726,-1.8369112550520876,74
-2.702578523449413,-1.8096492735334033,74
-2.680845470345802,-1.8867248354052426,74
-2.4675258201109354,-1.9032184053159764,74
-2.706066308094962,-1.828678352153443,74
-2.6671565808847966,-1.8369112550481534,74
-2.7025785234512174,-1.809649273531037,74
-2.680845470254995,-1.8867248355185047,74
-2.4364483676272606,-1.7556755993759092,74
-2.808060445177328,-1.838071997270893,74
-2.724975031099295,-1.8404637453374335,74
-2.7321410610974817,-1.8242351111935688,74
-2.682852338395727,-1.8765393082213742,74
-2.4364483676300788,-1.7556755993727693,74
-2.8080604452016593,-1.83807199723767,74
-2.724975030958661,-1.8404637455189048,74
-2.732141061299788,-1.8242351109136121,74
-2.682852338411387,-1.8765393082018453,74
-0.2337237322310398,2.1802235858746153,26
-0.1626910687622259,1.9709898265092392,26
-0.2623633052446241,2.1255585104032164,26
-0.2694209115825483,1.8899884657380888,26
-0.26555566508715617,2.038355740856218,26
-0.23032754369274974,1.828832050358034,26
-0.21895136345193472,2.4090995710317706,26
-0.21575663180281202,2.1721916175769302,26
-0.2730478704700606,1.9518519147237892,26
-0.29630173797972764,1.6151769348028444,26
-0.23372373223103216,2.1802235858746206,26
-0.162691068762227,1.9709898265092378,26
-0.26236330524460993,2.12555851040322,26
-0.2694209115823561,1.8899884657381378,26
-0.2655556650871815,2.038355740856208,26
-0.23032754369277006,1.8288320503580282,26
-0.21895136348221775,2.40909957102381,26
-0.215756631802892,2.172191617576909,26
-0.2730478704700775,1.9518519147237858,26
-0.29630173797972753,1.6151769348028435,26
-2.5639277918171475,-2.378560335892834,73
-2.5217682916261066,-2.3722784481701193,73
-2.5381115254410638,-2.362950365574843,73
-2.5028214131431037,-2.3940660908436056,73
-2.563927791523221,-2.3785603361987673,73
-2.521768291632674,-2.3722784481633092,73
-2.538111525378955,-2.3629503656388757,73
-2.5028214131423994,-2.394066090844326,73
0.9509513905999734,2.978302337142846,23
0.9071917916999749,3.069927137366987,23
0.9059726109387735,3.0272660760881522,23
0.9149903861842057,2.945326726500127,23
0.9063522040084985,2.921247592166033,23
0.9675995784878257,3.0054358660880927,23
0.9653834047904992,3.064477830182905,23
0.9603924632254539,3.0463816996274398,23
0.9149588184045855,2.9952288950142214,23
0.8986277114349288,3.0276381884774755,23
-2.4238461400564604,-2.4545227090942072,73
-2.5788865933027947,-2.4019855379334167,73
-2.4974084099246547,-2.3391605340123633,73
-2.528039803361501,-2.3432321962716856,73
-2.559539506037786,-2.411742242758749,73
-2.423846139898929,-2.4545227092573207,73
-2.578886593323607,-2.4019855379122195,73
-2.4974084099311864,-2.339160534005506,73
-2.528039803360461,-2.3432321962727447,73
-2.5595395060408768,-2.4117422427556043,73
0.9885434540314731,-2.6153190681468637,48
0.9746818394139096,-2.6647631544696515,48
3.6164417766221613,-1.3744216403755176,39
3.616441776660579,-1.3744216402671505,39
3.541812516840752,-1.3796898517763883,39
3.5418125168925987,-1.3796898516301224,39
0.9384905483714427,-2.5019849799439196,48
1.0167493401675767,-2.5536753153983693,48
0.9384905483714416,-2.50198497994392,48
1.0167493401675773,-2.553675315398368,48
-0.481562651492534,1.3984177511073315,32
-0.5103081595985381,1.3886360744421584,32
-0.43317426376581997,1.3894780501802193,32
-0.507243503418507,1.4524427672578577,32
-0.4471041244775621,1.324031683108014,32
-0.5238429442898423,1.5108186962325894,32
-0.4274360054111482,1.4087571123107312,32
-0.4767686708022724,1.3623760688822157,32
-0.570462150613835,1.518501377635981,32
-0.44426143005042673,1.2979203633971153,32
-3.2056610042440634,-1.0305558555804606,80
-3.205661004248885,-1.0305558555671956,80
-3.22793422471906,-0.8573618691456977,80
-3.2279342247776572,-0.8573618689424736,80
-0.5173100246919891,1.233489478542667,32
-0.4069955757356758,1.0003081354806171,32
-0.517310024691984,1.2334894785426647,32
-0.40699557573567613,1.0003081354806174,32
0.6101320171706228,1.599174040485601,15
0.5609708437423238,1.5351578316607377,15
0.6128376213294477,1.522720790645885,15
0.5724258641172224,1.705877107853549,15
0.629009326755743,1.4729827866476302,15
0.6473477262494847,1.772441240965346,15
0.6281269682493118,1.526910573553496,15
0.5973701968251722,1.4058917376817974,15
0.5357687192853342,1.6490591479625005,15
0.6506457401919932,1.3034818543818893,15
-3.2296372572317407,-1.4481930557723137,80
-3.2296372515219334,-1.44819307057805,80
-1.3871584118616478,2.4895316119942272,25
-1.3825065009897528,2.5171023139071704,25
-1.367455291570832,2.582732511917326,25
-1.347760984251821,2.547699966933208,25
-1.2645398593006716,2.393591711770692,25
-1.3439349732321921,2.5463248136955596,25
-1.2690080324034771,2.5312165677777108,25
-1.317481327013289,2.527009581910298,25
-1.3197539502525386,2.5799614198923253,25
-1.2447865676937417,2.4363128293421394,25
-3.6140353391196576,-0.21952078508651582,84
-3.6140353391202438,-0.2195207850607552,84
-3.5733158800580864,-0.05080284892532858,84
-3.5733158800580695,-0.050802848924625936,84
-1.4129056341811512,2.344826108720384,25
-1.2573885731562442,2.119960290892646,25
-1.4129056341811508,2.344826108720383,25
-1.257388573156245,2.119960290892647,25
-0.3118448209121907,2.5254060210976395,21
-0.3533602042230401,2.6429203462106785,21
-0.32286824844204853,2.6764852362848797,21
-0.28057225139165687,2.7271779705722325,21
-0.23877580056491962,2.5562572585441576,21
-0.35757001712573544,2.661387845666931,21
-0.2619188324723884,2.709402296006629,21
-0.31809760931376235,2.7287811561297657,21
-0.29155426108008525,2.7487769137519664,21
-0.2681621770873721,2.6844274391509644,21
-3.6261337015449695,-0.7942396273894413,83
-3.6261337032983754,-0.7942396188011591,83
-0.03038931158783306,2.0295291063497105,30
-0.08226195066148861,2.0152381322861728,30
-0.04406532420866131,2.0357909187770327,30
-0.0057375573394892986,1.9530132721954154,30
-0.05050591658425837,1.9250087288218867,30
-0.014564632092121969,2.051459999750767,30
0.0131764964886509,2.003750216338588,30
-0.09620169538275035,1.963362569883426,30
-0.04603837588912898,1.935348151066867,30
-0.0919287152234597,1.8934707693686448,30
-3.1318147174646613,-1.0650202769748318,78
-3.1318147174634015,-1.0650202769780293,78
-2.96244444885159,-0.8674585978357099,78
-2.962444448883717,-0.8674585977467697,78
-0.19391187883578853,1.6769172984818859,30
-0.06301215796053784,1.4318927106655825,30
-0.19391187883586417,1.676917298481866,30
-0.06301215796053689,1.431892710665583,30
0.9755048418031763,2.1578805741221236,20
0.9067527615597202,2.2141540372912787,20
0.9188520380144911,2.126527961758856,20
0.9287322826394183,2.163840766784901,20
0.975591204065203,2.1004627495697266,20
0.9001831871024147,2.111352830678212,20
0.9521333833687046,2.208094064654629,20
0.9091908022026074,2.0883091505450864,20
0.8901789050956175,2.159153894336764,20
0.9358136868066474,2.127083491258445,20
-3.138635098162378,-1.5302539770560144,77
-3.138627860740966,-1.5302731225438906,77
-0.7851784404717792,2.685390614623252,24
-0.7227348335793287,2.576548990898968,24
-0.7411244712684502,2.668468970178506,24
-0.6587879094164738,2.5219030671476173,24
-0.6306079033889078,2.4674280283148953,24
-0.7448627117239602,2.7963678003637735,24
-0.6346000527332359,2.5775500476676676,24
-0.7256090331977831,2.6743955846358327,24
-0.6755548444794256,2.5490263324249227,24
-0.6344774385147907,2.5739222368509043,24
-3.5771199063820958,-0.35498517881855685,88
-3.5771199063833192,-0.3549851787997469,88
-3.4294091029288496,-0.15404765426077013,88
-3.429409102928637,-0.154047654320722,88
-0.7803277139645932,2.4811844343874756,24
-0.6614487896470197,2.143388026253115,24
-0.7803277139628862,2.481184434387982,24
-0.6614487896470173,2.1433880262531195,24
0.2899873052156709,2.806769758214391,22
0.2815990080183729,2.945497033718962,22
0.2933043220425639,2.905609159615494,22
0.33129239441937175,2.882011541483387,22
0.3603157539687424,2.846945731182953,22
0.2669416871994052,2.921020498139397,22
0.31886049949406725,2.9358654654812963,22
0.2797130018737154,2.9539838068129445,22
0.28006825798754126,2.9082273273585013,22
0.3318590936550787,2.9538631103850053,22
-3.470376039674301,-1.0477721183183966,87
-3.4703760396252106,-1.0477721184780129,87
0.994833647899603,-2.2465476799820085,50
0.9982942701072809,-2.2533710249889842,50
1.048214325067079,-2.1522984707432475,50
1.052717909519693,-2.2129797559480324,50
0.9385345060382143,-2.5712158831533127,50
0.9117801396912808,-2.3850207706074165,50
0.9291169358054947,-2.327114847237281,50
0.9481163200199272,-2.380768434042656,50
0.9437739322807153,-2.3473421789960183,50
0.8661714650180852,-2.611452847435863,50
3.529250584468109,-1.297150904316128,38
3.5292520665912455,-1.2971459026610008,38
3.5554190144151168,-1.2383436944291606,38
3.5554190144989115,-1.2383436941230932,38
0.9049952383723266,-2.2975417406964955,50
1.0164366749269194,-2.3935790187423636,50
0.9049952383723272,-2.2975417406964964,50
1.0164366749269198,-2.393579018742363,50
-0.7010641793057322,1.4811086632813353,32
-0.7681940331018723,1.5101510301269851,32
-0.7053534289848329,1.5301842943801798,32
-0.6994835408410806,1.4984405273659376,32
-0.6986245011421347,1.4110566936096551,32
-0.7417566649364407,1.571719106244037,32
-0.7264986362393991,1.5281228519569516,32
-0.7564321751369407,1.502954793966467,32
-0.7919341896321278,1.5827105623320332,32
-0.7624843937285684,1.4620742154615824,32
-3.3165029857841324,-0.7622759463585538,80
-3.3165029857354473,-0.7622759465741893,80
-3.3350886450861896,-0.5911826466919363,80
-3.3350886461458003,-0.5911826386315037,80
-0.6828836291067322,1.3066938798362908,32
-0.5759105324731031,1.118538575258694,32
-0.6828836291067328,1.306693879836291,32
-0.5759105324731036,1.1185385752586943,32
0.5382897849944343,1.8899596561434877,15
0.3726112601237905,1.8323029312737613,15
0.48194785146869207,1.9099418503562906,15
0.43780479699595304,1.9822148647146447,15
0.4421965459754986,1.8334473691910953,15
0.49176134984088177,1.9207633188699795,15
0.3670399932975997,1.7692918625584493,15
0.3850308882579937,1.7725474989384988,15
0.32879168355609417,1.8350704739303807,15
0.35067461278768364,1.694971212204102,15
-3.27339409407259,-1.2513290863280984,80
-3.273394094054194,-1.2513290863776914,80
-1.528275065359765,2.457405193765007,25
-1.4950770632094685,2.397687553242771,25
-1.4970858512031542,2.5040621015513085,25
-1.4559415706395284,2.4049235810037315,25
-1.3976112872186313,2.251873470225119,25
-1.5028424496688744,2.5838493147664936,25
-1.4582772835925106,2.4257896811980433,25
-1.4911716989474895,2.487088691894421,25
-1.49125728502652,2.482935570132294,25
-1.4192987853711279,2.3374531002644043,25
-3.7050746326806876,0.08948374904784158,84
-3.7050746326727078,0.08948374919080634,84
-3.680313627677061,0.304145907073351,84
-3.680313627658249,0.3041459072243615,84
-1.5025508787042063,2.308666449448801,25
-1.376410683430538,2.1173080350827393,25
-1.502550878704207,2.3086664494487996,25
-1.3764106834305383,2.1173080350827376,25
-0.6025729994341146,2.7034789476037284,21
-0.654341901301061,2.7607244726383255,21
-0.5977382001970867,2.793515451141571,21
-0.5495764351460483,2.783057079036582,21
-0.5556790816761933,2.607031317523518,21
-0.6670868601620225,2.862647806855284,21
-0.6646174230541871,2.759789061745697,21
-0.6825513398380889,2.8653080682954695,21
-0.6734260596291507,2.8011342879593353,21
-0.6781581340011007,2.754619349727143,21
-3.7432735343206684,-0.44072452491885367,83
-3.7432735342883547,-0.44072452525665873,83
-0.30841655934888307,2.064649066180343,30
-0.41788010885945237,1.9451790481802054,30
-0.3379446389301816,2.01776124312178,30
-0.2665210261529254,1.93167905513551,30
-0.35555628711109816,1.818795688900087,30
-0.3022071199446415,2.047264208586543,30
-0.3835860831201881,1.9656781923519062,30
-0.4292409444530398,1.9508543848180075,30
-0.38775989528137333,1.9575480116104138,30
-0.4850585528866578,1.7968597664130292,30
-3.363723069616901,-0.8180459369771296,78
-3.3637230699288185,-0.8180459356903108,78
-3.232586607695904,-0.5677383688515044,78
-3.232586607716446,-0.5677383687367694,78
-0.3728596481078859,1.636674456154089,30
-0.3042191555475467,1.4373058640520282,30
-0.37285964810788635,1.636674456154091,30
-0.3042191555475465,1.437305864052029,30
0.847203630940546,2.430320034083358,20
0.733672858260814,2.417249978240315,20
0.778772902801025,2.4004839611728275,20
0.7881874120738326,2.345299677558537,20
0.7456256413037412,2.2898307508890197,20
0.7257267336410466,2.2806319134187496,20
0.7280755518704843,2.342700176512861,20
0.7169778644645355,2.303831965422736,20
0.6748615957335383,2.300893505477324,20
0.6734170654424405,2.2636721489206,20
-3.260730153614322,-1.3305513125911155,77
-3.2607301487750044,-1.3305513252298817,77
-0.9625530046805801,2.603016522072966,24
-0.9508386974495241,2.502494702907006,24
-0.9363147875632579,2.6421662954983827,24
-0.8603977026857117,2.487234290858273,24
-0.8679997775046285,2.3731025906541694,24
-0.9603039408269534,2.735105429795763,24
-0.8936461608230871,2.5008503586012414,24
-0.949764071439514,2.5788428255594864,24
-0.9266047410473305,2.4931594725535153,24
-0.9057266887106843,2.456015482102495,24
-3.7567035384957683,-0.0863827133873066,88
-3.7567035384928684,-0.08638268226585633,88
-3.5966104225989035,0.1199854208505667,88
-3.5966104216821204,0.11998544002977501,88
-0.934482989147589,2.365419775406061,24
-0.8366252958088636,2.090854519531083,24
-0.9344829891475829,2.365419775406065,24
-0.8366252958088651,2.0908545195310815,24
0.10998705575372458,3.0327509906407006,22
0.0448752975071795,3.0750055789051256,22
0.10060108766634233,3.098344849632745,22
0.13327035689401956,2.988887341366875,22
0.11454256613372701,2.9521946534672585,22
0.019197479795239964,3.0569896505493395,22
0.03488082105731344,3.0006954496194513,22
0.01762868917997644,3.0872690681795283,22
0.0023606380384613842,2.9709547542040062,22
0.019065579923792597,3.049396763364115,22
-3.661719384193505,-0.7050426487087439,87
-3.6617193825027057,-0.7050426583775945,87
0.8707576266528367,-2.4535126713812208,50
0.8552438445629406,-2.4082753490053324,50
0.9235100172569769,-2.3625757899819426,50
0.9179735843422459,-2.3646623174513954,50
0.825240937489647,-2.683068967267215,50
0.798675983180819,-2.5227203544441275,50
0.8199706302130831,-2.50161704010139,50
0.8421400085023492,-2.5410422010134455,50
0.847769707342549,-2.481710465113159,50
0.804884165716744,-2.726731545421685,50
3.391113753703805,-1.1354154517255663,38
3.391113753704695,-1.135415451721641,38
-2.6163929114395086,2.3510873098498672,38
3.376150270063949,-1.1042457516985136,38
0.7951769281839373,-2.5885133670345195,50
0.8698339441099167,-2.618868972662093,50
0.7951769281839366,-2.5885133670345177,50
0.8698339441099379,-2.6188689726620797,50
-1.4455965955292553,2.117690563210937,33
-1.4717354411837222,2.076186786967703,33
-1.4320860203527752,2.1138318187473546,33
-1.3491831357603155,2.075150031691752,33
-1.3563875200801385,1.9597932327829863,33
-1.4595668282541086,2.1381242627289905,33
-1.4137064166138644,2.0756218101598467,33
-1.4678648735596895,2.0650959834041296,33
-1.44232903746392,2.1147450889737356,33
-1.3823297361644906,1.905132132769174,33
-3.5113282108787764,0.12129704266970372,80
-3.511328208212494,0.12129708767680959,80
-3.569498953713637,0.2771334848444619,80
-3.5694991213711074,0.2771320029357371,80
-1.4123358227444038,1.8886269872228831,33
-1.2180986939185234,1.646877152740386,33
-1.4123358227444038,1.888626987222884,33
-1.218098693918523,1.6468771527403865,33
-0.03952525719920594,2.764096288444607,15
-0.2287756568041272,2.668446972436776,15
-0.10009182259010271,2.7913353903946265,15
-0.0971065708343974,2.742195309072732,15
-0.17876381193673146,2.638015357477467,15
-0.14435313582720583,2.5791021300092285,15
-0.17278823284723063,2.55053971205446,15
-0.24293271280744572,2.5122075633723084,15
-0.2041779437672719,2.5561294179293688,15
-0.3353291580980583,2.369501142405966,15
-3.371324769296016,-0.5242145028078837,80
-3.3713247693074218,-0.5242145027184587,80
-1.8816080373175106,2.8099187199022713,25
-1.8694524411822833,2.7568838384163,25
-1.8572957974846824,2.828910937646798,25
-1.8167853312473126,2.782337218714144,25
-1.8149048582750438,2.7292589872028277,25
-1.887611621821973,2.898781228667367,25
-1.8574380527774395,2.8253877423252645,25
-1.8784685565372452,2.801663290226297,25
-1.8630218145443829,2.8384054587604592,25
-1.835129965118525,2.6993005221937945,25
-3.7350174492641766,0.9894219814849861,84
-3.7350174492762953,0.9894219814465672,84
-3.6973022999150476,1.1026935319531832,84
-3.6973022998663048,1.1026935320975093,84
-1.9441539736525657,2.6609224108116756,25
-1.875596226305261,2.5183107112349643,25
-1.9441539736525666,2.6609224108116774,25
-1.8755962263052621,2.5183107112349634,25
-1.1296472040948315,2.9026023443134257,18
-1.2253046198916722,2.9564334910896797,18
-1.1714831745322984,3.035392456523075,18
-1.1556800776408165,3.004325983790403,18
-1.1247762190697979,2.8876378844495343,18
-1.1745936263853007,2.961532898296123,18
-1.178393603219656,2.970580095354078,18
-1.2072589609690874,2.9737985672214418,18
-1.1833344424039145,2.9983511721588743,18
-1.2293925706378275,2.9045356233208746,18
-3.6026790021678585,0.3912726910720895,83
-3.6026790021723047,0.391272691043284,83
-0.8873800640997203,2.429801090384237,31
-0.9085745148941008,2.3632302914198817,31
-0.8435864340111794,2.398909737287298,31
-0.7530879949315255,2.383671066024344,31
-0.9989278653056928,2.2781954348863063,31
-0.8735598394583789,2.3672772339971777,31
-0.8838649130039992,2.3401456254523367,31
-0.9606281034991567,2.2819533242048284,31
-0.8857662275789644,2.3282152532915354,31
-1.0569549640428875,2.163124942294397,31
-3.4801783944443567,0.1949921004781793,78
-3.480178385640044,0.1949922072315582,78
-3.40668451904087,0.40074468025250154,78
-3.406684519113237,0.40074467977605205,78
-0.9913822220770119,1.9118491643067972,31
-0.8929800982915371,1.731565369872654,31
-0.9913822220770111,1.9118491643067987,31
-0.8929800982915378,1.7315653698726545,31
0.3379324817631486,2.694299058574465,17
0.1946381782384582,2.6900341273984454,17
0.26919446971834776,2.66934610923849,17
0.28985380952644113,2.6430769451587657,17
0.21009820808734,2.679767096085027,17
0.278229021483715,2.510803898460305,17
0.2554233605806695,2.589590112527385,17
0.211827939546068,2.5101425075240535,17
0.22779782427940293,2.5706118376714735,17
0.10197806524008808,2.5304594331141512,17
-3.4833707196806776,-0.41279992955542194,77
-3.48337072156154,-0.4127999079627123,77
-1.408672335018804,2.7989286676022034,24
-1.3806587063610862,2.7105494429902706,24
-1.3695532749064956,2.795018763420112,24
-1.323772883039327,2.7279062451385028,24
-1.384228961272226,2.693856319626967,24
-1.4172197718588977,2.8683585752925285,24
-1.3880674345604946,2.740744627172489,24
-1.4157341070013634,2.7520014984082546,24
-1.3943102294731702,2.724284491540029,24
-1.4590714014227582,2.6457116710142636,24
-3.787351539096534,0.8188476975818201,88
-3.7873515404379026,0.8188476924448864,88
-3.6710877475554824,1.0234092091008724,88
-3.6710877471696906,1.0234092103192662,88
-1.474170985570065,2.514318633817198,24
-1.3831969283313243,2.3260376763944923,24
-1.4741709855700658,2.5143186338171977,24
-1.3831969283313255,2.3260376763944937,24
-0.5281995408014257,2.992365332918658,17
-0.6177458747848351,3.0503846957262177,17
-0.5586858483458371,3.0816972703620436,17
-0.49084259168703964,3.008259983730301,17
-0.5720385149147584,2.953920258183268,17
-0.5918341761953412,3.0121637414494136,17
-0.5697131536181915,3.0625495980529593,17
-0.616568939773807,3.067042981480741,17
-0.5695913237718018,3.0343123101442937,17
-0.6929575691953049,3.00878176611951,17
-3.672469294526799,0.34549624807504753,87
-3.672469296817102,0.34549623113450384,87
0.5708828921121026,-2.5029356091199597,47
0.6843185348278769,-2.2951983919281287,47
0.6525944453999677,-2.371923055459462,47
0.733035527464763,-2.290900368191016,47
0.4538000343721441,-2.7494575777686086,47
0.5733093586123688,-2.5038172624612494,47
0.5807887835431437,-2.436306303576382,47
0.6545760204809759,-2.4601275636401723,47
0.6464318936389852,-2.3204494746527775,47
0.4660193214531471,-2.675974229291659,47
-2.3234162657816646,3.0550045528829104,38
3.742274401064467,-0.8108070994262269,38
3.744113004696643,-0.8250506141079711,38
3.7441130046966387,-0.8250506141079808,38
0.43338003913969136,-2.635096676302822,47
0.5250117121204783,-2.6579552996229365,47
0.43338004067188945,-2.6350966755093235,47
0.5250117121102714,-2.657955299628245,47
-2.030830384857129,-2.6155901003754254,70
-1.979826466778059,-2.6456376314228085,70
-1.9998135085155773,-2.5960471871842516,70
-1.940305962801846,-2.6071116525281695,70
-2.030830384857114,-2.615590100375437,70
-1.9798264667780618,-2.645637631422806,70
-1.9998135085155972,-2.5960471871842405,70
-1.9403059628018482,-2.6071116525281695,70
1.1741180915278868,1.1569863919542487,36
1.0213171593070927,1.0058237819530507,36
1.1374381425784912,1.2156992478011384,36
1.0186316895163738,1.0621851572176553,36
0.9230061079352139,0.8406152855681683,36
1.2181995207627,1.7476530011470004,36
1.0896408488211633,1.0197100366792484,36
1.0039173682633244,0.9520098224023971,36
1.0696283655133172,1.151001192390664,36
0.9289580660270059,0.8203270289968463,36
-1.690256417029842,-2.5611077552109633,70
-2.010631216816778,-2.6104712555814182,70
-1.927846205924549,-2.6118938679546075,70
-1.9963969069426015,-2.572477946337658,70
-1.8959923017629612,-2.591127938123685,70
-1.6902564170298404,-2.561107755210965,70
-2.010631216816787,-2.610471255581412,70
-1.9278462059245514,-2.611893867954607,70
-1.9963969069425576,-2.5724779463376892,70
-1.8959923017629539,-2.591127938123688,70
-1.7345137369580184,-2.680855541440497,70
-1.9813064207298645,-2.6118548059753195,70
-1.8575898149806127,-2.6228233308194304,70
-1.9145807191671507,-2.5972976662222376,70
-1.8257150369653323,-2.614996821489848,70
-1.7345137369629453,-2.680855541437771,70
-1.9813064207298716,-2.6118548059753137,70
-1.8575898149806176,-2.6228233308194304,70
-1.914580719167073,-2.5972976662222877,70
-1.8257150369653377,-2.6149968214898456,70
1.1424260441678582,0.6273841356892902,36
1.1341598123330718,0.5313358806591487,36
1.0609611537108108,0.6326848615233669,36
1.0888048597755364,0.5773038840401691,36
0.8965346685939414,0.6101043987549123,36
1.1402723224034774,0.40536020806175777,36
1.0245372909046515,0.6652146948699029,36
1.0756688425659473,0.6775407869173339,36
1.0834818650409699,0.5048852973159398,36
1.0696230963344182,0.4296482278947559,36
1.1424260442070158,0.6273841356490919,36
1.1341598123264682,0.5313358806653377,36
1.0609611523675324,0.632684863009999,36
1.088804861856119,0.5773038822843594,36
0.8965346685968386,0.6101043987524775,36
1.1402723223928177,0.40536020807249673,36
1.0245372908423347,0.665214694928261,36
1.0756688426117675,0.6775407868733866,36
1.0834818649921405,0.5048852973607757,36
1.0696230963271922,0.4296482279011715,36
-1.8014884944064828,-3.0019176493871087,69
-1.770170023694376,-3.0244214284749895,69
-1.7756824040095744,-2.9678384580726496,69
-1.7686314990379464,-3.023182839493815,69
-1.8014884944049532,-3.001917649387885,69
-1.770170023700229,-3.0244214284721562,69
-1.775682404006482,-2.9678384580742705,69
-1.7686314990382859,-3.0231828394936517,69
2.455833346271414,0.8229211264063038,19
1.877659700788098,1.8789411776096085,19
1.9172705659575648,1.7522341657334142,19
1.865584115456343,1.9839761946408223,19
2.204885131638998,0.8525625221415166,19
2.0810319320460593,1.6544435696296198,19
1.929163674636205,1.877502957792308,19
1.9907909268707087,1.1903257429718153,19
1.8502564246832793,1.8591285909476316,19
2.1403460690976184,0.6188607477518446,19
-1.542332782207499,-2.939458204323677,69
-1.7864803208250928,-2.9737812614522054,69
-1.745250763837909,-2.9677565356745923,69
-1.7741909266765448,-2.941269633565154,69
-1.7275908455989466,-2.9304048210307396,69
-1.5423327822074993,-2.9394582043236763,69
-1.7864803208253524,-2.973781261452068,69
-1.7452507638385342,-2.967756535674276,69
-1.7741909266781943,-2.9412696335642856,69
-1.7275908455988052,-2.9304048210308116,69
-2.9533235679594756,-1.7232086200417849,76
-2.9188169083727726,-1.8070086404898784,76
-2.8667726492896684,-1.7323771095096054,76
-2.901658598947985,-1.7716725802610194,76
-2.953323567868532,-1.7232086202008041,76
-2.918816908047993,-1.8070086410119521,76
-2.866772649292658,-1.73237710950476,76
-2.901658598774933,-1.7716725805427131,76
-0.6054886553779304,2.8760272517230674,28
-0.6593000177250228,2.707280277607212,28
-0.6600277802690645,2.7376227380790343,28
-0.6798190229146216,2.690602707932246,28
-0.6343151149585983,2.5355632968802886,28
-0.5691504111350539,2.9180868390428314,28
-0.5527057919396502,2.754919454382609,28
-0.6325149664099694,2.7262709221057033,28
-0.7135929378547502,2.7146722281308917,28
-0.5700389460153813,2.5939954592544465,28
-2.635792314026929,-1.701552603817395,76
-2.879939781797545,-1.7183009425557245,76
-2.9024610733476868,-1.7390586539607764,76
-2.8735847617693646,-1.6641454348577254,76
-2.891945822956289,-1.737777242072246,76
-2.6357923139821873,-1.7015526038693558,76
-2.879939781796145,-1.7183009425580722,76
-2.902461073310261,-1.7390586540223762,76
-2.8735847617109314,-1.664145434955498,76
-2.891945822945148,-1.7377772420904893,76
-2.676511378292341,-1.649057757343609,76
-2.897257160753997,-1.6934914548683646,76
-2.9011593525083748,-1.748881669533751,76
-2.8139248636860374,-1.6480922809537923,76
-2.8178951926595976,-1.7376280592526674,76
-2.676511378308973,-1.6490577573225478,76
-2.8972571607661632,-1.6934914548479205,76
-2.901159351788794,-1.7488816706996864,76
-2.813924863691999,-1.6480922809443965,76
-2.8178951926416556,-1.7376280592810938,76
-0.7203612367752746,2.583798028952216,28
-0.5574546385715381,2.3699948115048084,28
-0.7845609762543645,2.4706916537964245,28
-0.9822798699911279,2.3494029221369606,28
-0.6848505246368157,2.3224634201077206,28
-0.7705095795650561,2.253751423407619,28
-0.6755628082077016,2.655730357812322,28
-0.5383921918144576,2.509233686198078,28
-0.751386371663779,2.319113801454966,28
-0.7989542465612295,2.064650887673703,28
-0.7203614541682778,2.583797940583091,28
-0.5574546220347847,2.3699948176824988,28
-0.7845571398131742,2.4706930093893793,28
-0.9822798742494305,2.3494029199716464,28
-0.6848504411176506,2.3224634588882047,28
-0.7705098470550569,2.2537513081571254,28
-0.6755629521274067,2.655730308995283,28
-0.5383921896279521,2.509233686775825,28
-0.7513862742087063,2.319113838032649,28
-0.798954246562224,2.064650887673305,28
-2.618860031381629,-2.321097839204426,75
-2.61625974698257,-2.3615869685426953,75
-2.5760258714912285,-2.292135597297319,75
-2.6506198009233235,-2.366947674852701,75
-2.6188600313705543,-2.3210978392162946,75
-2.6162597472291442,-2.3615869682748145,75
-2.5760258715044886,-2.292135597283553,75
-2.6506198017469345,-2.3669476739472475,75
0.9334621189212338,2.921721388187224,23
0.8804263448641592,3.0153777740973178,23
0.9073495893460001,3.0187155447780327,23
0.8781435399612951,2.996718742745873,23
0.9024539880616571,2.987423513637629,23
0.8757099424061747,3.02535411347124,23
0.9271342023247153,3.063695964492571,23
0.8905603981179409,3.032266964340259,23
0.8684433101097323,3.0349305571011906,23
0.8788273455979335,3.0952230246964705,23
-2.4138594207127246,-2.231876729701858,75
-2.5588575529951436,-2.3083241931648173,75
-2.584999932045271,-2.2836886833158787,75
-2.605276033746378,-2.250555160890988,75
-2.5880374906564327,-2.296231445402975,75
-2.4138594207126696,-2.231876729701913,75
-2.558857552994993,-2.3083241931649785,75
-2.584999932036125,-2.283688683325177,75
-2.6052760337391065,-2.2505551608983523,75
-2.58803749065522,-2.29623144540423,75
-1.8055595033366918,-2.2618894936809593,72
-1.7249069528139147,-2.340663353263576,72
-1.7722148758160985,-2.292491654826218,72
-1.7200020244496046,-2.2971468515597535,72
-1.805559503336692,-2.2618894936809584,72
-1.7249069528139176,-2.3406633532635746,72
-1.7722148758160972,-2.2924916548262186,72
-1.720002024449609,-2.297146851559747,72
1.4958144386976762,2.5010556643345607,34
1.4625879449921275,2.3600898983972223,34
1.4641531679945887,2.4410249507672317,34
1.4473681000795442,2.3517059399562354,34
1.4253850468871203,2.1038469908219146,34
1.5671106080831865,2.544844510819676,34
1.583520350431208,2.397042045753766,34
1.5342764930192396,2.420344441766991,34
1.54737861909522,2.4416940762094685,34
1.5083507812952415,2.1388906769892913,34
-1.5916755799946491,-2.3092706568285917,72
-1.8397909175472724,-2.316077634022884,72
-1.7192857489696929,-2.291340938831043,72
-1.795565809825789,-2.296811419373331,72
-1.769946809196533,-2.3597983438823333,72
-1.591675579994647,-2.309270656828593,72
-1.83979091754727,-2.3160776340228852,72
-1.719285748969694,-2.2913409388310435,72
-1.7955658098257865,-2.2968114193733338,72
-1.7699468091965311,-2.3597983438823316,72
-1.564737133546381,-2.230836231133268,72
-1.7959120273250935,-2.2630430923120644,72
-1.6107572022649985,-2.2552570484055057,72
-1.7180707032576779,-2.2761500825338645,72
-1.626324106800017,-2.2998781243603186,72
-1.5647371335463807,-2.230836231133267,72
-1.79591202732509,-2.2630430923120652,72
-1.6107572022649976,-2.255257048405507,72
-1.7180707032576346,-2.276150082533896,72
-1.6263241068000163,-2.299878124360319,72
1.4124374769725767,1.8320344876191736,34
1.5604652139798776,1.7260454139376742,34
1.4169383733483352,1.842802938181372,34
1.3900706926287405,1.474253250285044,34
1.3434891393763608,1.416730238513713,34
1.4309189304435321,1.0865628328109946,34
1.4932375235988522,1.9804178897782574,34
1.523744282762196,1.9468969249422756,34
1.4324948667778008,1.3587163150711066,34
1.3637699677290283,0.9898291093033621,34
1.4124375042042918,1.8320344351357118,34
1.5604653170312293,1.7260451922349598,34
1.416938252609447,1.8428031777778737,34
1.3900711504492604,1.4742506539240208,34
1.3434890979002674,1.4167304231718985,34
1.4309189282544865,1.0865628586669183,34
1.4932375266605704,1.9804178850911536,34
1.5237442519780904,1.9468969704033994,34
1.4324947080325638,1.358717088059954,34
1.363769967726731,0.9898291093149978,34
-1.5739826675722106,-2.83617388527864,71
-1.5266241509727279,-2.8425920522708,71
-1.5271407163055744,-2.8254530459507405,71
-1.5395779853521891,-2.8410970974735124,71
-1.57398266757222,-2.836173885278636,71
-1.5266241509727274,-2.842592052270798,71
-1.5271407163055748,-2.825453045950741,71
-1.539577985352185,-2.841097097473512,71
2.156657195458324,2.4745252171882277,20
2.074617195992357,2.54543723550107,20
2.0806922525982716,2.4986762533114417,20
2.0687354916706395,2.5269103699721582,20
2.10045970278729,2.455785506002624,20
2.1572530752469246,2.472061914377972,20
2.1354570342077603,2.5455743687564154,20
2.118055348931121,2.472903157202135,20
2.0910282560880655,2.5186575554665693,20
2.143368555930388,2.423648772371724,20
-1.4180864636487232,-2.8054490878724536,71
-1.6423745914119185,-2.820058479170559,71
-1.5283681138675516,-2.7866700884033775,71
-1.5637755406326117,-2.8028998588459175,71
-1.59055984331568,-2.832458679251471,71
-1.4180864636487236,-2.805449087872453,71
-1.6423745914116517,-2.820058479170712,71
-1.5283681138675593,-2.7866700884033744,71
-1.5637755406325864,-2.8028998588459344,71
-1.590559843315707,-2.8324586792514572,71
-2.5931465040924504,-1.8343635823605857,74
-2.5538599168913247,-1.9276723789666257,74
-2.607401820055313,-1.8832381730721586,74
-2.5368069914332523,-1.888973831401106,74
-2.593146504093822,-1.8343635823588884,74
-2.553859916891308,-1.927672378966645,74
-2.6074018200661953,-1.8832381730593826,74
-2.5368069914276985,-1.8889738314076023,74
0.4771630985323333,2.951065345410776,26
0.3922718693055561,2.9637616918929512,26
0.41767767719481097,2.9338505648626096,26
0.34299876460780054,2.8787294409864432,26
0.3710457969300373,2.82861662283808,26
0.44918188349027116,2.9292034425348916,26
0.45456205464362753,2.8899728670387623,26
0.45202584404913065,2.893351965540931,26
0.344810388487744,2.8064386788607574,26
0.39591527986898745,2.841393507683786,26
-2.3946442162394384,-1.9183096279666665,74
-2.6345023620270642,-1.8778063592053982,74
-2.57839696704964,-1.9060096068521266,74
-2.617487058205486,-1.8533853095657153,74
-2.5744278765562187,-1.9375046862810519,74
-2.3946442162385617,-1.9183096279675937,74
-2.6345023620301715,-1.8778063592016425,74
-2.578396967045793,-1.9060096068565116,74
-2.617487058205699,-1.8533853095654462,74
-2.5744278765551756,-1.9375046862822127,74
-2.34449081010421,-1.8040497768278674,74
-2.739706048339665,-1.8992897501911365,74
-2.638292183724613,-1.9071465133409173,74
-2.6677462195704673,-1.8913081553786042,74
-2.597850794560078,-1.9425493960199756,74
-2.3444908101041064,-1.8040497768279813,74
-2.7397060483307634,-1.899289750201974,74
-2.638292183651061,-1.9071465134257681,74
-2.6677462191096675,-1.8913081559386358,74
-2.5978507945302707,-1.9425493960522922,74
0.32665433484384343,2.6429135710145637,26
0.272626138143978,2.3684970751928573,26
0.19105969460304056,2.5189190288627237,26
-0.016571972154474358,2.185993127570634,26
0.11866506071449741,2.3319169743879544,26
0.10664107504940731,2.214281315826673,26
0.4632196070090055,2.846056506930422,26
0.2570029048742773,2.5194386333104926,26
0.07888328285881822,2.273137211320163,26
-0.06646259569092472,1.8402754848383183,26
0.3266585591659287,2.6429143703974884,26
0.27262609640933533,2.3684970595199193,26
0.19106045612638314,2.5189192557405913,26
-0.016571971665491056,2.1859931276439157,26
0.11866505842395342,2.3319169738502334,26
0.10664108293049443,2.2142813170034157,26
0.4632202454143312,2.8460564694841453,26
0.257001652131894,2.5194382057027833,26
0.07888328338249426,2.2731372114079997,26
-0.06646259569090286,1.8402754848383216,26
-2.3890588072721157,-2.439431958365437,73
-2.3658540384352746,-2.492729893394748,73
-2.3737107297411195,-2.4583484466400285,73
-2.3555353897608735,-2.475762032495769,73
-2.389058807272,-2.439431958365554,73
-2.3658540384355655,-2.4927298933944586,73
-2.3737107297312763,-2.458348446649955,73
-2.355535389763288,-2.4757620324933862,73
1.2680466722515547,3.1309385306462807,23
1.2420796601890276,3.2780957332773437,23
1.236093942076348,3.24754779503364,23
1.257213370005045,3.190486923973928,23
1.2400778287622358,3.203129928057669,23
1.2794842632778711,3.1442971936608557,23
1.2812714366565452,3.245879150541901,23
1.2669693479590405,3.2772621566469593,23
1.2512748887611826,3.149184633561629,23
0.14103190115109848,-2.9092336652817012,23
-2.3224723101417677,-2.4652588743960018,73
-2.4271285100974245,-2.4522162618200887,73
-2.3398952573075675,-2.3793537058667105,73
-2.3880129634003526,-2.4085294493035936,73
-2.4079538445318716,-2.4466423498700527,73
-2.322472310144836,-2.465258874392871,73
-2.4271285100971043,-2.45221626182041,73
-2.3398952573074423,-2.3793537058668397,73
-2.3880129633995706,-2.4085294493043943,73
-2.4079538445311384,-2.446642349870792,73
1.1793674656419761,-2.7610631411631537,48
1.1379438217788305,-2.7546678550939743,48
3.4657555748557667,-1.2517698624907554,39
3.4657555748574325,-1.251769862484872,39
3.4914546875087513,-1.2436962712697837,39
3.491454687509113,-1.2436962712685486,39
1.089055637129278,-2.662951550530888,48
1.1361782390403103,-2.7028791164690116,48
1.0890556371292757,-2.662951550530888,48
1.136178239040281,-2.702879116469027,48
-2.118608541777937,-2.6479341802286616,70
-2.0489894020986115,-2.633013501827545,70
-2.1097952629197394,-2.6524739041309235,70
-2.020142286084585,-2.6225422077501523,70
-2.1186085417779372,-2.647934180228663,70
-2.0489894020986044,-2.63301350182755,70
-2.109795262919738,-2.6524739041309253,70
-2.0201422860847846,-2.622542207750016,70
0.5259657217271991,1.0423651400376597,36
0.37849919136247706,1.090923633824958,36
0.3675164278663067,1.1576640977787054,36
0.36320209677863285,1.1860815183461035,36
0.36546131632723133,0.971575213051502,36
0.5784100378620867,1.2685324314207684,36
0.5112504681118847,1.1305428445273238,36
0.4284372165700133,1.024261906747346,36
0.39721168190894574,1.3662239140634975,36
0.3972634386156582,0.9632935014410255,36
-1.7452900943341165,-2.620794129925178,70
-2.107872154320134,-2.6479360621752086,70
-2.0085640701390344,-2.6314272349101917,70
-2.096033835346061,-2.6276213842983402,70
-1.976800752324512,-2.6172453773191076,70
-1.7452900943341154,-2.6207941299251782,70
-2.107872154320129,-2.647936062175211,70
-2.008564070139025,-2.631427234910199,70
-2.0960338353460757,-2.6276213842983256,70
-1.9768007523245221,-2.617245377319097,70
-1.8090955210591968,-2.710961980496253,70
-2.054893267026826,-2.6308427406299972,70
-1.9302558047511404,-2.6209259150231485,70
-2.00176003429163,-2.6096938536145156,70
-1.898276894498042,-2.6110080338478023,70
-1.8090955210589672,-2.7109619804963785,70
-2.054893267026643,-2.63084274063021,70
-1.9302558047511176,-2.6209259150231645,70
-2.0017600342910655,-2.609693853614911,70
-1.898276894498053,-2.6110080338477997,70
0.5866323422525824,0.8327583609599638,36
0.6366363674682488,0.7246974810541542,36
0.47942832982200695,0.8679867978567523,36
0.580746363327388,0.7285478261173882,36
0.5366553161347141,0.7808927841210238,36
0.5416038162176448,0.632382217757733,36
0.7041378730987831,0.8809699137360353,36
0.5881841217597914,0.9737643696186533,36
0.5179046784885293,0.7416571535189688,36
0.5512420170125749,0.6433204648769815,36
0.5866323418976852,0.8327583611532655,36
0.6366363673622117,0.7246974811178175,36
0.4794283288640531,0.8679867984668185,36
0.5807463595384088,0.7285478283652577,36
0.5366553161243591,0.7808927841269612,36
0.5416038162158338,0.6323822177588542,36
0.7041378728164797,0.880969913895836,36
0.5881841233207348,0.9737643687889095,36
0.5179046784929808,0.7416571535162331,36
0.5512420170027258,0.6433204648829398,36
-1.9536080716792619,-2.97289529513588,69
-1.9119446178357362,-2.9728334372267877,69
-1.9218749450549022,-2.9316158304012845,69
-1.9048442319401233,-2.974484379500008,69
-1.9536080716751443,-2.9728952951383114,69
-1.9119446178365918,-2.972833437226295,69
-1.9218749450641037,-2.9316158303958644,69
-1.9048442319574135,-2.9744843794901747,69
1.7482176153816407,1.4917903612917074,19
1.5760990734093991,1.4754187674591956,19
1.6384104184376649,1.3016382182758277,19
1.545923746963178,1.623002300825008,19
1.5806992106177502,1.0420779137777882,19
1.7472888496476622,1.812359162934889,19
1.6499603769442475,1.6959213492735898,19
1.6208609349779814,1.208770434375089,19
1.5934981829878527,1.739718783180072,19
1.563666454534645,0.9830885086489427,19
-1.651491202471048,-2.955962978286085,69
-1.91258827408481,-2.94949656243035,69
-1.8420445675656931,-2.9547620190425636,69
-1.894149972700581,-2.9306380310666094,69
-1.8016482751247958,-2.9317063355286197,69
-1.6514912024710309,-2.9559629782860926,69
-1.9125882740856963,-2.949496562429834,69
-1.842044567587612,-2.954762019030971,69
-1.8941499726988689,-2.930638031067613,69
-1.801648275129124,-2.9317063355262705,69
-2.9520707246573625,-1.6288728557381689,76
-2.8952805234613037,-1.7060924488421827,76
-2.861406733811776,-1.6547542932028074,76
-2.9237212020537795,-1.6896844257499966,76
-2.952070724656076,-1.6288728557405316,76
-2.89528052347257,-1.7060924488227185,76
-2.861406733786834,-1.6547542932439574,76
-2.9237212020263046,-1.6896844257985146,76
-0.9910283185891396,2.5106306708530415,28
-1.0460857213140495,2.345660882366425,28
-1.0059648942004318,2.3509354709650845,28
-1.00144707007798,2.3472236768700006,28
-0.9644792281487918,2.1571163153847484,28
-1.025162874541086,2.5737003693805933,28
-1.016556963508942,2.4215838336049345,28
-1.0391158142734054,2.3775826108990827,28
-1.1155153026622833,2.4375421377139443,28
-0.9819069755712763,2.211385424796534,28
-2.6618526416846753,-1.656118267861435,76
-2.896264994931319,-1.6285354178564977,76
-2.91985941190325,-1.665641055806846,76
-2.8953851398526385,-1.596166065955925,76
-2.898415672774127,-1.6698596644303503,76
-2.6618526416869894,-1.6561182678585475,76
-2.896264994930357,-1.6285354178581364,76
-2.9198594119096235,-1.6656410557957126,76
-2.89538513985092,-1.5961660659588732,76
-2.8984156727741706,-1.6698596644302832,76
-2.6760650464767464,-1.5469864029221192,76
-2.930184445509373,-1.6030509913904198,76
-2.9040868933978223,-1.6131497867361588,76
-2.8875803392950106,-1.5583497160411228,76
-2.852029537170999,-1.6230720002453127,76
-2.6760650464766904,-1.5469864029222,76
-2.9301844455097115,-1.6030509913898012,76
-2.904086893397675,-1.6131497867364508,76
-2.887580339295013,-1.5583497160411177,76
-2.85202953716996,-1.6230720002469872,76
-1.040967626784433,2.2858198661611024,28
-0.985276393319008,2.085537468923274,28
-1.0878963848768843,2.190187535405301,28
-1.2084489205606412,2.1166467581639132,28
-0.9811304795840446,2.088847920679425,28
-1.0511476127660457,1.99490400361626,28
-1.0671804007249375,2.343444807643755,28
-1.0108624330820775,2.2089008884758567,28
-1.0371022639496708,2.0823955570318557,28
-1.0311949961523044,1.8801764947239594,28
-1.0409676267847232,2.2858198661609523,28
-0.9852763933190131,2.0855374689232704,28
-1.087896384876893,2.190187535405297,28
-1.2084489205606113,2.116646758163924,28
-0.9811304795840452,2.0888479206794246,28
-1.0511476127660455,1.9949040036162609,28
-1.067180400720678,2.3434448076459593,28
-1.0108624330820635,2.208900888475861,28
-1.0371022639496736,2.0823955570318553,28
-1.0311949961523041,1.8801764947239603,28
-2.7043744600089528,-2.1833805933375956,75
-2.659864770736947,-2.17204742743296,75
-2.6104301359239077,-2.141969598857839,75
-2.7340401976682855,-2.2246063197125587,75
-2.7043744600535806,-2.1833805932884123,75
-2.6598647707438072,-2.1720474274257326,75
-2.610430135922998,-2.1419695988587595,75
-2.7340401977754905,-2.2246063195916315,75
0.5239758846002684,2.834252223745382,23
0.35952925024994686,2.801897117438124,23
0.44427691778795536,2.821551654191175,23
0.38425737290317463,2.770459996633733,23
0.3766185002910998,2.728718798581407,23
0.4967150924902015,2.8993108048826457,23
0.476382153453741,2.962509613495255,23
0.43009544605277183,2.842807194103051,23
0.4027160364841349,2.9479035130534155,23
0.37475712478795,2.847617938510495,23
-2.4907277089889988,-2.1564542051286177,75
-2.622341836539729,-2.173353021208835,75
-2.580669788560321,-2.1292723748609776,75
-2.629673734157237,-2.1332922922133015,75
-2.6605076664641456,-2.1667128170880816,75
-2.4907277089897004,-2.156454205127939,75
-2.622341836535809,-2.173353021212877,75
-2.58066978856562,-2.129272374855696,75
-2.629673734153374,-2.1332922922172495,75
-2.6605076664734386,-2.166712817078308,75
-1.8986967107001647,-2.2999746871946782,72
-1.847362937331033,-2.2916329288060906,72
-1.9067203091112785,-2.320679393664987,72
-1.8159613708302278,-2.3005287404802397,72
-1.8986967107001693,-2.299974687194677,72
-1.847362937331031,-2.291632928806092,72
-1.9067203091112856,-2.3206793936649794,72
-1.815961370830234,-2.3005287404802384,72
1.1289466116846194,2.301262008238111,34
1.0870138437899073,2.135906066302263,34
1.1168537894745907,2.1947902352078477,34
1.0817278589112298,2.1364609052197086,34
0.9880613874769201,1.9063382665606479,34
1.1851857046938676,2.4638223328266124,34
1.2183365785877038,2.3033711783844923,34
1.132626878740139,2.18550290590659,34
1.1938696698812097,2.3828609102653444,34
1.029569018839209,1.903681788614485,34
-1.6452419058712882,-2.341447676281591,72
-1.9277572422322375,-2.368635658764863,72
-1.813794985810124,-2.275125571802746,72
-1.9118482461448925,-2.302982971818313,72
-1.8416512918031591,-2.351465491180533,72
-1.6452419058712873,-2.3414476762815877,72
-1.9277572422322098,-2.368635658764884,72
-1.8137949858101265,-2.2751255718027488,72
-1.9118482461448836,-2.3029829718183232,72
-1.841651291803165,-2.351465491180527,72
-1.6033951140227263,-2.261157884838918,72
-1.8613688804700226,-2.30016882106116,72
-1.6950926582414674,-2.201196998737223,72
-1.818861518222265,-2.2749623814111004,72
-1.7089347626365163,-2.2592838727549456,72
-1.6033951140227276,-2.261157884838916,72
-1.861368880469978,-2.3001688210611952,72
-1.695092658241468,-2.2011969987372226,72
-1.8188615182228562,-2.274962381410613,72
-1.708934762636514,-2.259283872754948,72
0.9494425123130437,1.6755871066364045,34
1.0724151156813446,1.527222686145737,34
0.851091940153834,1.6117477420168937,34
0.8569762355623144,1.158726005743216,34
0.7925963022936069,1.3964823930771721,34
0.877512381714709,1.0072771430589498,34
1.0097434728743857,1.7275269079241744,34
1.040311370221921,1.788793145250589,34
0.7732884993806545,1.332283086883276,34
0.8565668961241074,0.9726026541669424,34
0.9494425123124594,1.675587106633182,34
1.0724151186475237,1.5272226802795656,34
0.8510919401648346,1.6117477420302602,34
0.8569762355524237,1.1587260057533455,34
0.7925963022925389,1.3964823930817136,34
0.8775123817147616,1.0072771430589094,34
1.0097434728769759,1.7275269079174844,34
1.0403113702218079,1.7887931452507446,34
0.7732884993692416,1.3322830869214122,34
0.8565668961241208,0.9726026541669337,34
-1.787268011126878,-2.8004539185701365,71
-1.7232365070591202,-2.7754944599007483,71
-1.7176583594244053,-2.7691620822330303,71
-1.728998174844926,-2.8074612468166733,71
-1.7872680111263755,-2.800453918570422,71
-1.7232365070587343,-2.7754944599009788,71
-1.717658359424057,-2.7691620822332377,71
-1.7289981748448282,-2.8074612468167333,71
1.8204322780889568,2.3910256952602373,20
1.7275193386133623,2.404583905404919,20
1.7327275402957532,2.3117570229831848,20
1.7268688358690083,2.342707225058975,20
1.7433627512093859,2.2671999321542047,20
1.8159035354510034,2.43784987581938,20
1.7885929529256586,2.4625413209154488,20
1.7475759484080662,2.3265833057952054,20
1.7359057051702134,2.4271496864002913,20
1.7383902351375962,2.2823038054213822,20
-1.5435295818182149,-2.7806001969733387,71
-1.7947589378217796,-2.8200118460956793,71
-1.6702904222707444,-2.741982249644867,71
-1.7257265463589206,-2.7870557055665905,71
-1.6984360519596,-2.8211112209841334,71
-1.543529581818269,-2.7806001969733116,71
-1.7947589378233395,-2.820011846094816,71
-1.6702904222706383,-2.741982249644932,71
-1.7257265463583453,-2.787055705566926,71
-1.6984360519599662,-2.8211112209839246,71
-2.6195337814113144,-1.7513333710018812,74
-2.5532442829938313,-1.8087777835760963,74
-2.6122086238847504,-1.7982307357098024,74
-2.546903620420336,-1.7861229494859967,74
-2.6195337814010613,-1.7513333710155392,74
-2.5532442829897746,-1.8087777835810748,74
-2.6122086238827085,-1.7982307357123988,74
-2.5469036204213973,-1.7861229494846933,74
-0.20728520062537606,2.480032003533927,26
-0.2909945792108031,2.426249086869186,26
-0.25482152837680755,2.3759422529493395,26
-0.24307850345815654,2.346133458898183,26
-0.3122963109398557,2.286630828211338,26
-0.2380404161309178,2.57747207423199,26
-0.2394178463040532,2.4550290307543343,26
-0.24289461837958343,2.4105867518861603,26
-0.27914576448875733,2.398907174523137,26
-0.29555641745640715,2.3149791105986064,26
-2.429132122698006,-1.8556203534019766,74
-2.6537959269956177,-1.8134121827447993,74
-2.6103133337161855,-1.826353942576974,74
-2.655464088263365,-1.8016070787556067,74
-2.608630939500816,-1.8841157243960998,74
-2.4291321226966343,-1.8556203534035243,74
-2.653795926998361,-1.813412182741283,74
-2.610313333708191,-1.8263539425869468,74
-2.655464088269328,-1.8016070787477976,74
-2.608630939500224,-1.8841157243968196,74
-2.3383569445168737,-1.722620163073606,74
-2.734443732005887,-1.8235413605641961,74
-2.6487378231515377,-1.8253917285953503,74
-2.6948935503611557,-1.794028240693529,74
-2.593596141738708,-1.855911961032177,74
-2.338356944516636,-1.722620163073863,74
-2.7344437319399764,-1.8235413606552138,74
-2.64873782314053,-1.82539172860956,74
-2.694893550465094,-1.7940282405571017,74
-2.5935961417700475,-1.8559119609941468,74
-0.2156043595292902,2.2261510358632957,26
-0.18043712703143344,2.001577185559881,26
-0.2803777021481634,2.111990294180494,26
-0.3252788978395192,1.878440301554445,26
-0.2595579745735704,2.030959674794115,26
-0.2613740239898682,1.826903935273834,26
-0.2299626536841742,2.3844251970434964,26
-0.25363864650409923,2.184653973535864,26
-0.28915159712247224,1.9509364134379232,26
-0.33135693330478677,1.6125962921224664,26
-0.21560435952984508,2.2261510358631407,26
-0.18043712703129042,2.001577185559906,26
-0.2803777021489159,2.111990294180279,26
-0.3252788978451124,1.878440301553049,26
-0.25955797457356355,2.030959674794118,26
-0.26137402399006454,1.8269039352737972,26
-0.22996265371368882,2.3844251970355557,26
-0.2536386465040348,2.1846539735358776,26
-0.2891515971224239,1.9509364134379372,26
-0.3313569333047864,1.6125962921224672,26
-2.497433108073293,-2.336121975034475,73
-2.471028439785164,-2.359220351399155,73
-2.4585869303749273,-2.3328860699252805,73
-2.4600767774128394,-2.383380882067536,73
-2.4974331080741803,-2.3361219750335542,73
-2.4710284397857665,-2.35922035139853,73
-2.4585869303754837,-2.332886069924693,73
-2.460076777411858,-2.383380882068547,73
0.9559784360670185,2.988597256764624,23
0.8883615873660444,3.055368761948302,23
0.9055641657164913,3.0317880327927784,23
0.9030966956245963,2.9288586694376066,23
0.9005049257929204,2.9406201849151326,23
0.9354802899288968,2.9965125163758035,23
0.9264994041196665,3.0636354895030737,23
0.9333934188346421,3.0441454484995383,23
0.8869370813466583,2.997103651493529,23
0.8974957112212758,3.0438479798058413,23
-2.377488845498817,-2.3592509878092867,73
-2.501557186737609,-2.3754194267923663,73
-2.437032092639494,-2.291440997389565,73
-2.4636257126003116,-2.317810632486817,73
-2.489702991341656,-2.3680688190627484,73
-2.3774888454977026,-2.3592509878104524,73
-2.5015571867369766,-2.3754194267930187,73
-2.4370320926394378,-2.291440997389627,73
-2.463625712605807,-2.3178106324810144,73
-2.48970299134495,-2.368068819059304,73
1.0456875077694494,-2.728088184374525,48
1.043649300547748,-2.7375246361330263,48
3.567668382966469,-1.323584184202539,39
3.5676683829601337,-1.3235841842223557,39
3.4880810512897957,-1.340236704404834,39
3.48808105129936,-1.340236704374866,39
1.0008928505901915,-2.617181745580208,48
1.05280099742002,-2.667813600608869,48
1.0008928505901913,-2.6171817455802073,48
1.0528009974200272,-2.667813600608865,48
-0.4463705802905217,1.413067251177089,32
-0.54689764088504,1.454580614201498,32
-0.47404158135589475,1.47085346841698,32
-0.5029099215215252,1.4863273558397527,32
-0.41109534074626836,1.3604466876781451,32
-0.5065644268199319,1.501661524120648,32
-0.5517945609124959,1.5002070417726112,32
-0.519995350744195,1.4122870751091787,32
-0.643790201602596,1.596301377025461,32
-0.5121705464667881,1.381322324458247,32
-3.1283274143330715,-1.0120879057911027,80
-3.1283274143342656,-1.012087905787944,80
-3.1553095025565803,-0.8494627398133023,80
-3.155309502555031,-0.849462739818632,80
-0.47663164639770533,1.2581627218302331,32
-0.45300108225819835,1.0737702455533473,32
-0.47663164639770506,1.2581627218302323,32
-0.4530010822581986,1.073770245553348,32
0.7429260131823152,1.7529820974732933,15
0.6818575283790944,1.676643186988948,15
0.7434793064444808,1.698949603094459,15
0.6957244654850196,1.8530031744545556,15
0.7155523488892929,1.6551588277272091,15
0.74036644984715,1.8974888630103004,15
0.5927106969843187,1.6936095779793179,15
0.6768501273486632,1.595281608531063,15
0.5846370870736494,1.8182533338466262,15
0.594212669204873,1.5229901660473677,15
-3.1107446604355724,-1.37598320036043,80
-3.1107446604338675,-1.3759832003645491,80
-1.4501105515382242,2.541562372580584,25
-1.4400718343344776,2.5696327403856514,25
-1.4436147156087673,2.640774472132346,25
-1.3911448820760541,2.600291887354156,25
-1.321518368948847,2.444059294398736,25
-1.4474474437638245,2.6338820323525067,25
-1.359441395103281,2.60561506175981,25
-1.4046793957225998,2.614108635130561,25
-1.3962509591326948,2.674630385898003,25
-1.3432524243423967,2.528760663979986,25
-3.5756774624237373,-0.17970707125532087,84
-3.575677462423739,-0.17970707125520557,84
-3.532830585715547,-0.037932151116887164,84
-3.5328305857161926,-0.037932151134211035,84
-1.4764818951023828,2.4366933371041632,25
-1.3639371818835022,2.2255140166892393,25
-1.4764818951023813,2.436693337104161,25
-1.3639371818835027,2.2255140166892398,25
-0.32983958450591894,2.633248906555026,21
-0.4047624214593692,2.756325325066786,21
-0.32656884441387846,2.8059277324378122,21
-0.31373933420007044,2.842231088357835,21
-0.2473234713612756,2.696149877105414,21
-0.38741915789425124,2.7875619293233784,21
-0.3526210211214884,2.83849444089778,21
-0.3570525114272025,2.8533908928661287,21
-0.3653487178221695,2.8958297418675243,21
-0.3293483433081753,2.800345222722289,21
-3.5066391365021063,-0.755842591981457,83
-3.506639136508176,-0.7558425919507212,83
-0.06876636140566424,2.064404653231913,30
-0.11264883111052372,2.027010616724651,30
-0.05460011782441626,2.0899380955221694,30
-0.0122774365313086,1.9856268681569926,30
-0.016592297053346684,1.9622035498878472,30
-0.06297520094639039,2.0599793669618385,30
-0.08961799724200968,2.0254747120216416,30
-0.13902473989320172,1.96034380500787,30
-0.09989282819419194,1.968802464190804,30
-0.14620489297370748,1.925682622271107,30
-3.0835817686515146,-1.0028326794747937,78
-3.0835817686352702,-1.0028326795195226,78
-2.932867646584208,-0.8076922429595049,78
-2.93286764658481,-0.8076922429577971,78
-0.19170867830946373,1.6810131072108465,30
-0.13718036761963437,1.4483757375994462,30
-0.19170867830921134,1.681013107210916,30
-0.13718036761963348,1.4483757375994446,30
1.0140401395206835,2.211743423519255,20
0.9126493815878854,2.239954200690041,20
0.9441581087158399,2.1909539238884483,20
0.9263699240730984,2.186657695968906,20
0.9767299589656039,2.176912690155642,20
0.9337497392317132,2.204684372509788,20
0.8937371217646963,2.2427074835062983,20
0.921130242369802,2.1581590561842083,20
0.8599863178746736,2.2368182945593627,20
0.917096510134819,2.192538920555379,20
-3.0835191257280266,-1.4615642558355304,77
-3.083519619126287,-1.4615630290596182,77
-0.8386313907218601,2.703045689274091,24
-0.78836761692721,2.618760288139173,24
-0.8174759701965493,2.707459084332766,24
-0.7098868697803625,2.573630961299229,24
-0.7043814721830882,2.5010113177425555,24
-0.8441764836558955,2.818397261923272,24
-0.7399021659339537,2.636276815625683,24
-0.8050454321683124,2.695619915062685,24
-0.7689690829735631,2.612701101355302,24
-0.7468125552034093,2.5978090064608916,24
-3.5593414701334924,-0.3108099332406792,88
-3.5593414701291786,-0.3108099333228419,88
-3.3782775811925263,-0.100345007674474,88
-3.378277581192531,-0.10034500767611622,88
-0.8458977906481707,2.4992268021693236,24
-0.7237923893709692,2.2175190317709332,24
-0.8458977906472598,2.499226802169674,24
-0.7237923893710347,2.2175190317709044,24
0.2897867026416508,2.917546409186077,22
0.22682003893955904,3.009031327434465,22
0.2703378333522368,3.003624791297975,22
0.29043457484274293,2.9385679883884452,22
0.35476851780967894,2.938054603787218,22
0.23104578202805298,3.0127053811505538,22
0.25617869864292636,3.0171588874534137,22
0.2488836795281017,3.044446349492817,22
0.2339393502474034,3.003786086737701,22
0.29291551858705606,3.043515364937926,22
-3.4048039355872906,-0.9759316443061326,87
-3.4048039365453153,-0.975931641056146,87
1.0048367763249677,-2.3028408511343565,50
1.0375975657386804,-2.2804517265510076,50
1.0608911613182936,-2.1999386334792757,50
1.0967759187693207,-2.243679791750447,50
0.9662643982643628,-2.616386273014319,50
0.9201873985161827,-2.3649457214298284,50
0.9596600948220744,-2.3864993169947115,50
0.9488212424593625,-2.395126837366335,50
0.9772827378464976,-2.3936518548750967,50
0.9027615724986477,-2.6437466268414545,50
3.4425214435483382,-1.1689251958707043,38
3.4425214435931624,-1.1689251956829072,38
3.4769094667276566,-1.1456509746522754,38
3.4769094665017826,-1.1456509756348952,38
0.9489257004377083,-2.339076542082343,50
1.0774311088479043,-2.4644159427967596,50
0.9489257004377072,-2.3390765420823443,50
1.077431108847904,-2.464415942796759,50
-0.7867675355886041,1.575229941298116,32
-0.8736738217606052,1.583216262751212,32
-0.8247081356177639,1.6302974182551337,32
-0.8000416216812519,1.5899972819353196,32
-0.7438350468196839,1.481768938182689,32
-0.8768704659560841,1.7061391008444875,32
-0.8967945142328213,1.6535911898968791,32
-0.9075272196701818,1.6334877404236419,32
-0.9229090852671663,1.682187419418183,32
-0.8565607050911095,1.5581141327198376,32
-3.2055026908102766,-0.7242242505379786,80
-3.205502690699045,-0.7242242509979048,80
-3.2028002022333184,-0.5868175458464904,80
-3.202800201891352,-0.5868175476275891,80
-0.7799515494443113,1.3848092592459607,32
-0.6791316871748789,1.206593436185452,32
-0.779951549444311,1.3848092592459602,32
-0.6791316871748789,1.2065934361854518,32
0.5200932486828298,2.0195013142353413,15
0.35940337747451073,2.017549420533394,15
0.476510282962386,2.0947228849684953,15
0.41455876019649496,2.153432896732841,15
0.42696494917387323,1.971416173446155,15
0.4982057582522841,2.1262953336121773,15
0.32122358490720776,2.04685499000977,15
0.3820837061178062,1.9815677477971494,15
0.3115751933908247,2.1062438317156267,15
0.30790358753771807,1.8934804019578184,15
-3.1243324073790832,-1.190757436910324,80
-3.1243324073767993,-1.190757436915817,80
-1.6508058353817072,2.5763403086810794,25
-1.6415196670937207,2.5475766927519814,25
-1.635893339084629,2.609258234925358,25
-1.5891878227216016,2.549381307764817,25
-1.5453390131588118,2.399351594419605,25
-1.6545267292539447,2.736573097642162,25
-1.6089968639618901,2.585697467193668,25
-1.6559484447253456,2.6526838987393844,25
-1.6398071328873578,2.6353121036055405,25
-1.5663411913000849,2.5027341253617075,25
-3.6476760992571533,0.14722352296383487,84
-3.647676099257878,0.1472235229544756,84
-3.583626771618243,0.3241091055489951,84
-3.5836267716275647,0.32410910548018623,84
-1.6874828665568145,2.4594922406339412,25
-1.5452127806090372,2.2442609232313013,25
-1.6874828665568136,2.459492240633942,25
-1.5452127806090383,2.2442609232312996,25
-0.7159147159315179,2.84513844154991,21
-0.8324100985750812,2.8872612401894777,21
-0.7372633806135523,2.939786510286617,21
-0.7418448244080469,2.9170821249846512,21
-0.7099185963825436,2.766631434619105,21
-0.7946174428224397,3.0013265603944728,21
-0.8395006807097978,2.921312517140904,21
-0.8218391304626143,2.9895638924743624,21
-0.8366005584907686,2.9634643653196946,21
-0.8166298289066326,2.8911115838892893,21
-3.6054264836817573,-0.41015510167110353,83
-3.6054264836353513,-0.4101551022070869,83
-0.4075217154909007,2.1527412902968384,30
-0.518992365760122,2.027792265514175,30
-0.42477907214831023,2.1172125708139586,30
-0.3683690050309382,2.0367384548830003,30
-0.44282261626854225,1.9356273774947348,30
-0.4032070244353688,2.1673162095246834,30
-0.50225236440813,2.0569810143978002,30
-0.5234207559815698,2.0476176406616546,30
-0.48084773759208305,2.0560612538739664,30
-0.5765606302692882,1.9201653847930795,30
-3.2976798743919096,-0.7302977824188147,78
-3.2976798777735885,-0.7302977664577754,78
-3.153594766009862,-0.5349714712319468,78
-3.1535947660484736,-0.5349714710129402,78
-0.5101446234688317,1.7087353944049184,30
-0.46737527941064927,1.5360917103964336,30
-0.5101446234688316,1.7087353944049184,30
-0.4673752794106483,1.5360917103964316,30
0.7863279329746434,2.4974545213796633,20
0.6268463167009749,2.4377723747795277,20
0.7040180911893955,2.458591793878503,20
0.7044955341492012,2.4155058070864994,20
0.6970709939258009,2.4017114775454442,20
0.6956156106078275,2.427614455799569,20
0.5970528638258992,2.3906193468185863,20
0.6481564462631852,2.4100795300109863,20
0.5668814515741435,2.3683022177113346,20
0.5976454574452342,2.366817893891618,20
-3.192756442336249,-1.2642224004225715,77
-3.192756442505144,-1.2642223999968965,77
-1.0820993827001968,2.7449601407587214,24
-1.0986495115877088,2.631079145098694,24
-1.0782067961277562,2.782845909726108,24
-1.017735838066208,2.6447740239157844,24
-1.054449152977201,2.529674422855069,24
-1.0876372020195184,2.8748418636464037,24
-1.0784960038289633,2.6405960086005273,24
-1.107149887826386,2.7122481684752433,24
-1.1106205974717063,2.6397340583121927,24
-1.0824737413586378,2.59558326707245,24
-3.7365331240590387,-0.03897955887074826,88
-3.7365331242768356,-0.03897957604632462,88
-3.532334420210784,0.18528637181457563,88
-3.532334418183937,0.185286394350223,88
-1.1389626359439509,2.497973787324349,24
-1.0129689515218199,2.204637305435109,24
-1.1389626359442218,2.4979737873241885,24
-1.0129689515218192,2.204637305435106,24
0.004450422268594277,3.130241473193382,22
-0.1372628620407313,3.151178675193759,22
-0.04832536077638243,3.198103384987252,22
-0.014177126691319255,3.0982329878003805,22
-0.031761307870538866,3.056260180674945,22
-0.12553963895677583,3.1957670740461595,22
-0.1365559281532154,3.1312148264514814,22
-0.1530774599179496,3.199926790078864,22
-0.15501486253939842,3.093572737555255,22
-0.13013625082904867,3.1600766267021076,22
-3.5902958434320236,-0.6116113902260208,87
-3.5902958346061062,-0.6116114513875319,87
0.889653281523254,-2.4846524911326435,50
0.892439627173841,-2.4125814958393854,50
0.9470474543812799,-2.3817256325618628,50
0.9461183464095773,-2.3772915567548227,50
0.8405858699422701,-2.7120317737012467,50
0.810357196632153,-2.541064086775109,50
0.8481334805593826,-2.497833057760716,50
0.8469810651363657,-2.5276925522651865,50
0.8639814702354596,-2.470995526606791,50
0.8147482097169176,-2.7201212778894592,50
-2.551513980913262,2.400896784882572,38
3.3604421781249894,-1.069676094444697,38
3.320065023405544,-1.0207391104459644,38
3.3200650234050584,-1.0207391104475758,38
0.8249142359165204,-2.5841920939800316,50
0.8825851286671007,-2.6273754157772267,50
0.8249142359165205,-2.584192093980034,50
0.8825851286671,-2.6273754157772276,50
-1.6119395783963195,2.0269842910293736,33
-1.7344662775092692,2.1244629799665735,33
-1.6895405715506722,2.1125004501634783,33
-1.5755256658968515,2.1030681853429045,33
-1.6628040241748643,2.103157642172018,33
-1.5864748190475906,1.994625905306421,33
-1.669501495165845,2.077337079633592,33
-1.6588600383397818,2.0188471628422513,33
-1.651988471046074,2.087072547359583,33
-1.6741717367762432,2.046718084724445,33
-3.1055454310842783,1.4137413964262249,86
-3.105545431185547,1.4137413962226502,86
-0.5120464997551547,2.658977823232953,15
-0.921638463434511,2.5593584523715123,15
-0.5642959872281192,2.724526974615474,15
-0.4645348029018725,2.686805831337078,15
-0.5176081816172975,2.7056703867110747,15
-0.6478885352215347,2.469350728383557,15
-0.524877394199852,2.701916629858889,15
-0.5790528607939011,2.537586957331933,15
-0.5238199178058445,2.6939758463045567,15
-0.9364567810472169,2.36704232381276,15
-3.245385468969927,0.21372375411938588,80
-3.2162165063194705,0.39066473383711564,80
-2.0009515572419425,2.702531117712154,25
-2.0511021687760236,2.701967019881915,25
-2.047775726411259,2.7277788011013704,25
-1.9869784144807197,2.746401635210773,25
-1.9963027158553153,2.643200423197406,25
-1.985696864875595,2.6893226972970146,25
-1.9668619156092606,2.699481247606835,25
-1.9926676126213216,2.645583785076083,25
-1.9627727426635442,2.7272880668625055,25
-1.9869337409106984,2.589398882796694,25
-3.239603203909163,1.904430803669104,86
-3.2396032039092546,1.9044308036689592,86
-1.571146096655284,3.00111877646404,18
-1.688472237851181,2.9990369555333887,18
-1.6447688047374331,3.077711160438231,18
-1.5699043987705636,2.9828695483597425,18
-1.6406313674430053,2.9131900122204675,18
-1.6179506839753848,2.9776809696810673,18
-1.6196550336028903,3.066274114784801,18
-1.6615638148288865,2.9809547007332196,18
-1.5923243920136072,3.0076380667416385,18
-1.6914523311051548,2.929214677137005,18
-3.0390103578937486,1.2278895943884724,86
-3.0390103578937673,1.2278895943884303,86
-1.1137336781227025,2.30718113608773,31
-1.22910387292574,2.2852339880698853,31
-1.159548833951743,2.3305790465950658,31
-1.1097472235540824,2.3651822475582582,31
-1.2747797311999916,2.3047522357406023,31
-1.1416108016905668,2.120776868384865,31
-1.2389663882462858,2.321930017452351,31
-1.1812919772651664,2.1706706844537864,31
-1.2517177504039436,2.287243110151445,31
-1.3622853335543215,2.1534061394735287,31
-3.011927525233994,1.4076792848123119,86
-3.0119278717548394,1.407678615771634,86
-0.05356662495200904,2.581828717478496,17
-0.11309606321608134,2.6275940991661444,17
-0.08141462465416612,2.6010573716141536,17
-0.06585404799325092,2.62778616220715,17
-0.1754654411305764,2.617521391521252,17
-0.12172264616571446,2.4194738240113325,17
-0.08453010910834848,2.699555596491285,17
-0.10077667022138724,2.512353997780272,17
-0.1323839496661473,2.630429651626123,17
-0.3224732582371633,2.4536263883545586,17
-3.2536632884350922,0.5027866581239724,77
-3.2536599992827293,0.5028033492488417,77
-1.5594215299797856,2.729536769117154,24
-1.5767800808547108,2.7162751214410785,24
-1.5462537517448598,2.737629968725408,24
-1.5051034713921276,2.796266688642509,24
-1.6526259603614082,2.7262757407610065,24
-1.596122311653236,2.701520929343785,24
-1.573454492496273,2.7596692430851713,24
-1.5799531450217734,2.678423407550577,24
-1.585255265222837,2.783315482003578,24
-1.6857447486424117,2.6204824003834473,24
-3.230263781773149,1.7561315820414622,86
3.0862008698165573,-0.28995326495941887,86
-0.900234746300723,3.0638640568730207,17
-0.9947673158467547,3.0021048402651713,17
-0.9254861374370105,3.0827791953472636,17
-0.9223139253727686,3.0061791922102405,17
-1.037991851989636,2.944711800177597,17
-0.9749129344993884,3.0404306783480526,17
-0.9873132159716402,3.07931772237582,17
-0.9800573194627094,3.064822225782053,17
-1.0079506959976459,3.0539197776027405,17
-1.1178428461528036,2.9805606522518486,17
-3.124385426597293,1.1769749767126718,86
-3.124385426626928,1.1769749766399844,86
1.0119158439168983,-2.976062169442483,47
1.1325787110206904,-2.95655855595752,47
1.1008341714055974,-2.9801920499340477,47
-2.8065958659631667,1.5102137817381798,47
-2.979422735905449,1.3064664088696631,47
0.907489229532289,-3.026965152370275,47
0.8450066135064401,-3.107887099063266,47
0.9899248972756678,-3.054895011992898,47
0.9194734360333388,-3.049440819226178,47
0.879782354049835,-3.1233149922536216,47
3.9807992746984633,-1.0473023093716762,38
3.9807992707402144,-1.0473023270248991,38
4.0023069295784435,-1.122484586691681,38
4.002306998782753,-1.1224843043930806,38
-2.9034618935007552,1.3853451083536297,47
1.1324335702978616,-3.104952014777208,47
1.049917582957742,-3.079538149653617,47
1.1324317625984122,-3.1049525959710675,47
-1.610803667853128,2.1281437514531696,33
-1.7277885258960313,2.2355193106816746,33
-1.6869038691637663,2.235471376460506,33
-1.59934946877773,2.234437092383174,33
-1.659156745298811,2.2081201708161355,33
-1.5781688205049607,2.075858415796423,33
-1.6818351540032725,2.189762650492155,33
-1.6492818845348172,2.133176977095357,33
-1.698781114050685,2.210824047408523,33
-1.6675182845800998,2.134781289055165,33
-3.0872357606090417,1.3501371874714074,86
-3.087176651875359,1.3502591527922052,86
-0.42156243422164014,2.7072429803232376,15
-0.5903830627311566,2.688719885351234,15
-0.4935949902639402,2.7738263403832764,15
-0.402947651844456,2.7561407488440754,15
-0.438590577873091,2.7199281936927266,15
-0.4820215835430374,2.555736791971231,15
-0.4657394270517486,2.7174954571255205,15
-0.4494919149922781,2.6397825863037627,15
-0.49730780420912923,2.7263974125187858,15
-0.7245496643846154,2.4472586360290673,15
-3.148644086358365,0.28530287363720946,80
-3.1387429937386497,0.3342167724998011,80
-1.9593723951924922,2.7372641289640303,25
-1.9735930687691183,2.7213089813248224,25
-1.968261239162361,2.7752048194258916,25
-1.9502138503598259,2.8215425660935662,25
-1.9704738578635363,2.7011619776701825,25
-1.9386663851636232,2.7507611212571437,25
-1.923112133134749,2.7488622364821094,25
-1.925936653860666,2.68856399678371,25
-1.9444371683407629,2.8099146689009644,25
-1.950590698609426,2.6304338929031768,25
-3.2610372020413476,1.823933216449495,86
-3.261037201877869,1.823933216726554,86
-1.4566492992860212,2.984540456657508,18
-1.547062843862057,2.9743928365682355,18
-1.5014278159084098,3.0825995929799483,18
-1.4527906749979609,2.9766852868915947,18
-1.5180737866155494,2.9086481471986523,18
-1.494059811437001,3.002964242596836,18
-1.4925493181164222,3.0540145540486328,18
-1.5282557164867974,3.0500582180717655,18
-1.50147200361806,3.018037478601905,18
-1.5803890267452738,2.9404950162305523,18
-3.068660700227403,1.1271476765234192,86
-3.0686607002273907,1.1271476765234438,86
-1.0388991787213813,2.416849917869887,31
-1.142698595989788,2.379276400805514,31
-1.0764771926633794,2.4436867456414424,31
-0.9994908194519886,2.4787000146206455,31
-1.1935115488390375,2.3733324080038583,31
-1.1038200004801941,2.18975359074298,31
-1.1796230654961994,2.390119985379213,31
-1.1359570172292237,2.248941698054114,31
-1.1659874217737518,2.376024956475496,31
-1.2849660933504152,2.206605556763118,31
-2.9844077725078297,1.3202177798301562,86
-2.9844077725090794,1.3202177798275478,86
-0.06360569803651504,2.589309816158517,17
-0.10601617340235261,2.6545486921173125,17
-0.08084644659130867,2.6395102442099994,17
-0.06047632979294205,2.641291976695672,17
-0.16486441961252685,2.591282478530675,17
-0.09368137550388579,2.456593551644533,17
-0.08032877512123805,2.6761075307732787,17
-0.09752405613927753,2.518760948902655,17
-0.11570024167061074,2.6154432743611755,17
-0.2740786444904576,2.466803645933375,17
-1.1375092289380406,-2.8628026177434096,77
-1.1375092289379876,-2.8628026177434363,77
-1.5043993866363496,2.7894567245221187,24
-1.5349617105023572,2.7610667282597663,24
-1.495402439421559,2.8117378226207967,24
-1.4511612856149207,2.8198890190201933,24
-1.596041092301272,2.740770188127265,24
-1.5537696155980747,2.75433571999813,24
-1.5167103759949223,2.798111088109967,24
-1.5237487893257002,2.7199386437478186,24
-1.5239016122446714,2.8032078740878217,24
-1.6418964997628658,2.65388111846391,24
-3.2594437089917463,1.664483053369249,86
-3.259443708991638,1.664483053369447,86
-0.8373302373339782,3.0368998842606674,17
-0.9333161336012634,2.9659719248737075,17
-0.869583036401324,3.054093149434735,17
-0.859150500204917,2.962981329509043,17
-0.9676485609863767,2.890518631819876,17
-0.910928524196089,3.0381726826093405,17
-0.9280665138029647,3.0509687597391664,17
-0.9241455144547757,3.0676061690061105,17
-0.9591006612083877,3.020378581743277,17
-1.055847821237757,2.951840205647031,17
-3.145902446836404,1.0400051924011215,86
-3.1459024468584253,1.0400051923491098,86
1.030856471573216,-2.8264909410634225,47
-2.5504106563639066,1.3152859157002454,47
1.0870049529366956,-2.8464113995687232,47
1.1675925047562974,-2.828714034598565,47
0.9804693910811245,-2.973777080739695,47
0.9437946205390869,-2.8399601984570912,47
0.9223990533557505,-2.9191272312347927,47
1.0331631887857777,-2.8854436333580287,47
-2.6637779927352345,1.0264213944908702,47
0.925964021927367,-2.969786608704768,47
3.9660438455142186,-1.0824321149318203,38
3.970133513789629,-1.064721104539404,38
4.0117977665497495,-1.1328291230424272,38
4.011797788604283,-1.1328290334403632,38
-2.692644090787868,1.2635456996661103,47
1.1776920467648373,-2.911291405024867,47
-2.69264409008174,1.2635457009924962,47
-2.787734035090687,1.15252165131489,47
-3.3660963433013387,0.40083123416128624,80
-3.385511260927612,0.38186101480078877,80
-3.4121532263579777,0.46087766172992317,80
-3.4042943279640885,0.40519213764167344,80
-3.366096353301036,0.4008311696585699,80
-3.3855112519274217,0.38186107510406336,80
-3.412153225689681,0.4608776654903534,80
-3.4042942648683256,0.4051925828890522,80
-1.2804587595428092,1.8962222524907608,33
-1.3515543715391454,1.9186249245975842,33
-1.3407066372919216,1.9499337545972215,33
-1.2276080744447515,1.9107331860660157,33
-1.2513131300618603,1.8397515171004977,33
-1.2665713698443783,1.8692056586356212,33
-1.2740698345645116,1.8615712430485694,33
-1.3237405500399027,1.849976829892641,33
-1.3170350553185768,1.9076099289738138,33
-1.3211851399773165,1.820634056245704,33
-2.9904628675685503,0.5616724635605058,80
-3.379308493961906,0.35861484807225663,80
-3.3086553915386654,0.4357543802186133,80
-3.4074785314606246,0.5406167116027958,80
-3.310350081504497,0.5488559523062578,80
-2.990462990448788,0.5616719333729735,80
-3.379308608896364,0.3586140586558275,80
-3.308655421237278,0.4357542096201602,80
-3.407478535109618,0.5406166939534812,80
-3.310350083503925,0.5488559433383808,80
-3.2146946480633556,-0.5611125028920088,80
-3.150438822187671,-0.4933126021390327,80
-3.2170243245162498,-0.48247020357313886,80
-3.15099789123336,-0.49722251452671,80
-3.2146946548836572,-0.5611124649777017,80
-3.15043882260905,-0.49331259940636235,80
-3.2170243246386034,-0.48247020274027635,80
-3.150997890125723,-0.49722252158707025,80
0.1165410826261362,2.253864702298125,15
-0.06780144745075137,2.302822605142723,15
0.0031896225544999057,2.380261899000399,15
0.01966028246520485,2.354387834408269,15
0.004068644240575912,2.2060365964218205,15
0.17623349728126692,2.191861542180747,15
0.07292623272585408,2.408717822101245,15
0.15184846237479596,2.265189590072867,15
0.06814035098715188,2.414202060080161,15
-0.023080959833622912,2.0673840569401665,15
-2.9457177509434644,-0.4145928373682715,80
-3.236614467846388,-0.5685762185177836,80
-3.184679888636964,-0.48645654310309405,80
-3.254528107004845,-0.451361793897537,80
-3.084129393264382,-0.4440840014601928,80
-2.9457177687515657,-0.4145932511697118,80
-3.2366144662947196,-0.5685762272028702,80
-3.1846798852216844,-0.486456565501484,80
-3.2545281070324816,-0.4513617936981196,80
-3.0841293959398315,-0.44408397030714514,80
-3.4305465855226855,1.1931241680185822,84
-3.4540083083941395,1.162772195121656,84
-3.4589505027869087,1.2185389885499693,84
-3.4979413344532357,1.2088070951292027,84
-3.4305465855222725,1.1931241680195728,84
-3.454008308394101,1.1627721951217442,84
-3.4589505027869185,1.2185389885499454,84
-3.497941334449211,1.20880709513926,84
-1.665561298293282,2.4229761359370126,25
-1.692952813853891,2.506335063100991,25
-1.7033618645649116,2.5174574525725673,25
-1.6490917714631286,2.588230085757322,25
-1.6176337985602407,2.4534120332428766,25
-1.6424973404254055,2.5555337435750602,25
-1.6007938853717585,2.591815207201952,25
-1.6270386973478026,2.4918359428980206,25
-1.6351005803791134,2.643864134797185,25
-1.5777447316773339,2.3846207392410705,25
-3.2100250341877348,1.1956372154543835,84
-3.40687263223176,1.1426814906303913,84
-3.390689882562553,1.1833849248796386,84
-3.413570611320513,1.247306110197959,84
-3.3484929059428405,1.2254476703093355,84
-3.210025034187851,1.1956372154541233,84
-3.406872632240865,1.1426814906076765,84
-3.3906898825625555,1.1833849248796302,84
-3.4135706113205724,1.2473061101978231,84
-3.3484929059428032,1.2254476703094208,84
-3.1265868637255916,0.49294599349579415,83
-3.1171903061575366,0.5506772332841438,83
-3.15716940685413,0.5642628550375758,83
-3.1000323684373083,0.5323449224247588,83
-3.1265868637134795,0.49294599355181407,83
-3.1171903061477124,0.55067723331821,83
-3.1571694068533143,0.5642628550405372,83
-3.100032368436596,0.5323449224273973,83
-0.8981160209281202,2.6070907204873373,18
-0.9334603519146945,2.7347175897639495,18
-0.9470895280508609,2.7867224583424504,18
-0.8697397233228882,2.7839165060234694,18
-0.8638718271202066,2.6341609787315505,18
-0.9136180887464036,2.709574601530329,18
-0.8469268834061031,2.864979700253974,18
-0.9113701443834763,2.8102601284218185,18
-0.8777661364836975,2.8340998643366038,18
-0.9332143900706348,2.6893750758592416,18
-2.997592314369771,0.6048256579372882,83
-3.1149731609183506,0.49056177472728985,83
-3.1340284846728848,0.6064028972239531,83
-3.158320222376945,0.6256104543324984,83
-3.0042011649164926,0.6069483508131938,83
-2.9975923143697716,0.6048256579372941,83
-3.11497316092853,0.4905617746822286,83
-3.1340284846750333,0.6064028972171508,83
-3.15832022237743,0.6256104543309745,83
-3.0042011649164926,0.6069483508131932,83
-3.10331938143273,0.4916076789151808,78
-3.122475754073095,0.47772106815175425,78
-3.1888877536992224,0.5061186542633643,78
-3.1478022254030886,0.5064541099014492,78
-3.103319381446415,0.49160767885366663,78
-3.122475754020731,0.47772106838735207,78
-3.188887753703052,0.5061186542465337,78
-3.14780222561791,0.5064541088779523,78
-0.8155626297385435,2.15561453987495,31
-0.8569272725398993,2.1563820098262245,31
-0.81453357387932,2.2249789968421667,31
-0.6612215634704975,2.2108854322700635,31
-0.9214458289322893,2.138206291835701,31
-0.7683110840902907,2.0673446508703623,31
-0.7869653309195538,2.190736515485441,31
-0.8596540091661561,2.0942684498096376,31
-0.8087223693722448,2.1822349060383224,31
-0.9974281100572338,1.9658408758033503,31
-2.940440436284628,0.6648707640752468,78
-3.1691902902096802,0.468490313010644,78
-3.095909709669279,0.531302018411871,78
-3.176255588941919,0.5793926361825475,78
-3.1359170984157334,0.6260003039459039,78
-2.9404404363301184,0.6648707638611169,78
-3.1691902902078,0.46849031302052757,78
-3.095909711657932,0.5313020115556863,78
-3.1762555891521163,0.5793926353478865,78
-3.1359171616675767,0.6260001350713917,78
-3.178854167359307,-0.3784305277760603,77
-3.103286567255148,-0.3187412238515811,77
-3.184953177662812,-0.34081192954549777,77
-3.181491144937761,-0.3157762517591559,77
-3.17885416741867,-0.37843052723067633,77
-3.103286567250374,-0.3187412239355664,77
-3.184953177685454,-0.3408119292987079,77
-3.1814911449322705,-0.3157762518210699,77
0.3332303430584484,2.3154763975833146,17
0.28561245829447435,2.424199945793288,17
0.2993332272567814,2.3786208201519434,17
0.34324621410510525,2.4285661132688756,17
0.26300438071536253,2.3042576235693213,17
0.3317617327084384,2.202619133322254,17
0.37810509463701886,2.5337073324776163,17
0.3273215334668223,2.294374910503674,17
0.3436424413123478,2.4795915244614246,17
0.21839426486305655,2.2218431816999122,17
-3.109113181744684,-0.32118703681516036,77
-3.2220866870059655,-0.38240423878879803,77
-3.146111249373673,-0.34011469654185716,77
-3.178850403845697,-0.34896563648378254,77
-3.1588846911704076,-0.2979863463320883,77
-3.1091131811744015,-0.3211870451990586,77
-3.222086687004588,-0.3824042388015469,77
-3.1461112494061814,-0.34011469570135167,77
-3.1788504038495664,-0.3489656364443511,77
-3.158884691106435,-0.29798634738032437,77
-3.184757581188502,1.08229053347497,88
-3.236617336101858,1.0220085635723413,88
-3.242241908303854,1.0791795415615304,88
-3.312281607746427,1.054278142134146,88
-3.1847575811885056,1.0822905334749653,88
-3.2366173361018564,1.022008563572342,88
-3.2422419083038294,1.079179541561597,88
-3.3122816077463875,1.0542781421342513,88
-1.310078852599281,2.3792583965878946,24
-1.2868975646429544,2.407813191083979,24
-1.3050213176732623,2.418460355427423,24
-1.2254578186348632,2.451239254562982,24
-1.3171726553482224,2.4010551018965116,24
-1.2531864346266528,2.473271317825257,24
-1.2350730553531404,2.5382143252214897,24
-1.274669926692898,2.4489488263113333,24
-1.2497088381269366,2.5516858618107903,24
-1.321933864066957,2.3472108617136773,24
-3.221715040923848,1.085382689269555,88
-3.2102438843248047,1.0380314157568087,88
-3.2168758404836706,1.0651210423513993,88
-3.2173620004019106,1.1147983079214494,88
-3.2396650628907566,1.1317710037270399,88
-3.221715040923849,1.085382689269554,88
-3.2102438843250827,1.038031415756154,88
-3.216875840483633,1.0651210423514945,88
-3.217362000402461,1.1147983079201707,88
-3.2396650628907255,1.131771003727113,88
-3.065756052165256,0.40823771652377,87
-3.044726974786232,0.5143396245195541,87
-3.1052383247525546,0.4401964073612681,87
-3.0553771831587118,0.48291245116044385,87
-3.0657560521653195,0.4082377165235243,87
-3.044726974751045,0.5143396246566356,87
-3.105238324735425,0.44019640744542987,87
-3.055377183158397,0.48291245116184506,87
-0.42312912874260883,2.64000512948514,17
-0.4604510795910711,2.704389310860527,17
-0.44465763469765596,2.7357784431630994,17
-0.41208586608555137,2.669786275747083,17
-0.45042114166004826,2.5840176052250694,17
-0.44633712380872276,2.7092392007239106,17
-0.4233566985102617,2.820213001251553,17
-0.45808597207520746,2.7991431675516703,17
-0.4514199284650106,2.7754559173541735,17
-0.5218020441719199,2.664897568738318,17
-3.1790148628516914,0.49192535533843335,87
-3.081422309898109,0.37722533330625574,87
-3.071329098722529,0.5102135191847466,87
-3.073058842319306,0.437961314341532,87
-2.9691608939864738,0.5297088220655,87
-3.17901486285313,0.4919253553313671,87
-3.0814223098979094,0.3772253333071921,87
-3.071329098725217,0.5102135191730289,87
-3.0730588423191803,0.4379613143420785,87
-2.9691608939864857,0.5297088220654558,87
3.4586077647743,-0.9917091668996614,38
3.571224963430407,-0.9592520678471931,38
3.5145198385096816,-0.9978219476073106,38
3.6214047555693862,-0.9347034734661996,38
3.458607764231147,-0.9917091688874449,38
3.5712249558236127,-0.9592520983456884,38
3.5145199010980037,-0.997821677333953,38
3.6214047552702064,-0.9347034747782236,38
1.425489194707944,-1.9416665753962437,47
1.5239929105125596,-1.8405408060351287,47
1.4766143170964534,-1.8899065461535667,47
1.6223086125186956,-1.8005239077277295,47
1.11163409719807,-2.520548149403818,47
1.395581079204914,-1.9968135783130643,47
1.1345657481378177,-2.304211466384877,47
1.231824910145321,-2.179906031347244,47
1.2403789400800764,-2.185754203937437,47
1.0400461053390726,-2.507507803157891,47
3.6804186207476044,-0.8794981228743691,38
-2.654525360275343,2.658789152541805,38
3.538906138499724,-0.9729412426129889,38
3.571194824032494,-0.975321191696704,38
3.562481847428255,-1.0850162374760912,38
3.6804186206049514,-0.8794981236339422,38
3.6454695636469396,-1.0320645123762786,38
3.538906202694009,-0.9729409998398929,38
3.571194800952668,-0.9753212909740945,38
3.5624818370273483,-1.0850162807771166,38
3.711336454915232,-0.8649568507516386,38
-2.556177639427775,2.4861616587035984,38
3.5135203358509903,-0.874829376195732,38
3.587961513606253,-0.8545751777419861,38
3.5536296480686147,-0.8721518625765917,38
3.7113364549132015,-0.8649568507630306,38
3.4408156421010094,-0.8610223549240135,38
3.5135203360456604,-0.8748293755718374,38
3.5879615136062575,-0.8545751777419716,38
-2.5690591501483526,2.605150386112055,38
1.3081847332846332,-2.1731374754713353,47
1.4017785558866218,-2.349602852410265,47
1.2967914710596071,-1.9847403453161545,47
1.5632619617372119,-2.1283983113467637,47
1.2592942103938614,-2.155409415424525,47
1.4317549112950427,-2.316749784929631,47
1.1374581162977369,-2.248253327366403,47
1.61900386571297,-2.236782830859421,47
1.4017188477069527,-1.9414313829591152,47
1.4722862638581005,-2.2712402616647553,47
1.30679753350787,-2.174304767196758,47
1.4016951748890036,-2.3496602535046924,47
1.2967367215616574,-1.984789163875364,47
1.5632620926864493,-2.1283981956137747,47
1.2592992337116118,-2.1554048237496217,47
1.4334553207558107,-2.3155545797600428,47
1.1374557659186668,-2.248255637388774,47
1.6189972582784191,-2.236788542863373,47
1.401719935470562,-1.941430421442717,47
1.4716270712550246,-2.2717357918751855,47
-2.8821276893606558,-0.865323244403966,81
-2.9329098817537878,-0.8470771598352486,81
-2.8541189778810985,-0.8061579258919083,81
-2.9221835994029277,-0.8380637656908434,81
-2.8821276893601175,-0.8653232444052517,81
-2.9329098817488166,-0.8470771598469665,81
-2.8541189778804696,-0.806157925893307,81
-2.9221835993954364,-0.8380637657085901,81
0.28288616273172346,0.8427938817150512,37
0.19039061970991392,0.890517749554476,37
0.24684274343896376,0.8591750574830774,37
0.20258290779988158,0.9189096821019694,37
0.24189399090076585,0.8164536099671108,37
0.3477291545310181,0.8163325959580864,37
0.28637553615496153,0.8947567140813556,37
0.28828323245482124,0.8282351737261291,37
0.2443478850399834,0.9110958512580011,37
0.22907018012705432,0.801553376233386,37
-2.715932047777602,-0.8904857692163112,81
-2.7663749023181907,-0.8687038657492133,81
-2.8177381606931076,-0.8155045304301837,81
-2.8412474653349107,-0.7648570553157303,81
-2.7968648754311367,-0.8026004966215795,81
-2.7159320477774167,-0.8904857692167404,81
-2.766374902318192,-0.8687038657492201,81
-2.8177381606930925,-0.8155045304302264,81
-2.8412474653350133,-0.7648570553155117,81
-2.7968648754310546,-0.8026004966217496,81
-2.826724965389848,-1.2503411399091748,82
-2.7595546221945604,-1.2445728291393936,82
-2.6526327929448814,-1.220261727935543,82
-2.7316067281530514,-1.2627080090900529,82
-2.8267249654507998,-1.2503411398229218,82
-2.7595546221950236,-1.2445728291387845,82
-2.6526327929142943,-1.220261727968224,82
-2.731606728109734,-1.2627080091422047,82
1.258519739747799,0.7150141283569602,19
1.0691599436205206,0.7317347794860247,19
1.1766213761576507,0.6707693517282233,19
1.146653582501782,0.8117273294651071,19
1.1104550817262826,0.6773032779285499,19
1.277787323059316,0.7080431260348992,19
1.1829226663140766,0.7700074108232864,19
1.213063231432184,0.6626236736666035,19
1.1486940899937645,0.8035250337440847,19
1.0746765553700783,0.6722347012059641,19
-2.3887782635168646,-1.2770891618377733,82
-2.6833657215778604,-1.2708302238484845,82
-2.566564646707876,-1.243650577619737,82
-2.638890156596629,-1.1759871009266052,82
-2.422059775023536,-1.2828796976870886,82
-2.3887782630886467,-1.2770891622810758,82
-2.68336572153486,-1.2708302238967768,82
-2.5665646467742045,-1.2436505775492315,82
-2.6388901566709375,-1.175987100845473,82
-2.422059774921453,-1.2828796977952563,82
-2.874700027848833,0.25794281999040997,85
-2.928373562800726,0.18748424688146362,85
-2.8398438393080396,0.21978920565080518,85
-2.9461532811771614,0.2254306695890659,85
-2.874700027848834,0.2579428199904096,85
-2.9283735628007252,0.1874842468814644,85
-2.839843839308038,0.21978920565080493,85
-2.9461532811771614,0.2254306695890658,85
-0.6914359217230831,1.8203839606521302,29
-0.770720697800856,1.85846371427401,29
-0.7408033728167436,1.8302354874877325,29
-0.7594901607356171,1.927414902496513,29
-0.7273287721442534,1.7934475932199376,29
-0.6731735892734788,1.929382821140465,29
-0.6962859867102257,1.9691379498644803,29
-0.7035799970838023,1.8865879017850358,29
-0.786039800163353,2.0324885503004033,29
-0.7083945750884977,1.86321847293397,29
-2.761339073485926,0.2382414822673125,85
-2.808710996433991,0.17157279746353818,85
-2.835913806495574,0.19066530574518012,85
-2.8297039185769055,0.24704848995497206,85
-2.8427227079647124,0.19541448587454255,85
-2.7613390734859244,0.23824148226731223,85
-2.8087109964339887,0.17157279746353873,85
-2.8359138064955736,0.1906653057451806,85
-2.829703918576906,0.24704848995497167,85
-2.842722707964712,0.19541448587454283,85
-2.8884279145692155,-0.4670499307636567,83
-2.8988008105658345,-0.5078973044089621,83
-2.84758051044147,-0.4236400323570554,83
-2.8891633324258597,-0.5240557466091672,83
-2.888427914569217,-0.4670499307636604,83
-2.8988008105658314,-0.5078973044090447,83
-2.8475805104414675,-0.42364003235705544,83
-2.889163332425878,-0.5240557466089717,83
0.18385102528066688,2.1888176671313495,21
0.0569305547487347,2.2937768122052358,21
0.14846637917230254,2.2550899446978403,21
0.12124757307419674,2.3224637440231235,21
0.08825579083368987,2.114755130806145,21
0.27756474106714285,2.4572496978062666,21
0.25994651821433146,2.4616144354419096,21
0.27205936577138207,2.43731883390451,21
0.20090403689255942,2.4585161367745423,21
0.14816064856841263,2.3499814243812778,21
-2.7380537127166944,-0.4089332664404406,83
-2.843735381298797,-0.4866175188308444,83
-2.832027486177127,-0.4617316747722408,83
-2.8351560383838987,-0.3889552410117309,83
-2.802662641556174,-0.4473295340400285,83
-2.7380537127166926,-0.40893326644044053,83
-2.8437353812987984,-0.48661751883084986,83
-2.8320274861771257,-0.46173167477224936,83
-2.8351560383839005,-0.38895524101173157,83
-2.8026626415561733,-0.44732953404002845,83
-2.4544906414580914,-0.6925583070937755,79
-2.467842760241143,-0.6815241179155989,79
-2.4160512320869647,-0.6412690411889322,79
-2.4473297513829735,-0.6780305209760407,79
-2.454490641458087,-0.6925583070937805,79
-2.4678427602411452,-0.681524117915591,79
-2.4160512320869634,-0.6412690411889302,79
-2.4473297513829833,-0.6780305209760071,79
0.39539005930678095,1.2014565930512535,35
0.3423157266050633,1.1279460467666607,35
0.39543267243009295,1.1872615327269231,35
0.4151605714015428,1.194598833637166,35
0.3691621216843863,1.064800622778405,35
0.47745314736063954,1.2066885754544372,35
0.45675252133249017,1.1785827503906028,35
0.4272767473370838,1.141551089201567,35
0.4394459775753367,1.2146124462607817,35
0.38086679809924107,1.0457976452597009,35
-2.382932717600443,-0.6935932761703311,79
-2.4480115668899245,-0.7309016637388841,79
-2.426333314143397,-0.6815018915322987,79
-2.4601111321713414,-0.6278922582482255,79
-2.4714980188214084,-0.700558546269064,79
-2.382932717602438,-0.693593276164255,79
-2.4480115668899276,-0.730901663738881,79
-2.426333314143397,-0.6815018915322865,79
-2.4601111321712157,-0.627892258248668,79
-2.4714980188213995,-0.7005585462691066,79
-2.5418989736314646,-1.1501256208958688,77
-2.422121634371981,-1.1990059285691115,77
-2.3910937965632106,-1.158292731139977,77
-2.448125910458581,-1.2062586986779298,77
-2.541898973631865,-1.150125620895458,77
-2.422121634372165,-1.1990059285689108,77
-2.3910937965632186,-1.15829273113997,77
-2.448125910458222,-1.2062586986783226,77
1.2884748912653363,1.3184247621068517,20
1.1884799785320326,1.2948941186454785,20
1.2277793203513303,1.2837093710537395,20
1.2225115103096857,1.414863182295674,20
1.1790286290401906,1.1358124055647834,20
1.3083656847415845,1.3050279432765781,20
1.3044822797926305,1.3841951407586248,20
1.3049041487204496,1.2531372607847564,20
1.2865562817370038,1.4609935483856056,20
1.1971319845259702,1.126421588882857,20
-2.2603942198197453,-1.2159573272881874,77
-2.5157817299774625,-1.1789939945833658,77
-2.368668789494083,-1.1914546520891136,77
-2.4407970315893546,-1.1227137092423114,77
-2.37324281524853,-1.1859350629103211,77
-2.260394219821459,-1.215957327286047,77
-2.5157817299773937,-1.1789939945834365,77
-2.3686687894946554,-1.1914546520884772,77
-2.4407970315893452,-1.1227137092423225,77
-2.3732428152499727,-1.1859350629087089,77
-2.7353968621464246,0.09416369309333553,89
-2.818741256846412,0.0361304407697666,89
-2.709084442454853,0.06182390089097984,89
-2.8547852217482825,0.06470725336463584,89
-2.7353968621464237,0.0941636930933188,89
-2.818741256846412,0.03613044076976669,89
-2.7090844424548512,0.061823900890979694,89
-2.8547852217482843,0.06470725336465588,89
-0.3343152014045235,1.851875152671983,27
-0.4033139325076703,1.7520098453881625,27
-0.3742040624996433,1.7874546083776932,27
-0.33058384389141776,1.808776891048486,27
-0.3710438671626063,1.7029128821423005,27
-0.28417100748766677,1.9237364515271733,27
-0.29397480775590584,1.8658908856918504,27
-0.31543964455815415,1.8279515500840826,27
-0.33307850577556836,1.8929075295651039,27
-0.33025012176561114,1.7555181826189759,27
-2.788109818786707,0.08365993117559914,89
-2.704835633376304,0.0047283087079594424,89
-2.787168649613342,0.01925372146027436,89
-2.7346512491154544,0.07944032057933739,89
-2.8103476270777286,0.029616253460667104,89
-2.7881098187854714,0.08365993119181278,89
-2.704835633376303,0.004728308707959169,89
-2.7871686496133408,0.01925372146027613,89
-2.734651249115455,0.07944032057933767,89
-2.8103476270777263,0.029616253460674456,89
-2.876701921165832,-0.49373262356614356,87
-2.866614648024263,-0.5553389157527275,87
-2.8537293270473647,-0.5090476081095514,87
-2.8609605590721574,-0.5790016235835147,87
-2.8767019211663145,-0.49373262356133896,87
-2.866614648024744,-0.5553389157495252,87
-2.8537293270483772,-0.509047608098687,87
-2.860960559072206,-0.5790016235832226,87
0.5174856258287054,2.258514118907382,22
0.38827355784589784,2.2671818414972233,22
0.4512714776331244,2.2805236431789075,22
0.43610394857333123,2.2889970070798613,22
0.4109202310445294,2.1597536840073923,22
0.588788458240845,2.3867137391065807,22
0.5644747925232189,2.4202700772186536,22
0.5781629152449751,2.4175897311805055,22
0.5124842611047274,2.3963391272774066,22
0.5110327157444903,2.408140611948611,22
-2.884610072834602,-0.5531985272174115,87
-2.840458023465944,-0.6047988814782157,87
-2.7943255010060772,-0.49839089406137177,87
-2.816741283193693,-0.4546548766149713,87
-2.7825457204638138,-0.5304838617277174,87
-2.884610072836658,-0.5531985272016197,87
-2.8404580234662395,-0.6047988814765858,87
-2.7943255010107384,-0.4983908940372745,87
-2.8167412831936973,-0.4546548766149511,87
-2.7825457204637463,-0.5304838617285013,87
2.9736614420079874,-1.2809442544494103,40
3.2737563714617544,-1.3786301582640024,40
3.1737984617621193,-1.3330224195107507,40
3.2308726909635914,-1.3325190164679703,40
2.9736614420079888,-1.2809442544494105,40
3.2737563714546356,-1.3786301582850504,40
3.1737984617610224,-1.3330224195139526,40
3.230872690956649,-1.3325190164889973,40
1.3038973831344396,-2.4713157455689396,49
1.3351772696562574,-2.278277243477145,49
1.3521530194342883,-2.355820334589575,49
1.4966739654029604,-2.2525536630425114,49
1.281265820700795,-2.6227289487323437,49
1.255514598768324,-2.4364410402953207,49
1.2473436011632941,-2.4362106809656123,49
1.2813036084731058,-2.4395156800422337,49
1.3316382556337458,-2.4153509710782286,49
1.2356104481535772,-2.6540418706699644,49
3.1627916233300883,-1.2572978210099992,40
3.0341201297261526,-1.2410639272432327,40
3.2101857275077754,-1.2897478432739968,40
3.0910498286658035,-1.2512770576460743,40
3.178811540089905,-1.2985850314355882,40
3.162791623330114,-1.2572978210099306,40
3.0341201297261526,-1.241063927243234,40
3.2101857275093564,-1.2897478432691654,40
3.091049828665807,-1.2512770576460668,40
3.1788115400917247,-1.2985850314300784,40
3.2297174337128185,-1.2683111188438183,40
3.0815327680370457,-1.2407397425415763,40
3.2244295202924294,-1.287844065088048,40
3.304915960436684,-1.2548945636163233,40
3.254905348752506,-1.262901518348544,40
3.229717433712787,-1.2683111188439262,40
3.0815327680370324,-1.2407397425416082,40
3.2244295202939406,-1.2878440650827552,40
-2.1781557044631965,2.4933642317639166,40
3.2549053487539177,-1.2629015183440502,40
1.2018366968722292,-2.5435193189154246,49
1.3149943941703317,-2.6417741453692267,49
1.2129029455176037,-2.3595191682791294,49
1.394141708783189,-2.4767345984969187,49
1.2300438952102821,-2.466082722951963,49
1.359150163376096,-2.5545400965351535,49
1.148077853705849,-2.4255585464707874,49
1.4492683486197504,-2.3783931793751703,49
1.269529989767619,-2.401379690666,49
1.3696752615108643,-2.603071736949298,49
1.2018366968722123,-2.5435193189154335,49
1.3149943941712485,-2.6417741453686987,49
1.2129029455176028,-2.3595191682791317,49
1.3941417086422567,-2.4767345985874964,49
1.2300438952102408,-2.466082722951988,49
1.359150163067052,-2.554540096726111,49
1.1480778537058538,-2.4255585464707874,49
1.4492683485568325,-2.378393179419664,49
1.2695299897677736,-2.401379690665895,49
1.3696752614265677,-2.603071737000389,49
-2.8103734210930282,-0.9345943435008137,81
-2.8016451226956582,-0.8896474873704946,81
-2.771018386597148,-0.8614643342679433,81
-2.7826486904088386,-0.8675120015304987,81
-2.810373421093005,-0.9345943435008696,81
-2.8016451226956463,-0.8896474873705186,81
-2.7710183865971567,-0.8614643342679147,81
-2.7826486904088354,-0.8675120015305068,81
0.384973515343951,0.7774715741530837,37
0.2739178826652157,0.8291008301477775,37
0.3430584087468897,0.7889668479484532,37
0.29747464271695556,0.8422335164380688,37
0.3282812988421853,0.7544402910860338,37
0.44746328204249725,0.7471481841261587,37
0.3822418234046526,0.8316728290415989,37
0.38223574691763723,0.7692657104978544,37
0.3263701992483409,0.8506169691316915,37
0.32099792624150003,0.7447715733773196,37
-2.470942365851639,-0.8708824877704201,81
-2.7051930621731524,-0.9288449869021367,81
-2.6757885973510738,-0.8394746787289112,81
-2.762964250131297,-0.8232839882320915,81
-2.6471683620141575,-0.8142010143591182,81
-2.470942365850785,-0.8708824877722323,81
-2.7051930621731572,-0.9288449869021277,81
-2.675788597351076,-0.8394746787289116,81
-2.7629642501313265,-0.8232839882320173,81
-2.6471683620141673,-0.8142010143590822,81
-2.818101572154024,-1.2765345818954088,82
-2.6787690803258872,-1.2555208237153141,82
-2.653840260674742,-1.2459969366106805,82
-2.6509362437634656,-1.2801173578587515,82
-2.8181015721224743,-1.2765345819395255,82
-2.6787690804218,-1.2555208236059794,82
-2.6538402607289777,-1.245996936552334,82
-2.6509362419404163,-1.2801173598822484,82
1.2808466427238807,0.6832257491672763,19
1.081576697182702,0.6954916388714951,19
1.189904614235808,0.644508789401794,19
1.129116842317767,0.7468987087133404,19
1.1376614569787287,0.6495839410503867,19
1.3053941969535505,0.6887539331153492,19
1.1850223469263712,0.7303842890262633,19
1.2163813746848549,0.6320431858221633,19
1.1531303885357844,0.7613428247157703,19
1.0904032885265882,0.6389594511663317,19
-2.2088499487619657,-1.3167000961248803,82
-2.6601954040302203,-1.3074903224446879,82
-2.466526119754162,-1.2794136030764194,82
-2.6058143832963743,-1.2093158055697555,82
-2.3377519999937584,-1.3029183538029754,82
-2.20884994874156,-1.3167000961499356,82
-2.6601954042413367,-1.3074903221841163,82
-2.4665261198798962,-1.279413602933026,82
-2.6058143832659266,-1.2093158056025768,82
-2.337752000011792,-1.3029183537835969,82
-2.8559870416149873,0.18096323149159158,85
-2.9038281071717678,0.1306726858465909,85
-2.812397318953257,0.18023788887485293,85
-2.916093051539775,0.16923693286849992,85
-2.8559870416149864,0.1809632314915915,85
-2.903828107171765,0.1306726858465911,85
-2.8123973189532543,0.1802378888748525,85
-2.9160930515397743,0.1692369328685004,85
-0.6171211723612049,1.8071654111074476,29
-0.7037521635448378,1.8057132408295613,29
-0.6719236218331398,1.8016460465635251,29
-0.692316781537762,1.8616360885244616,29
-0.6622062768589717,1.7437025381632256,29
-0.6035434393083448,1.924150997998124,29
-0.636913822810998,1.9443190425467474,29
-0.6370639606699747,1.845799958884877,29
-0.698697598793221,1.9754988895958847,29
-0.6675395216498756,1.8448879867962122,29
-2.6948780894100084,0.18087013863298965,85
-2.784414271425932,0.10890414588540824,85
-2.79895566210126,0.1561669813730127,85
-2.799845430859364,0.20121055020092246,85
-2.778021444276301,0.1792851607145508,85
-2.694878089410008,0.1808701386329895,85
-2.784414271425932,0.10890414588540838,85
-2.7989556621012586,0.15616698137301263,85
-2.799845430859364,0.20121055020092207,85
-2.778021444276301,0.1792851607145503,85
-2.8868502526249333,-0.5164372539487829,83
-2.8655165796876325,-0.49781110416422714,83
-2.848662465021733,-0.461270250958786,83
-2.8616698309548663,-0.5116336901078216,83
-2.8868502526249404,-0.5164372539486585,83
-2.865516579687633,-0.4978111041643288,83
-2.8486624650217314,-0.46127025095878593,83
-2.8616698309548525,-0.5116336901081445,83
0.27668661455447724,2.1583896043126463,21
0.15204113672174574,2.1887297527562235,21
0.24048690387404845,2.1751924166904772,21
0.19914646028019548,2.199725916886789,21
0.1759636097570497,2.03067264243761,21
0.33963552154832943,2.3544844726127483,21
0.3138349613944706,2.3628891652652957,21
0.3400851141904869,2.349683079689932,21
0.26052467037912685,2.371968015416173,21
0.22968345089139902,2.286789734221432,21
-2.6420421508946106,-0.3997367830822158,83
-2.837052875907569,-0.5468147467232594,83
-2.796483589175602,-0.46699995579453457,83
-2.8432839056373536,-0.4076030525622233,83
-2.7759096596172452,-0.4557968350584545,83
-2.642042150894611,-0.39973678308221594,83
-2.837052875895745,-0.5468147468047528,83
-2.796483589175602,-0.46699995579453846,83
-2.843283905637352,-0.4076030525622233,83
-2.7759096596172435,-0.45579683505845503,83
-2.379474056922528,-0.7279577756762805,79
-2.3661278173401685,-0.7005186451103974,79
-2.330006054904817,-0.6641052323247658,79
-2.3473854673553642,-0.6903651316099761,79
-2.379474056922528,-0.7279577756762798,79
-2.36612781734017,-0.7005186451103982,79
-2.330006054904817,-0.664105232324766,79
-2.347385467355365,-0.6903651316099793,79
0.5187010737417304,1.1588416232446317,35
0.45303591061300896,1.075301883347215,35
0.5193850079213664,1.123721109757694,35
0.5101429988339004,1.133121318411745,35
0.4937786869768255,1.0124721979563116,35
0.6252768106021582,1.158401515730307,35
0.6090081586152204,1.13035813412936,35
0.5668215964977366,1.0909042516966454,35
0.5850299777942095,1.16796143042131,35
0.5013323573641664,1.00572808060909,35
-2.2410607345211915,-0.6703693195026258,79
-2.3630003229299756,-0.7705517236832584,79
-2.283160997455706,-0.6728278981865579,79
-2.3425972260207026,-0.6706944966739818,79
-2.3057088026826653,-0.6840956751797047,79
-2.241060734521194,-0.6703693195026188,79
-2.3630003229299756,-0.7705517236832572,79
-2.2831609974557074,-0.672827898186557,79
-2.3425972260207044,-0.6706944966739825,79
-2.305708802682668,-0.6840956751797002,79
-2.488570217407921,-1.171244775482679,77
-2.333427387710909,-1.1873139430158677,77
-2.340099734047149,-1.1885209386675417,77
-2.351998377568595,-1.2001083368043177,77
-2.488570217408077,-1.171244775482512,77
-2.3334273877109157,-1.1873139430158588,77
-2.340099734047121,-1.1885209386675761,77
-2.3519983775685915,-1.200108336804321,77
1.386718086793805,1.2705508446839815,20
1.2683492576769329,1.2326656923508816,20
1.3120135519196063,1.2387337459790648,20
1.2869137088195695,1.3374852459012683,20
1.2557533884378993,1.1068985199286465,20
1.3737305148553638,1.2447497072138087,20
1.369346204148906,1.3280810792867586,20
1.3890869310240697,1.2351433927337538,20
1.3476174347875265,1.434588022923348,20
1.2650696333504146,1.138663795473428,20
-2.1870573211651245,-1.182660786620525,77
-2.449286443014178,-1.22479179865102,77
-2.255001505435148,-1.1950546050117279,77
-2.36882402962824,-1.1594604936771244,77
-2.231143301238103,-1.1857381172871058,77
-2.187057321165455,-1.1826607866200587,77
-2.4492864430138206,-1.224791798651413,77
-2.2550015054351915,-1.1950546050116704,77
-2.3688240296282794,-1.1594604936770823,77
-2.2311433012381165,-1.185738117287091,77
-2.7144896458888397,0.05125268488840457,89
-2.780590637748729,-0.0025720074933713527,89
-2.6666885949070416,0.02923908136505435,89
-2.8108330585457106,0.04079493496329636,89
-2.7144896458888423,0.051252684888404454,89
-2.780590637748727,-0.002572007493371037,89
-2.666688594907042,0.02923908136505452,89
-2.8108330585457124,0.04079493496329672,89
-0.26727075945294765,1.8129755963479632,27
-0.33382881775719847,1.708602930413631,27
-0.3089772514740706,1.752647357645976,27
-0.27002996653227757,1.7847373483470685,27
-0.30538527513990105,1.6606609219527397,27
-0.20689125980654618,1.872486007519632,27
-0.22833882197879962,1.8305132909582345,27
-0.24681438492649962,1.7837120781467077,27
-0.2560269660855318,1.8431350378053275,27
-0.2555974104284734,1.7067746509851665,27
-2.7347284055261807,0.018707462593536235,89
-2.669985509249066,-0.048474886850584056,89
-2.7479751213720993,-0.012433431696072587,89
-2.667953774654712,0.044919563364994225,89
-2.7055663913936074,0.011509491000571534,89
-2.734728405526178,0.018707462593541977,89
-2.669985509249066,-0.04847488685058379,89
-2.7479751213720984,-0.012433431696072238,89
-2.667953774654712,0.044919563364993934,89
-2.7055663913936066,0.011509491000571293,89
-2.8693930010640973,-0.5334747157483142,87
-2.8546589530305875,-0.5508833082807264,87
-2.8305938698746274,-0.5524556192099458,87
-2.8720441012806455,-0.5737569135493612,87
-2.8693930010638597,-0.5334747157501479,87
-2.8546589530312794,-0.5508833082763496,87
-2.8305938698748294,-0.552455619208243,87
-2.8720441012809848,-0.5737569135474481,87
0.586266635872493,2.194847546098812,22
0.47570741023193086,2.2221118958894968,22
0.5179872792847185,2.199400362154923,22
0.5126650716862207,2.206023540277945,22
0.4850625857833588,2.0978312669300445,22
0.6423913700807258,2.304841023999479,22
0.6225287169207591,2.3508614634833735,22
0.6330062793438255,2.350323972700714,22
0.571779449030251,2.325648794601077,22
0.5945721573704094,2.3785453221860386,22
-2.8096628466751525,-0.5591338653329336,87
-2.839645989182122,-0.6557093705632328,87
-2.738572483720599,-0.5001597697595054,87
-2.779886629040827,-0.5057517682005951,87
-2.7223082257417817,-0.5117733713507653,87
-2.8096628466009257,-0.5591338658718608,87
-2.8396459891821353,-0.6557093705631581,87
-2.7385724837210836,-0.5001597697548884,87
-2.7798866290412225,-0.5057517681965366,87
-2.722308225741692,-0.5117733713515852,87
2.8386415977779027,-1.2873259752003354,40
3.1712147440859124,-1.4018504765867026,40
3.0571442512567812,-1.320990275262652,40
3.1170396873320696,-1.3319414815912676,40
2.838641597777902,-1.287325975200335,40
3.171214744088316,-1.4018504765792328,40
3.0571442512560925,-1.3209902752645524,40
3.1170396873326336,-1.3319414815895223,40
1.3011533690992336,-2.4955671409085407,49
1.3476919181300946,-2.27281263924523,49
1.3833177489297925,-2.360176417263206,49
1.4975182291441909,-2.2438420398273102,49
1.2677963346408136,-2.592562098965439,49
1.2890549661771935,-2.4718536521269527,49
1.3003471883449618,-2.3749877878909107,49
1.3262313231710665,-2.4234312691441753,49
1.3740601082646686,-2.346582958249297,49
1.2590189642198764,-2.594855226494044,49
3.0287746629551076,-1.286746318667915,40
2.915815649227611,-1.2602620756447982,40
3.0956712565840103,-1.2919862121215302,40
2.9890117521212254,-1.2586610580758677,40
3.047935872853459,-1.2887010018109686,40
3.028774662955108,-1.2867463186679116,40
2.9161297598158216,-1.259428270514392,40
3.095671256584009,-1.2919862121215322,40
2.9890117521212254,-1.258661058075871,40
3.0479358728545582,-1.288701001808059,40
3.1315731886840004,-1.2832395293136492,40
2.9913265448044486,-1.2705515326533552,40
3.143714755139437,-1.312479103112931,40
3.2461165791124063,-1.292066452268078,40
3.164921785284838,-1.2889454016774644,40
3.131573188684002,-1.2832395293136463,40
2.9913265448044344,-1.2705515326533896,40
3.143714755139412,-1.3124791031130036,40
3.246116579116667,-1.2920664522540353,40
3.1649217852848057,-1.2889454016775557,40
1.2242475458510036,-2.5326867830521986,49
1.3390300087955065,-2.5913341734560142,49
1.2231627133548137,-2.3135777569491,49
1.4046787182123281,-2.422767266858334,49
1.2712224360117161,-2.4579549706642543,49
1.3643790891482714,-2.4743841995647218,49
1.1865600058334254,-2.425239672770345,49
1.4327671998169864,-2.310889682713031,49
1.2678940183377467,-2.3978196507528566,49
1.3860473355392267,-2.484720857054716,49
1.224247545851001,-2.532686783052197,49
1.3390300087951479,-2.5913341734562305,49
1.2231627133548124,-2.3135777569490976,49
1.4046787182234635,-2.4227672668508684,49
1.2712224360117104,-2.457954970664262,49
1.3643790891388754,-2.474384199570795,49
1.186560005833424,-2.425239672770345,49
1.4327671998229299,-2.310889682708699,49
1.2678940183377376,-2.3978196507528615,49
1.3860473355386655,-2.4847208570550796,49
-2.005099362941427,-1.7482441453082946,81
-2.02426003833987,-1.7233385851429037,81
-2.0328389920181587,-1.666179338515049,81
-1.9688574181322966,-1.6805961618413567,81
-2.005099362941434,-1.748244145308289,81
-2.0242600383398677,-1.723338585142905,81
-2.0328389920181573,-1.6661793385150487,81
-1.9688574181322969,-1.6805961618413567,81
0.8489890895484864,0.6616055436142106,37
0.7129648651988193,0.6793862249997638,37
0.7939855493520115,0.6792510227734969,37
0.7444745213476603,0.7169881418217079,37
0.7786717453940893,0.6098633906024539,37
0.9400513884540733,0.6044215941245328,37
0.8713788493959533,0.7028326442904692,37
0.8417259511788302,0.6262716557780388,37
0.8175857629406726,0.7077932559469543,37
0.7418706820679657,0.5889697296537438,37
-1.7808604320400818,-1.826004367381301,81
-1.989211049391177,-1.7230951247701525,81
-1.9379828196191915,-1.700170225762799,81
-2.039909315381747,-1.6264105878740895,81
-1.8988034947641323,-1.6691561221024902,81
-1.7808604320400796,-1.8260043673813022,81
-1.9892110493911768,-1.7230951247701538,81
-1.9379828196191928,-1.7001702257627984,81
-2.039909315381741,-1.626410587874097,81
-1.8988034947641326,-1.6691561221024906,81
-1.830236903916153,-2.412494916167516,82
-1.8053771038516206,-2.425263134192247,82
-1.8258904962474551,-2.382136758215784,82
-1.7701557020619303,-2.4168549570034292,82
-1.830236903856421,-2.4124949162106475,82
-1.8053771038624618,-2.425263134184565,82
-1.8258904962224802,-2.3821367582354407,82
-1.7701557020650949,-2.4168549570011386,82
1.742237612539419,0.5803416189127906,19
1.5096417189537228,0.5683272148485439,19
1.595498889366252,0.5117671074572657,19
1.56118346564427,0.6109794087976745,19
1.5858805636365167,0.500361566415524,19
1.6899703331065545,0.537411142630126,19
1.5904837821271478,0.5814951681154353,19
1.5764799985445674,0.4863002031990926,19
1.5528767078350183,0.5684261652884431,19
1.493553178092452,0.4552193659215683,19
-1.5689653998769706,-2.256835396583024,82
-1.8186454254947402,-2.419647917115528,82
-1.731507417454753,-2.3415885484803076,82
-1.852262576257592,-2.2803319212125355,82
-1.7031524582474438,-2.281499853498758,82
-1.568965399876905,-2.2568353965830887,82
-1.8186454254967883,-2.4196479171140566,82
-1.7315074174514928,-2.341588548483365,82
-1.8522625700801016,-2.2803319272962086,82
-1.7031524582289157,-2.2814998535178495,82
-2.496452696509479,-0.6495550489090625,85
-2.551226749732824,-0.6539042047561111,85
-2.4552787745323177,-0.6065856033580629,85
-2.535742709674551,-0.6005858019094197,85
-2.49645269650946,-0.6495550489092663,85
-2.551226749736272,-0.6539042047145084,85
-2.455278774532318,-0.6065856033580614,85
-2.535742709674569,-0.6005858019092579,85
-0.4555478123569964,1.864205276865281,29
-0.5674355488690782,1.8805190283452053,29
-0.4923750330257669,1.8486120706524338,29
-0.5486527930000402,1.988634691023029,29
-0.5205412730983394,1.8137040598981018,29
-0.3713268562692448,2.0035498102656013,29
-0.4321710871847258,2.1112774740940936,29
-0.4314464382939082,1.9101957889418792,29
-0.490634301631867,2.1635882170652527,29
-0.4729267728620092,1.8727578558683395,29
-2.3067213410628744,-0.6493626513406064,85
-2.44893654622403,-0.8616145638957784,85
-2.507661271427928,-0.6487222598225043,85
-2.4811528194161183,-0.5897112474778,85
-2.4956633276014344,-0.6566774921735391,85
-2.306721341062875,-0.6493626513406072,85
-2.448936546224527,-0.8616145638940377,85
-2.507661271427918,-0.648722259822628,85
-2.481152819416117,-0.5897112474777975,85
-2.4956633276014166,-0.6566774921737984,85
-2.3995243823208012,-1.4874259697299854,75
-2.440183652953004,-1.5032500312076047,75
-2.410485296306472,-1.4835373400172966,75
-2.399470538872748,-1.5215116311376495,75
-2.399524382412214,-1.487425969626904,75
-2.4401836529369865,-1.5032500312258739,75
-2.41048529634748,-1.4835373399707465,75
-2.3994705388727535,-1.5215116311376422,75
0.7782086081032049,2.2607610180759017,21
0.6066967457669749,2.2437479354935026,21
0.7202324647888597,2.2654954309729893,21
0.6557061041237825,2.2899365130204745,21
0.645730576041483,2.1960877501163387,21
0.8137650147251579,2.319883882288219,21
0.7946929439753814,2.4645609568790525,21
0.7972674716237517,2.338974493796603,21
0.7353341472886089,2.4692656305477385,21
0.7020105801099168,2.303158754831275,21
-2.2013833362335973,-1.4750527312246005,75
-2.3957063298922545,-1.529165865136357,75
-2.3844710684671737,-1.4812784630507314,75
-2.443182658558552,-1.4474053452611684,75
-2.3542972400997133,-1.4885882301075373,75
-2.2013833362326953,-1.4750527312257438,75
-2.3957063298272945,-1.529165865209013,75
-2.3844710684632804,-1.4812784630551756,75
-2.4431826585575114,-1.4474053452624005,75
-2.354297240083068,-1.4885882301267546,75
-1.8582510039978006,-1.4837193790730396,79
-1.875194408814936,-1.4856431586099414,79
-1.8665970970714685,-1.4665050536630886,79
-1.8376500996522838,-1.4662709558347362,79
-1.8582510039978015,-1.4837193790730385,79
-1.8751944088149377,-1.4856431586099406,79
-1.8665970970714694,-1.466505053663088,79
-1.8376500996522835,-1.4662709558347364,79
1.1115675676560253,1.2320838410506942,35
0.9857649215062908,1.1073222334614796,35
1.0549026386114384,1.1763615703150736,35
1.077653600998957,1.2137184015833118,35
1.0029479732282338,1.010945621661395,35
1.2128966413969664,1.191156872862036,35
1.1972432694119939,1.2112137009046064,35
1.1416946512718968,1.1174952466820494,35
1.1869167564707896,1.2572346451842906,35
0.9885036623530897,0.9515667808534758,35
-1.7184937968689769,-1.5791860796266028,79
-1.894762923382473,-1.5999770789279748,79
-1.8242910965983927,-1.5216070990472441,79
-1.8786517781796161,-1.4772233671071842,79
-1.814160464443648,-1.5495075526806308,79
-1.7184937968689775,-1.5791860796266028,79
-1.8947629233824732,-1.599977078927975,79
-1.8242910965983932,-1.5216070990472434,79
-1.8786517781796173,-1.4772233671071846,79
-1.8141604644436473,-1.5495075526806303,79
-1.8709946163851316,-2.1159355081457347,71
-1.8598211442143844,-2.110003773303658,71
-1.8416715824889582,-2.110184294933522,71
-1.8369391011897622,-2.118221207435167,71
-1.8709946163851319,-2.115935508145735,71
-1.8598211442143837,-2.1100037733036587,71
-1.8416715824889558,-2.1101842949335237,71
-1.8369391011897849,-2.118221207435146,71
1.860233860893206,1.418446798792083,20
1.7168549701785678,1.3333394420017417,20
1.7725805917793038,1.3338006464520262,20
1.7450516684721622,1.4973016292987307,20
1.6956882195769651,1.1688586769415232,20
1.8316107313471406,1.2616874338879076,20
1.7756125990206355,1.3735051024376423,20
1.8111756778481438,1.2275344371123051,20
1.7761043939464645,1.4578710949042561,20
1.642722794200524,1.0235886758090957,20
-1.5945394156389852,-2.2435878218080068,71
-1.8663325034000877,-2.1659253931143096,71
-1.7854044867488894,-2.091204766155246,71
-1.8287808921808661,-2.104862071394444,71
-1.7793363455202535,-2.1082444117011905,71
-1.5945394158108357,-2.2435878216416962,71
-1.866332503400398,-2.165925393114073,71
-1.7854044867488916,-2.0912047661552444,71
-1.8287808921808426,-2.1048620713944604,71
-1.7793363455202569,-2.108244411701187,71
-2.3900020084020337,-0.8966654456602672,89
-2.413169104960041,-0.9237339737987225,89
-2.32330410383323,-0.9001441627279174,89
-2.387317782344968,-0.8760083396259745,89
-2.390002008402033,-0.8966654456602661,89
-2.4131691049600446,-0.9237339737987155,89
-2.3233041038332276,-0.9001441627279164,89
-2.3873177823449874,-0.876008339625914,89
0.08365717040744995,1.9771614905069614,27
-0.027362592218191685,1.8264833852042486,27
0.02106822405681563,1.850806340643299,27
0.06256309534002343,1.9052982696496146,27
0.008266926327221757,1.801434366119415,27
0.16429150208774926,2.0049091456759767,27
0.12554174542365845,2.0374340525793437,27
0.10272698032174657,1.926679963321267,27
0.0939581238791447,2.0214079587578566,27
0.06084050967176394,1.7998261900583572,27
-2.302207506281282,-1.010425468396768,89
-2.380692438643309,-1.0504603911893216,89
-2.3759778123686868,-0.9847715308109336,89
-2.335602098180067,-0.8978395516032911,89
-2.330449684945721,-0.9642110998795356,89
-2.302207506281282,-1.010425468396768,89
-2.38069243864331,-1.0504603911893216,89
-2.3759778123686854,-0.9847715308109335,89
-2.3356020981800674,-0.8978395516032913,89
-2.3304496849457217,-0.964211099879534,89
-2.3926684697614147,-1.616590240690746,73
-2.451646611947938,-1.6325255696567416,73
-2.4073012615281746,-1.631447693412169,73
-2.4051105738800564,-1.6367132965629931,73
-2.392668469558199,-1.616590240926398,73
-2.4516466111771114,-1.6325255705785042,73
-2.407301261805788,-1.6314476930857467,73
-2.405110570724213,-1.6367133002714176,73
1.0365477401017924,2.378624194025067,22
0.9183713361674395,2.3889549646624224,22
0.9506720168915928,2.369889003129514,22
0.9376116653051572,2.4148553757920244,22
0.9585408356034812,2.3431137613715016,22
1.0739873676886091,2.383000815271658,22
1.0301983609590197,2.5054981090002872,22
1.0417108851830439,2.411424767581595,22
0.9792509593370664,2.4489428090257457,22
1.0069711915049437,2.457024822266064,22
-2.248613354644448,-1.7723065311351738,73
-2.4193729357306095,-1.6858677300427736,73
-2.358848797050461,-1.618050880833884,73
-2.3938645341452074,-1.6058312810360118,73
-2.3477177174312454,-1.6225438691173382,73
-2.248613354836357,-1.7723065309086155,73
-2.4193729340222676,-1.6858677321111346,73
-2.3588487970310728,-1.6180508808566432,73
-2.3938645339513993,-1.6058312812582134,73
-2.3477177170603083,-1.6225438695584542,73
3.0614918657426387,-1.1915615235784018,40
3.3949629722516947,-1.2609088157225359,40
3.3123954164928855,-1.2798547328359404,40
3.288814327818924,-1.143585525873537,40
3.06149186574264,-1.1915615235783972,40
3.394962972251858,-1.2609088157219392,40
3.31239541649387,-1.2798547328326426,40
3.288814327818928,-1.143585525873518,40
1.526609620260561,-2.2993412919383305,48
1.545810130405046,-2.061406562678443,48
1.5885541382506154,-2.110966763722754,48
1.6975161143495003,-2.056649672657906,48
1.4253403158542863,-2.4999363741812175,48
1.5175781217571174,-2.266052714401222,48
1.5006234701081782,-2.178104948620679,48
1.5041327749883346,-2.2073876165490045,48
1.6103529175772118,-2.2048626495423376,48
1.4310412168033768,-2.4290697054081316,48
3.245435719899273,-1.1019060459084955,40
3.0777848409511672,-1.192729061166697,40
3.3084391516716853,-1.241386855616224,40
3.252734829243553,-1.2214325301893603,40
-1.6761952575933212,2.2742826488704333,40
3.2454357198992727,-1.1019060459084937,40
3.07778484115221,-1.1927290607008245,40
3.3084391516718274,-1.2413868556157386,40
3.2527348292432534,-1.2214325301903843,40
3.186152517788068,-1.1606978956516096,40
3.321294544512624,-1.1328973513773402,40
3.2474389316591883,-1.2203673364953656,40
3.4018318696092757,-1.2463653978143956,40
3.4723748820927813,-1.2465111807649238,40
3.3151570250113083,-1.160623651170989,40
3.3212945445126247,-1.1328973513773368,40
3.247438931659112,-1.220367336495639,40
3.4018318696089938,-1.2463653978153877,40
3.4723748820833733,-1.2465111807971276,40
3.3151570250113176,-1.1606236511709638,40
1.3915769069639072,-2.3384788751577537,48
1.5136832414944237,-2.54985474714352,48
1.3976955513708333,-2.1103376620873227,48
1.6575142238569385,-2.2796241141296294,48
1.4504280553691355,-2.160855168014919,48
1.5806148563421518,-2.2783737321386766,48
1.3326433086558402,-2.1563727339641017,48
1.5939372459653078,-2.1044510775869263,48
1.4676653291460475,-2.1567924494833237,48
1.6036611914505006,-2.29618464295918,48
1.391576905607525,-2.338478876184015,48
1.5136832467600485,-2.5498547437895276,48
1.3976955513637905,-2.110337662093136,48
1.6575142240536376,-2.2796241139665305,48
1.450428055368488,-2.1608551680154524,48
1.5806148562595734,-2.2783737322040603,48
1.3326433086544192,-2.1563727339652408,48
1.5939372459653733,-2.1044510775868654,48
1.4676653291477053,-2.156792449481921,48
1.6036611910136653,-2.296184643301667,48
-2.886835561768757,-0.9627842498250287,81
-2.8847390890453863,-0.9020133781089862,81
-2.8554696406926086,-0.8978581347592695,81
-2.8846853251373434,-0.8986888293562529,81
-2.88683556176885,-0.962784249824786,81
-2.8847390890457265,-0.9020133781081725,81
-2.8554696406925384,-0.8978581347594379,81
-2.8846853251371245,-0.8986888293567658,81
0.28261550784289724,0.8533402058356465,37
0.18657432133832808,0.8718365748571826,37
0.22750495312811533,0.8901367092785644,37
0.1839446972670671,0.9616969293518123,37
0.23485687871723104,0.8407363522770911,37
0.32868155451708836,0.8984263102191035,37
0.26327552062060317,0.9279511586537229,37
0.2579139819940729,0.863237971601981,37
0.20568858056708803,0.9826089000651371,37
0.20451601894632782,0.8376862394140014,37
-2.5361820173373717,-0.8951749456606417,81
-2.8204980967133273,-0.9650887752926803,81
-2.7774201333692554,-0.8615618226750944,81
-2.857261413799689,-0.8621476711907932,81
-2.742566130510313,-0.8549833078798167,81
-2.53618201733825,-0.8951749456588669,81
-2.8204980967133357,-0.9650887752926574,81
-2.7774201333692603,-0.8615618226750883,81
-2.8572614137998666,-0.8621476711903984,81
-2.7425661305102,-0.8549833078801082,81
-2.860313216551534,-1.3464345867929615,82
-2.7277027194468273,-1.334105664638637,82
-2.6946456569513164,-1.319547451806352,82
-2.672448616223987,-1.372328120095965,82
-2.8603132165442404,-1.3464345868030456,82
-2.7277027190146335,-1.3341056651526464,82
-2.6946456568502692,-1.3195474519273274,82
-2.6724486175726505,-1.3723281186889429,82
1.2110065943146617,0.7708638385911594,19
1.0354011200359101,0.793299344300655,19
1.1164209664485116,0.773136311842374,19
1.0457270036743975,0.8796585456481262,19
1.0532758280099057,0.7503974959802928,19
1.2441306678624864,0.7998712183480263,19
1.1119426733781932,0.849803193501633,19
1.136419688044947,0.7558082859317239,19
1.0725074091703335,0.8555834848346789,19
0.9645481268487532,0.7171761881775705,19
-2.2153873740292584,-1.3742897212095073,82
-2.703998825690516,-1.3791020707049209,82
-2.489242575668561,-1.3615627622677908,82
-2.645915281515229,-1.2677224998745067,82
-2.3170856827456934,-1.4254033406518563,82
-2.2153873740240635,-1.3742897212153458,82
-2.703998825901245,-1.3791020704789945,82
-2.489242575497928,-1.3615627624522955,82
-2.6459152814894997,-1.2677224999006151,82
-2.3170856827850734,-1.4254033406123758,82
-2.9273805956197587,0.14953387973705987,85
-2.9481665727317194,0.06866967375641388,85
-2.8715911846210878,0.12977940098197394,85
-2.9707857919478657,0.10553490012834453,85
-2.927380595619759,0.1495338797370591,85
-2.9481665727317234,0.06866967375638207,85
-2.8715911846210878,0.12977940098197102,85
-2.970785791947869,0.10553490012828655,85
-0.7644278910478985,1.7442327657235466,29
-0.8600592403051784,1.7825792292557352,29
-0.8205258749308433,1.7776965228517778,29
-0.8339730408852143,1.8451242663933554,29
-0.8118357892855461,1.7325543669353007,29
-0.7549988409870549,1.848485493883672,29
-0.7825392947306097,1.884435274161943,29
-0.7883463294427183,1.8053980543368084,29
-0.8657168149845421,1.9394472957471018,29
-0.7919566265527287,1.7642956705474262,29
-2.712196268092405,0.15122903849160096,85
-2.83651658227895,0.0426871989844602,85
-2.8420626868600807,0.1366841081884094,85
-2.850357916401522,0.18024102753363266,85
-2.8297818467692486,0.13408282446232486,85
-2.7121962680924043,0.1512290384916011,85
-2.8365165822789478,0.04268719898452338,85
-2.8420626868600793,0.13668410818840912,85
-2.8503579164015216,0.18024102753363258,85
-2.8297818467692504,0.13408282446232442,85
-2.9617357488059137,-0.6583476672475382,83
-2.9648584959797977,-0.6469650373738521,83
-2.9321010463426864,-0.6016401254673338,83
-2.9736586878409987,-0.6699558386475819,83
-2.961735748806104,-0.6583476672465053,83
-2.964858495979647,-0.6469650373747327,83
-2.932101046342678,-0.6016401254674045,83
-2.973658687841128,-0.6699558386469019,83
0.1098195089786126,2.1928566729775913,21
-0.04175575065636446,2.233744022039739,21
0.07633238146326744,2.265704318004822,21
0.00680917633888259,2.275304018732865,21
0.01683634110613873,2.1542397911627984,21
0.15541527557324483,2.3248371124218243,21
0.17281615118478907,2.4378056986514895,21
0.17837095642954867,2.3369192222783455,21
0.11960346161319851,2.507196130993008,21
0.05691314740460337,2.239623469590019,21
-2.6952158379614857,-0.4371640788731803,83
-2.889504644767643,-0.6519543844451943,83
-2.8844923255873613,-0.5788758199037002,83
-2.9077168882602935,-0.5316690980932084,83
-2.866952161045666,-0.5929305314750396,83
-2.6952158379614866,-0.43716407887318054,83
-2.8895046447676367,-0.6519543844452462,83
-2.884492325587341,-0.578875819903884,83
-2.9077168882602273,-0.5316690980941968,83
-2.866952161045677,-0.5929305314749427,83
-2.4533045235866813,-0.7920219452332745,79
-2.424200260419498,-0.775779375414389,79
-2.383659498628775,-0.7497994513208203,79
-2.4745234949857733,-0.7782633433087306,79
-2.4533045235866786,-0.7920219452332821,79
-2.4242002604194965,-0.7757793754143916,79
-2.3836594986287727,-0.7497994513208227,79
-2.4745234949857853,-0.7782633433086922,79
0.43974583138383877,1.2460331866700665,35
0.3586956381658104,1.1359194208062264,35
0.4270981535562801,1.2219440278804825,35
0.4443162295794993,1.2196509756084257,35
0.39880857380471024,1.1108407204201634,35
0.50499427568492,1.2331910137272517,35
0.4584134535469368,1.1969604940259682,35
0.4430584780839084,1.1594007441472425,35
0.4468779629109365,1.2299468326826477,35
0.3846568049504385,1.0438174871745263,35
-2.224733474402768,-0.7363411836954511,79
-2.4389493501685777,-0.837608862852412,79
-2.3398452554596108,-0.7431576661228545,79
-2.3747755804843615,-0.7296450246795801,79
-2.356396599675827,-0.7448631385238385,79
-2.2247334744027714,-0.7363411836954487,79
-2.438949350168575,-0.8376088628524211,79
-2.3398452554596108,-0.7431576661228504,79
-2.3747755804843638,-0.7296450246795805,79
-2.356396599675837,-0.7448631385238156,79
-2.522997600068078,-1.2611145190242175,77
-2.356249286872385,-1.314238983668358,77
-2.37146717103567,-1.28778076398166,77
-2.393581865411808,-1.3342623681660675,77
-2.5229976000740124,-1.2611145190175264,77
-2.3562492868698643,-1.3142389836714155,77
-2.3714671710298876,-1.2877807639884757,77
-2.393581865413824,-1.3342623681638024,77
1.2866171503443564,1.4215288456054755,20
1.172033082571861,1.3494553886234792,20
1.2247076776975359,1.3919381020527122,20
1.186901112335663,1.4410866075054034,20
1.155104887761684,1.210034347270134,20
1.2562160845064767,1.3135337213110292,20
1.241426145067845,1.3897740553427869,20
1.2706064852982901,1.3203613489827413,20
1.2305533157540487,1.438112984508997,20
1.1359257752768759,1.1512340873967604,20
-2.2203380151543666,-1.2627742655153262,77
-2.4888072988176733,-1.323664908176051,77
-2.2620593900424937,-1.3100550408040639,77
-2.4167628627235933,-1.237505509129428,77
-2.2711172273425473,-1.3010266383277245,77
-2.2203380151578815,-1.2627742655108851,77
-2.488807298716798,-1.3236649082935672,77
-2.262059390043686,-1.3100550408025453,77
-2.416762862723619,-1.2375055091293992,77
-2.2711172273633715,-1.3010266383015143,77
-2.71282828602,-0.006713957534918572,89
-2.771082454346612,-0.06685317796979291,89
-2.685265259223851,-0.045080266155304444,89
-2.7769872571484573,-0.045538495843889824,89
-2.71282828602,-0.00671395753491823,89
-2.7710824543466135,-0.0668531779697929,89
-2.68526525922385,-0.04508026615530466,89
-2.7769872571484573,-0.045538495843889776,89
-0.41452773753993677,1.7943805601243896,27
-0.48658963965683266,1.7006256108253586,27
-0.45197799950138917,1.7265555541074837,27
-0.4121428451896213,1.7661582370527982,27
-0.45142812830228773,1.6447856842595865,27
-0.34729423458825004,1.8189822612373474,27
-0.3750812017011983,1.8022090880634076,27
-0.39373792245356465,1.738347664103986,27
-0.4068866116866096,1.8114672813423565,27
-0.4125345437514288,1.6549066889897743,27
-2.688588907416172,-0.05308569758552076,89
-2.688189843602795,-0.14348975985533594,89
-2.7642251374894156,-0.08166941962061196,89
-2.683728745841311,-0.019524073548671476,89
-2.7264293050577835,-0.05968246524451044,89
-2.688588907416171,-0.05308569758551777,89
-2.6881898436027964,-0.14348975985533605,89
-2.7642251374894165,-0.081669419620612,89
-2.6837287458413113,-0.019524073548671278,89
-2.7264293050577826,-0.05968246524451095,89
-2.8472949291791636,-0.6953209921636562,87
-2.819019619558961,-0.7217150939794554,87
-2.8144123574183215,-0.7010969543428089,87
-2.780005926017964,-0.7233515871376267,87
-2.847294929179164,-0.6953209921636563,87
-2.8190196195589605,-0.7217150939794559,87
-2.814412357418321,-0.701096954342811,87
-2.7800059260179677,-0.7233515871376265,87
0.4819373200361108,2.3351524994424637,22
0.3631076220746801,2.3623698261023507,22
0.4053067440597057,2.3173769154408235,22
0.3956337841889963,2.31853415035417,22
0.38948764118827706,2.2565249984860274,22
0.505842102249564,2.360620639177503,22
0.5182210443324508,2.4608645622167247,22
0.5141016847592907,2.3825749300138632,22
0.45787456265109516,2.4236204596976076,22
0.4612999382819682,2.388595833876326,22
-2.7847273206382748,-0.6607174104677005,87
-2.8384149798441607,-0.7850132086779584,87
-2.7470094896669233,-0.6801423621529599,87
-2.77087187450219,-0.6485918434358889,87
-2.663437762081189,-0.6551224671071822,87
-2.7847273206381673,-0.660717410468319,87
-2.8384149798441616,-0.7850132086779587,87
-2.7470094896669224,-0.6801423621529673,87
-2.7708718745021876,-0.648591843435896,87
-2.663437762081189,-0.6551224671071834,87
2.982482925960254,-1.3011665610090366,40
3.2553730674012105,-1.3505375672561895,40
3.1937455536785913,-1.3337020660958148,40
3.106442789735063,-1.241957729755443,40
2.9824829259602526,-1.301166561009035,40
3.2553730673652415,-1.3505375673638882,40
3.193745553678854,-1.3337020660950123,40
3.1064427897350573,-1.241957729755454,40
1.3707837415753759,-2.117817611228179,49
1.4254718083106546,-2.0268482706023345,49
1.487790855028935,-2.0684006765665113,49
1.5569071009972062,-2.014568191416315,49
1.3385819604974831,-2.290243369627176,49
1.3204858233639762,-2.1385602127799612,49
1.3951330299537852,-2.1977798430782522,49
1.4004634309345936,-2.1696188080643823,49
1.4811844622396957,-2.171484476305596,49
1.316946506016125,-2.3664973142841785,49
3.164267625165448,-1.1948033795902846,40
3.0449945676812984,-1.2860039364117668,40
3.1798755055965717,-1.2470327558665335,40
3.1240390495669796,-1.2498411674627357,40
3.0800104066147407,-1.1966640474972932,40
3.1642676251654454,-1.1948033795902826,40
3.044994567681297,-1.2860039364117792,40
3.179875505596574,-1.2470327558665344,40
3.1240390495669725,-1.2498411674627534,40
3.0800104066147282,-1.1966640474973167,40
3.2102918646070853,-1.1997909596547947,40
3.0833795805515485,-1.2616600531381155,40
3.2217232512343035,-1.256275904251325,40
3.2955634645457743,-1.23379288388219,40
3.219039025834948,-1.204770411708417,40
3.2102918646070857,-1.1997909596547962,40
3.0833795805515507,-1.2616600531381108,40
3.221723251234438,-1.2562759042509193,40
3.29556346454688,-1.233792883878608,40
3.219039025834942,-1.2047704117084341,40
1.2684626682683524,-2.2254466691451253,49
1.4454877441025682,-2.3178365971228607,49
1.2954126378346997,-2.0091659307980207,49
1.4643864483149267,-2.046140164213772,49
1.3525317937676398,-2.177958548464017,49
1.4425580630003303,-2.164889777404912,49
1.236566650261018,-2.1657206383895544,49
1.5339040117715037,-2.055370800429475,49
1.3513823379733323,-2.0676712965756816,49
1.4754493559368933,-2.201823130643279,49
1.2684626682683502,-2.2254466691451285,49
1.4454877441340095,-2.3178365970989665,49
1.2954126378346835,-2.009165930798033,49
1.464386448315126,-2.0461401642135946,49
1.3525317937683166,-2.1779585484634776,49
1.4425580630142858,-2.1648897773931206,49
1.236566650261028,-2.1657206383895473,49
1.5339040117715068,-2.055370800429472,49
1.3513823379733378,-2.067671296575677,49
1.4754493559432968,-2.2018231306380422,49
-2.7840003172823233,-1.0095532517445918,81
-2.8181453369331533,-0.937611341130016,81
-2.7970248936749758,-0.9372823992871404,81
-2.7875707946680537,-0.9290352562767623,81
-2.7840003172823247,-1.0095532517445875,81
-2.818145336933154,-0.9376113411300164,81
-2.7970248936750224,-0.9372823992870445,81
-2.787570794668039,-0.929035256276797,81
0.35499633273093145,0.8702043731373932,37
0.2556719344686928,0.8983033594803783,37
0.3303622754814132,0.8750068590606849,37
0.24460142894712575,0.9727664177596343,37
0.3212342019748708,0.8464793311081328,37
0.41947488898009877,0.8679024478957389,37
0.32588852374241517,0.9650364915471982,37
0.3426699837048966,0.8840797420852539,37
0.2765817948075409,0.9803496576321156,37
0.273813860125388,0.8713528994623657,37
-2.390346083768377,-0.9169170428673161,81
-2.6904470514586882,-1.0167914597948724,81
-2.7086376890381354,-0.9030639534454774,81
-2.757882947475937,-0.895021279466078,81
-2.6217036481644413,-0.8685527637304653,81
-2.3903460837682973,-0.9169170428674202,81
-2.690447051458687,-1.0167914597948737,81
-2.7086376890381056,-0.9030639534455472,81
-2.757882947475886,-0.8950212794662008,81
-2.621703648164321,-0.8685527637308538,81
-2.749148099535505,-1.3529899469837305,82
-2.612851011786934,-1.3506901904732094,82
-2.570799913539974,-1.3592355416080997,82
-2.52797679605315,-1.4033277152198695,82
-2.749148103727416,-1.3529899419504188,82
-2.612851012660202,-1.350690189508713,82
-2.570799913632193,-1.3592355415034767,82
-2.527976796217731,-1.4033277150451862,82
1.2533044510793099,0.8592838875290381,19
1.057803424502063,0.8446170416408747,19
1.1592118474430837,0.7931835815100173,19
1.066506627325192,0.8836142131437721,19
1.0692359766282191,0.7970706496588539,19
1.2566363282688058,0.858284777665918,19
1.1110338202976502,0.8740694881711404,19
1.1540634096600468,0.7968646609116693,19
1.087873994942875,0.8984111510022615,19
0.9865077556781094,0.7921957587973895,19
-2.0780182264186,-1.384703617726387,82
-2.5529550114621324,-1.4234787117254843,82
-2.3489033140865025,-1.3902700999489948,82
-2.5181549670082237,-1.3038383766044594,82
-2.1856343595207988,-1.428052149424045,82
-2.0780182264164986,-1.384703617729078,82
-2.5529550114907726,-1.4234787116962744,82
-2.348903313966064,-1.3902701000714002,82
-2.5181549662025224,-1.3038383775194173,82
-2.1856343595441,-1.428052149397839,82
-2.919393716688786,0.10027133395642969,85
-2.8971291013509046,0.10995314117709938,85
-2.84938472859311,0.11932396256979522,85
-2.937657321800145,0.12362803676574967,85
-2.9193937166887727,0.10027133395661993,85
-2.8971291013509073,0.10995314117710944,85
-2.849384728593108,0.11932396256980933,85
-2.937657321800144,0.12362803676575525,85
-0.7547525372730993,1.8709513242573703,29
-0.8774530594632275,1.8927660470583092,29
-0.8403081649365783,1.8923495151283218,29
-0.8526678764176211,1.959857261823653,29
-0.8447304661778762,1.8645964613536579,29
-0.7335557514388654,2.000580378393527,29
-0.8224031513429548,2.0599172836648987,29
-0.7968012314173365,1.9489693509077821,29
-0.8903571665754133,2.086664534336636,29
-0.8642346538047122,1.9414942503592156,29
-2.638213027578508,0.15082340367989025,85
-2.8588969652650333,0.019281715042972807,85
-2.777908816294244,0.1585638619005231,85
-2.828686431261955,0.16458488783975184,85
-2.8018883051075583,0.16514098988694143,85
-2.6382130275785083,0.15082340367989008,85
-2.8588969652649454,0.019281715043836967,85
-2.7779088162942416,0.15856386190052305,85
-2.8286864312619544,0.1645848878397522,85
-2.8018883051075583,0.1651409898869412,85
-2.826671165278995,-0.6260603869995207,83
-2.7976620353701636,-0.6088424957800551,83
-2.787005725403776,-0.5573425400851136,83
-2.846763661804416,-0.6447514580717474,83
-2.826671165279041,-0.6260603869991896,83
-2.7976620353701636,-0.6088424957800842,83
-2.787005725405248,-0.5573425400698006,83
-2.8467636618044576,-0.6447514580712438,83
0.18736340734492635,2.35278907464651,21
0.04249922199627955,2.3933238119970923,21
0.14071994165277862,2.3713193108770176,21
0.07949364033692612,2.370504948003994,21
0.07920938864284337,2.279946515765249,21
0.25901176581976937,2.4657696126695376,21
0.2173337625054014,2.582641262450954,21
0.23747013017954538,2.459910413133968,21
0.1592132635908562,2.5613945104421028,21
0.08379536477783167,2.400082342273357,21
-2.553137447200161,-0.42494845527605224,83
-2.7438793113883744,-0.628221210007502,83
-2.736996152307992,-0.5453255790169226,83
-2.7966322642674957,-0.4822998879636986,83
-2.705112103643326,-0.5375597794019146,83
-2.5531374472001622,-0.42494845527605224,83
-2.743879311388371,-0.6282212100075272,83
-2.7369961523080404,-0.5453255790163877,83
-2.79663226426751,-0.4822998879637078,83
-2.705112103643329,-0.5375597794018872,83
-2.4145867618234615,-0.8036059727339399,79
-2.3364082261745476,-0.7556947163099915,79
-2.3518462139957528,-0.7503747079710212,79
-2.3304515475203402,-0.7476218799657226,79
-2.414586761823465,-0.8036059727339355,79
-2.3364082261745476,-0.7556947163099917,79
-2.3518462139957528,-0.7503747079710191,79
-2.3304515475203353,-0.7476218799657405,79
0.573860440117802,1.3052909141390572,35
0.45437809452503164,1.202630926188306,35
0.5144277860618888,1.280119719929992,35
0.5244568812280821,1.314225371338735,35
0.48350702660893424,1.1906583704798464,35
0.6347073695361735,1.3155308690051297,35
0.5623482869923685,1.2987381376237828,35
0.5714418619433674,1.237519204856453,35
0.5620412852690326,1.3327833753294858,35
0.45868999357061624,1.1510696068538528,35
-2.106101073439555,-0.7103140386155229,79
-2.3905450826660255,-0.8900093907091633,79
-2.239339294419832,-0.7257640568515091,79
-2.32718957576206,-0.7408190023166386,79
-2.2407904087785457,-0.7056392362674014,79
-2.1061010734395538,-0.7103140386155242,79
-2.3905450826660255,-0.8900093907091613,79
-2.239339294419832,-0.72576405685151,79
-2.3271895757620604,-0.7408190023166411,79
-2.240790408778544,-0.7056392362674093,79
-2.40794670384643,-1.3052548946400573,77
-2.2570358811763396,-1.3167914259995952,77
-2.28987979206443,-1.3146212183715473,77
-2.2565428841890482,-1.332027849157697,77
-2.407946703842911,-1.3052548946442275,77
-2.2570358811775604,-1.3167914259980196,77
-2.2898797920656357,-1.3146212183700186,77
-2.256542884189158,-1.3320278491575535,77
1.351119741008926,1.4966772011205967,20
1.2521960483913022,1.427987465264803,20
1.255079462968421,1.43023402776393,20
1.2110422959330478,1.488396415948792,20
1.2016790186468627,1.3210094006053432,20
1.3173083208377305,1.474905927679253,20
1.279712830453141,1.501175127476947,20
1.2995527393006177,1.3922333055013636,20
1.2334765186443215,1.5433772765673222,20
1.2052293902818583,1.363202740673376,20
-2.1006019268023732,-1.2587251339212377,77
-2.4129653315002844,-1.3334422548828473,77
-2.145479087475255,-1.300704881960764,77
-2.328388873886117,-1.2536694249477593,77
-2.1463270539191828,-1.2800868039582622,77
-2.100601926802407,-1.258725133921193,77
-2.4129653315710455,-1.3334422548017517,77
-2.1454790874752403,-1.3007048819607834,77
-2.3283888738866914,-1.2536694249470846,77
-2.146327053918886,-1.2800868039586508,77
-2.70213567714163,-0.04102394433054215,89
-2.705434663567859,-0.06441858745956476,89
-2.6579480498479726,-0.0473009888271779,89
-2.7175108984269207,-0.05071229785096607,89
-2.702135677141631,-0.041023944330542454,89
-2.7054346635678583,-0.06441858745956473,89
-2.6579480498479726,-0.047300988827178064,89
-2.717510898426921,-0.05071229785096534,89
-0.3717744764408493,1.8884441159672254,27
-0.4426251056198859,1.793136592614839,27
-0.41936057924336534,1.8248114096045693,27
-0.3888835611117256,1.8759719168333806,27
-0.43489949698198793,1.7391184976984941,27
-0.2998216804544251,1.9170312344964655,27
-0.34684026939250484,1.9527462257514623,27
-0.3583850245165454,1.8733534845181017,27
-0.3674649072641657,1.944897880897713,27
-0.3965954940404612,1.7758420631237335,27
-2.619315839718917,-0.023545874324813414,89
-2.663127061095656,-0.15267671061276625,89
-2.6777693050240248,-0.043921902834764055,89
-2.6596827812150963,-0.024158431325699517,89
-2.6335095850055166,-0.012084176533897924,89
-2.6193158397189173,-0.02354587432480674,89
-2.6631270610956568,-0.1526767106127663,89
-2.6777693050240265,-0.04392190283476112,89
-2.659682781215097,-0.024158431325699635,89
-2.6335095850055175,-0.012084176533897843,89
-2.7376251092717148,-0.6710245164075426,87
-2.6998758248512122,-0.6912324992078196,87
-2.6978522014452704,-0.6840490964370419,87
-2.6597966568887648,-0.6754854038308136,87
-2.737625109271719,-0.6710245164075419,87
-2.6998758248512127,-0.6912324992078213,87
-2.6978522014452726,-0.6840490964370435,87
-2.659796656888764,-0.6754854038308151,87
0.5486403397257249,2.3723371104641187,22
0.4458115892065955,2.38833223672523,22
0.46025165822186803,2.3454620746138404,22
0.44727924384521695,2.3238527876515906,22
0.42994643901638,2.2815806230428453,22
0.5798979534546698,2.4344551975608915,22
0.5655679121311412,2.483123294277402,22
0.5782314983239918,2.4402510280699032,22
0.5169288136002199,2.4336188253064033,22
0.49486917461297536,2.4483236722554644,22
-2.678413820562431,-0.5919127580429826,87
-2.752180362799967,-0.7668827557606934,87
-2.5942493541482916,-0.6327749951528265,87
-2.680777445184717,-0.6229520528201694,87
-2.5272654451201464,-0.5845301165846801,87
-2.678413820539253,-0.5919127582290387,87
-2.752180362799965,-0.7668827557606926,87
-2.5942493541482885,-0.6327749951528403,87
-2.680777445184715,-0.6229520528201787,87
-2.527265445120142,-0.5845301165846932,87
2.9378821984960406,-1.40718891021961,40
3.2775310769673527,-1.52927426245734,40
3.178413801687181,-1.4669099138409174,40
3.1366857153487016,-1.4138418033276607,40
2.93788219849604,-1.4071889102196098,40
3.2775310769645403,-1.5292742624642746,40
3.1784138016871855,-1.4669099138409054,40
3.1366857153487295,-1.4138418033275801,40
1.3257512541755863,-2.259359994808289,49
1.4250274312107443,-2.140630613185079,49
1.4581757018778092,-2.1866923446834625,49
1.526246851928066,-2.0577153248052977,49
1.285424065141916,-2.3285948301477895,49
1.2419282291017446,-2.27127627947861,49
1.3544587175000862,-2.259988291305964,49
1.372203457419461,-2.2787233828608695,49
1.4003882258957805,-2.1776231247094424,49
1.2819894222088704,-2.4253450478448575,49
3.1355510232249855,-1.3156764735565847,40
3.0443538019195038,-1.401251353066275,40
3.2062293825787163,-1.4026369931960723,40
3.135243789651333,-1.3770200197238167,40
3.0992836698410566,-1.3325160770516629,40
3.1355510232250525,-1.315676473556387,40
3.0443538019195007,-1.4012513530662836,40
3.206229382578664,-1.4026369931962281,40
3.135243789650941,-1.3770200197249907,40
3.0992836698410144,-1.3325160770517832,40
3.204586450046599,-1.3377441502267264,40
3.088705261266473,-1.396321750593311,40
3.258094420271852,-1.4234568550726143,40
3.347191444914011,-1.4038362136676448,40
3.208041851031801,-1.356096085919371,40
3.2045864500473376,-1.337744150224513,40
3.0887052612664667,-1.3963217505933252,40
3.2580944202722693,-1.4234568550714166,40
3.3471914448362754,-1.403836213899285,40
3.208041851031674,-1.3560960859197495,40
1.209635194704616,-2.336256855712121,49
1.3741059679098495,-2.3905603463632072,49
1.243997958684965,-2.068025534877009,49
1.4303656130710853,-2.13335359732745,49
1.2903566303963578,-2.265130115384075,49
1.4024342115333108,-2.194537148795986,49
1.1805908996090584,-2.264620063100015,49
1.4625845981134258,-2.090667845804346,49
1.2913094886910708,-2.126905757579642,49
1.4249094468603338,-2.2223462824484383,49
1.209635194704616,-2.336256855712121,49
1.3741059679090333,-2.390560346363782,49
1.2439979586849716,-2.0680255348770027,49
1.4303656130754496,-2.133353597323735,49
1.2903566303961067,-2.265130115384277,49
1.4024342115411141,-2.1945371487897463,49
1.1805908996090562,-2.264620063100017,49
1.462584598113437,-2.090667845804336,49
1.2913094886910648,-2.1269057575796473,49
1.4249094468571617,-2.2223462824509506,49
-2.18765265864801,-1.67414233009733,81
-2.170592445521313,-1.609264443047104,81
-2.1947525893664017,-1.613779645217031,81
-2.142097962326434,-1.5880822954462064,81
-2.1876526586480223,-1.6741423300973173,81
-2.1705924455211725,-1.6092644430472727,81
-2.19475258936638,-1.6137796452170572,81
-2.1420979623267304,-1.5880822954458667,81
0.63177723393902,0.7924804006132921,37
0.526412622134142,0.7989644473345159,37
0.5915493101025242,0.8108007354742581,37
0.5300000903275174,0.8644748526324187,37
0.5774147481589386,0.7327167874771556,37
0.7439878414655886,0.7867863565997144,37
0.6689993530448224,0.8371768096521932,37
0.6280461876481346,0.7724774151454018,37
0.6187905431207994,0.8619660034870664,37
0.545061635413006,0.713338633748527,37
-1.8433548438578968,-1.6769651214930799,81
-2.1299433287425957,-1.6763948511277482,81
-2.0927864966747367,-1.6119997125114054,81
-2.1918269311979106,-1.593782788745674,81
-2.047833482593146,-1.568432916158299,81
-1.8433548438579035,-1.6769651214930754,81
-2.12994332874259,-1.6763948511277542,81
-2.0927864966747154,-1.611999712511431,81
-2.191826931197675,-1.5937827887459528,81
-2.0478334825931506,-1.5684329161582924,81
-2.0868625351552983,-2.3686672979119225,82
-2.034698603142488,-2.304959654774525,82
-2.0426383604817455,-2.2962955721971103,82
-1.9960625190262502,-2.3260819060040556,82
-2.0868625351352494,-2.368667297932172,82
-2.034698601781618,-2.3049596562734966,82
-2.0426383607455967,-2.2962955719086007,82
-1.9960625096754883,-2.3260819157315624,82
1.499348223943419,0.7156792028935962,19
1.3215741073263243,0.7051645888274732,19
1.363052197227677,0.687556457545235,19
1.2910179487504216,0.7773247404463013,19
1.302104993965836,0.6499275347930983,19
1.4943701416691213,0.6765319414038311,19
1.3592440235763912,0.6792192616610426,19
1.382675517774009,0.6340376819531215,19
1.317771083086799,0.7182465525018402,19
1.234645558646928,0.6055398770740967,19
-1.6882150435426233,-2.22460984729456,82
-2.0327872525243422,-2.3652866669602703,82
-1.9157442664963005,-2.236150480964393,82
-2.0320458580276726,-2.2450738474862866,82
-1.8827379165502767,-2.2308709168299528,82
-1.6882150435740344,-2.2246098472667133,82
-2.0327872535048175,-2.3652866660091743,82
-1.9157442664516868,-2.2361504810034383,82
-2.0320458579029785,-2.2450738476108034,82
-1.8827379183634165,-2.2308709153725523,82
-2.658747703277874,-0.5717945124173835,85
-2.698744769373574,-0.5562238928596897,85
-2.6101089791863243,-0.5237327905294644,85
-2.6878642692764627,-0.5520554344058227,85
-2.6587477032747695,-0.571794512456977,85
-2.6987447693623645,-0.5562238930000076,85
-2.6101089791863386,-0.5237327905293551,85
-2.6878642692804275,-0.5520554343576672,85
-0.6976173683742005,1.8867025555881223,29
-0.8058740163551085,1.8812618858619916,29
-0.7590774111795672,1.9078341934175884,29
-0.8024806849819027,1.9442497350272891,29
-0.7627517164981609,1.830732615283279,29
-0.6507541074521681,1.9756107047301799,29
-0.7248711121017742,2.026165085741955,29
-0.7011242061953149,1.9195583274684023,29
-0.8031355043530376,2.095098978112128,29
-0.707859717344053,1.8406304640798563,29
-2.4923634484236517,-0.5513269077226827,85
-2.597051604343338,-0.7094283624740978,85
-2.6486018798838167,-0.5606903537952967,85
-2.6186785060564297,-0.5184440867797333,85
-2.635955970741797,-0.5755117700199985,85
-2.492363448423652,-0.5513269077226839,85
-2.597051604343348,-0.7094283624739649,85
-2.6486018798839135,-0.5606903537943075,85
-2.6186785060564395,-0.518444086779665,85
-2.63595597074163,-0.57551177002188,85
-2.6744239438797095,-1.3406187397537954,75
-2.6655959222598717,-1.3069434455804285,75
-2.6874276695555985,-1.3142963740990452,75
-2.6478532913919732,-1.3276534484154536,75
-2.6744239438796544,-1.3406187397538807,75
-2.6655959222598677,-1.3069434455804412,75
-2.6874276695555874,-1.3142963740990672,75
-2.647853291391963,-1.3276534484154747,75
0.4774088291497246,2.264270169337531,21
0.35656270036326043,2.256399969694046,21
0.41385943684988546,2.2409067598002546,21
0.3312454196528532,2.243828003938551,21
0.3287475167003901,2.1611494803018627,21
0.4991818628775332,2.2931765406294313,21
0.49242766788905734,2.3880755846922623,21
0.5049194943868501,2.2843933144852855,21
0.44046937784831597,2.4097938267564416,21
0.3798650669869713,2.2232948429348323,21
-2.412300605705488,-1.3770229628811776,75
-2.705011778644986,-1.37650075319957,75
-2.635150713021674,-1.2933886605882448,75
-2.725384802586662,-1.2790035872545154,75
-2.6430662211613707,-1.3199397378681421,75
-2.4123006057084075,-1.377022962877281,75
-2.705011778644817,-1.3765007531998268,75
-2.635150713021659,-1.293388660588269,75
-2.725384802586663,-1.2790035872545162,75
-2.643066221161382,-1.319939737868128,75
-1.989227987947687,-1.4690598400167236,79
-1.9967560462525051,-1.4594820242652096,79
-2.006918258335528,-1.425463341484356,79
-1.9516178224390597,-1.4657943732649086,79
-1.9892279879476868,-1.4690598400167236,79
-1.9967560462525047,-1.4594820242652105,79
-2.006918258335527,-1.4254633414843558,79
-1.9516178224390581,-1.4657943732649084,79
0.8421232520971862,1.4193658436068668,35
0.7730110524443011,1.2971926722503437,35
0.8157111067164629,1.3922737089242596,35
0.8608219135751747,1.4432030634255184,35
0.7795557942569272,1.2180719993980724,35
0.9423245594967508,1.4331033321748607,35
0.9665406188395034,1.4303982913306916,35
0.882782318089456,1.2989029147345004,35
0.9246577594731011,1.504287610439612,35
0.7959281124018226,1.1247059640005084,35
-1.7989931201622598,-1.4701932828843065,79
-2.0096587171357827,-1.5739680194610555,79
-1.9430031734815214,-1.4693927393701822,79
-2.0032702395062674,-1.4434565472694536,79
-1.8871331067353576,-1.4704541018761017,79
-1.7989931201622824,-1.4701932828842799,79
-2.009658717135782,-1.5739680194610566,79
-1.9430031734815212,-1.469392739370183,79
-2.0032702395062674,-1.4434565472694527,79
-1.8871331067353567,-1.470454101876103,79
-2.016634560340876,-2.143059934966562,71
-1.9841184367398415,-2.124455285706278,71
-1.978481775083203,-2.1405068040316295,71
-1.9457401514507802,-2.1188513939119686,71
-2.016634560340876,-2.143059934966563,71
-1.9841184367398415,-2.124455285706282,71
-1.978481775083204,-2.1405068040316286,71
-1.9457401514507793,-2.1188513939119673,71
1.6039706909778502,1.473870470006358,20
1.4900108754993113,1.3781950717446911,20
1.484199022691468,1.3520667976510288,20
1.4549585532703238,1.3945695426233569,20
1.4133702447969936,1.1811876675669808,20
1.5114254984452284,1.2677674316737821,20
1.5418695829351312,1.3341608391167012,20
1.516029907892343,1.2268470385410954,20
1.4994287735917995,1.3452498676315736,20
1.397978772270704,1.0917137827900214,20
-1.7446343316814545,-2.1739982517125274,71
-2.0126235879520458,-2.204033040372428,71
-1.8877422502294594,-2.103211572639673,71
-1.9479644984738707,-2.105239094153598,71
-1.8583689490766537,-2.1005150291659485,71
-1.7446343316897372,-2.1739982517061085,71
-2.0126235879520453,-2.2040330403724284,71
-1.887742250229459,-2.1032115726396725,71
-1.9479644984738715,-2.1052390941535974,71
-1.8583689490766548,-2.1005150291659507,71
-2.4952387812548147,-0.7985640940750457,89
-2.5448919676221156,-0.8431980706554691,89
-2.4400029346729153,-0.7714904626886274,89
-2.531343506925083,-0.8109330411988376,89
-2.495238781254816,-0.7985640940750462,89
-2.5448919676221116,-0.843198070655473,89
-2.4400029346729157,-0.7714904626886283,89
-2.5313435069250847,-0.810933041198832,89
-0.1733750706636153,2.019232702904532,27
-0.24537495185992234,1.8501461084028716,27
-0.21861193220585617,1.9012187127507865,27
-0.20496402945557862,1.9353779153658106,27
-0.2282553804370353,1.7907216414608185,27
-0.1174694357258814,1.9897575893265878,27
-0.11527215036118199,2.013030880998931,27
-0.18123253442868542,1.8892026512169362,27
-0.18215704253912104,2.017310613383467,27
-0.17312295304118094,1.7417845481572143,27
-2.465004130877805,-0.9438982824109075,89
-2.4852822079644548,-0.9644698884809282,89
-2.498908867801825,-0.8849536770870725,89
-2.459241768881769,-0.7649532837580132,89
-2.454809492561041,-0.8635979733057966,89
-2.4650041308777992,-0.9438982824109328,89
-2.4852822079644543,-0.9644698884809283,89
-2.4989088678018168,-0.8849536770871025,89
-2.4592417688817685,-0.7649532837580145,89
-2.454809492561046,-0.8635979733057766,89
-2.6556069703573657,-1.5119365253934354,73
-2.668293798413108,-1.497808949616324,73
-2.7074495538196723,-1.5155413515671947,73
-2.6238175593941016,-1.52166660727108,73
-2.6556069690799164,-1.5119365269933243,73
-2.668293800495213,-1.4978089470116527,73
-2.7074495542780515,-1.5155413509777655,73
-2.6238175644095985,-1.5216666011367384,73
0.8004507802294158,2.4115231225543363,22
0.6990569307526356,2.370311177129293,22
0.6760688718360858,2.2922493936052653,22
0.6704937804223795,2.321641145614011,22
0.6570274675782102,2.2778829095176416,22
0.7968127146462203,2.3685738956480176,22
0.8070404287437356,2.4275052974199345,22
0.7792053170437903,2.325407665343127,22
0.7269724947235985,2.3877004215485975,22
0.7495644992705103,2.351538934837632,22
-2.4419875394844386,-1.6927589863050247,73
-2.6736256230495523,-1.6149506569972447,73
-2.5278928395992537,-1.5342768704906986,73
-2.634775765280852,-1.5146437526018555,73
-2.464863950231098,-1.5619811297585466,73
-2.4419873691944347,-1.6927591903620256,73
-2.673625087770612,-1.6149513686747792,73
-2.527892838978661,-1.5342768712522326,73
-2.6347757480445635,-1.5146437738260279,73
-2.464863947430819,-1.561981133082936,73
3.1909074969267786,-1.226953928022792,40
3.5032428679573315,-1.3196792264868433,40
3.4743624314136112,-1.351611486635928,40
3.36290499831423,-1.201555984034406,40
3.1909074969267643,-1.2269539280228372,40
3.503242898619938,-1.3196791332908304,40
3.474362431345608,-1.3516114868375886,40
3.36290499831424,-1.2015559840343764,40
1.5053744703842007,-2.240376210301703,48
1.59701409333373,-2.1094257635580305,48
1.5828614867643591,-2.118291396204321,48
1.682250262808653,-2.117297207357457,48
1.385753347386953,-2.4155317939030754,48
1.4680584309224352,-2.2494709437265943,48
1.528692518769507,-2.234984228691397,48
1.556141851508776,-2.229055133804561,48
1.6348768811446397,-2.2203198420629793,48
1.4205076816651243,-2.4058302183827243,48
3.4286131807656024,-1.164159861214316,40
3.223098507604097,-1.2340979672831607,40
3.4289405276567564,-1.2492816501264568,40
3.4062692075185774,-1.2574547914742273,40
3.2921105670266813,-1.1579407088288176,40
3.4286131807505407,-1.1641598612713968,40
3.223098507604093,-1.2340979672831724,40
3.428940527658508,-1.249281650120395,40
3.4062692075172127,-1.257454791479169,40
3.2921105670266817,-1.1579407088288223,40
3.5140641097512866,-1.2113387457089304,40
3.3732415553444177,-1.3129147278798965,40
3.590225562363526,-1.3265223981243703,40
3.629147619794638,-1.3102252225550282,40
3.4934869367475425,-1.2444591304785961,40
3.5140641097512892,-1.2113387457089244,40
3.3732415553447375,-1.3129147278788875,40
3.5902255623813164,-1.3265223980736909,40
3.629147623894906,-1.310225210455902,40
3.4934869367475363,-1.2444591304785486,40
1.366848085481303,-2.264847628769186,48
1.489225957729301,-2.44258204529759,48
1.3788117863817755,-2.024040367597146,48
1.5496618725813738,-2.1449272634821996,48
1.4862275794026811,-2.116750803852989,48
1.5107829720786887,-2.225905317421372,48
1.3486072716928834,-2.1008631179952197,48
1.5975731237240125,-2.083598465103306,48
1.4501426887290054,-2.0778928615421943,48
1.5343453690674695,-2.1912362224368342,48
1.366848085653444,-2.2648476286285013,48
1.4892259563222714,-2.4425820462804477,48
1.3788117863818974,-2.024040367597039,48
1.5496618725821136,-2.1449272634815792,48
1.4862275794027038,-2.116750803852969,48
1.5107829720814268,-2.225905317419146,48
1.3486072716878952,-2.100863117999249,48
1.5975731237240125,-2.0835984651033064,48
1.4501426887290072,-2.0778928615421917,48
1.534345369063632,-2.1912362224400663,48
-1.5299963067676345,2.4623972441633395,33
-1.5547355001145113,2.4896615883590987,33
-1.5141525922059638,2.4392494945076746,33
-1.4829708882106538,2.5012478373978495,33
-1.5882012806444745,2.3763963897385887,33
-1.4413553442010474,2.5099198538808776,33
-1.4140723625466933,2.6611604424700634,33
-1.488553193643485,2.469799182808494,33
-1.4389428305461076,2.678445393069096,33
-1.5338753955284758,2.5230957138107373,33
-3.468779366762922,1.478585601310345,86
-3.468733396161443,1.478679832795678,86
-0.1957377565126675,3.526732091212847,15
-0.19161639249284212,3.469232340668242,15
-0.14776224231273402,3.450679256739431,15
-0.06687787607501934,3.467294965978642,15
-0.2512060482501547,3.454546729938724,15
-0.06970554472577853,3.5030939827788,15
0.012733411194262231,3.5772513468015728,15
-0.06984834985442792,3.5055574416330284,15
-0.031840208109975246,3.540883856870858,15
-0.14112430436337864,3.548373633425519,15
-3.6351101696908996,0.7119177897181931,86
-3.635188565094918,0.7116007522362842,86
-1.8244804342616494,3.058333650563778,18
-1.848312116731697,3.055829583963845,18
-1.8065616612237416,2.988990363534927,18
-1.8381265576698271,3.12917583160834,18
-1.8414344540383785,3.020080635170389,18
-1.6931385902425347,3.1300746075282273,18
-1.6889298390849663,3.171644137291277,18
-1.7153650958192423,3.05914458053678,18
-1.715500774672832,3.221397613318654,18
-1.731646967716943,3.085429153987593,18
-3.32134519912507,1.7770301013354688,86
-3.3213451991252563,1.7770301013351444,86
-1.1353060388908154,3.627303207689681,18
-1.1475181394357072,3.5592191543975473,18
-1.1045834495189684,3.5718067825717834,18
-1.0646357616585163,3.572578714329285,18
-1.0725425999212665,3.543456169215025,18
-1.0553091742181235,3.634679382559459,18
-1.013688512476179,3.7239598898034822,18
-1.0586156374659639,3.6810500534401163,18
-1.0043777103648155,3.703140462050856,18
-1.1061727778260086,-3.3166814671635785,18
-3.376491555433938,1.4429995214480102,86
-3.3764915754784566,1.4429994801827108,86
-0.48898487050614076,2.98869688946145,31
-0.6134043480172449,2.9291764058585756,31
-0.5437930666338442,2.8882270298567856,31
-0.5387907066974704,2.931319162339041,31
-0.7188537568305514,2.884325032989481,31
-0.43828025608459525,3.004713633020819,31
-0.5225141673984792,3.0790638801071997,31
-0.49230921195054417,2.925387692103457,31
-0.557872491644619,3.006441136334753,31
-0.6373082777192948,2.9442223787252253,31
-3.3339693475961645,1.499473984411139,86
-3.334144142589514,1.4991245779117235,86
0.49910641735088823,3.5376853348765516,16
0.4143101243287484,3.5135585497554893,16
0.44168537921157364,3.4674247666857174,16
0.42943692603726535,3.4886708712103798,16
0.34077196410423843,3.5193818673720663,16
0.48898952156153863,3.505016960914724,16
0.5330052944907576,3.6611986186568064,16
0.4977107187978083,3.5361424587725065,16
0.48724410345684915,3.595011680288005,16
0.407754048254577,3.5601442451979497,16
-3.660144795948647,0.8941735316373072,86
-3.660173099092072,0.8940749701078782,86
-1.211050372157016,3.231006494918259,18
-1.186072894482341,3.2095733510960764,18
-1.1652991915164275,3.1740924405654014,18
-1.1494345694281733,3.235297305201634,18
-1.2398807590706773,3.2002382082620153,18
-1.104715385441023,3.2743490801423123,18
-1.1260717252976733,3.360632657219318,18
-1.1217904154937894,3.2313463863101437,18
-1.1486884902565768,3.329335654585902,18
-1.169274433310651,3.291203883426189,18
3.294534208306653,-0.17191025108283553,86
-3.3817679939274408,1.6568803411642732,86
-0.3600125781077595,3.695908575777019,16
-0.37684941674878575,3.6642622210268962,16
-0.3457064367790874,3.6618735155208966,16
-0.34266391430834947,3.6194685154912816,16
-0.37998197204695194,3.6464007075235267,16
-0.3469419476777429,3.710483598172475,16
-0.3406617161605775,3.8158959664069103,16
-0.3708484755240096,3.80553999492193,16
-0.3401280053747361,3.7328565972004304,16
-0.4174836456998732,3.8347747001682913,16
-3.3821757990214176,1.3945565831153481,86
-3.3821757837705846,1.394556613095167,86
-3.109254091391628,1.5607177131538912,47
1.5626116482277086,-3.1877099346553046,47
1.675377172293619,-3.1262884248562655,47
1.9305593048049279,-3.0630037573545215,47
1.5256444778592368,-3.283193604088409,47
1.2490473403007307,-3.3065256141161554,47
1.342508801911578,-3.3406938370305803,47
1.4001046710205143,-3.344772047448261,47
1.3708737940933649,-3.3216840497358313,47
1.471465437083965,-3.4050669441201453,47
-2.699347316058882,2.63358377678564,38
-2.6993473160975805,2.6335837767411308,38
3.502341512959318,-1.4060602080611966,38
3.502317518521955,-1.4061266215057915,38
1.5205504573158095,-3.1073091942067927,47
1.897062740608116,-3.180433718639304,47
-3.0090775587810037,1.4193371400290204,47
1.8970581122065941,-3.18043655238911,47
-1.5441571432733625,2.575945382343598,33
-1.5758416616905027,2.6351106645011977,33
-1.5364500555490153,2.5932331883291204,33
-1.5041285029525706,2.6269817603436603,33
-1.621319164405776,2.520364304563919,33
-1.4178593127121726,2.6291786088898275,33
-1.4092737142050478,2.791436464100248,33
-1.4999893129162654,2.6039992490721744,33
-1.4292665133052973,2.7966623132930786,33
-1.5528750850335578,2.6627675295420157,33
-3.465769483156463,1.439502824133079,86
-3.4657701019254454,1.439501484970114,86
-0.21216374236099272,3.5865842597556523,15
-0.1942306830631573,3.532550704524357,15
-0.15890896583589575,3.5216397610149808,15
-0.08668071326104283,3.5392906241840545,15
-0.2843509964235375,3.5170895122752164,15
-0.07709463165382988,3.595269315430403,15
-0.03456422459001943,3.6547780119715196,15
-0.09581325862959394,3.584119722223126,15
-0.08433264939223395,3.63170315124089,15
-0.18402868403813238,3.6162562539984338,15
-3.63570099667997,0.6611619033296974,86
-3.635881515560087,0.6603956539456839,86
-1.8580290214492494,3.1474322150503853,18
-1.8761787889676746,3.1413313756335386,18
-1.8365537052187668,3.079137402035341,18
-1.8635486361874691,3.2117201410405145,18
-1.870780211282294,3.1059676204863207,18
-1.7280037001980213,3.2219682773959755,18
-1.7233821521819277,3.25462652823196,18
-1.7488918914204943,3.1448025934148114,18
-1.7445620324189484,3.3057030852545046,18
-1.770187258678859,3.1806648288024792,18
-3.3655198266057877,1.7520396338593847,86
-3.365519826625433,1.7520396338245896,86
-1.1605443538337314,3.6632919373001354,18
-1.1754466665821421,3.5985006099605963,18
-1.141042505530451,3.6061823032684552,18
-1.094875309403254,3.6106574084152663,18
-1.105444703896557,3.5756572523103793,18
-1.0776940878402945,3.6657152466933876,18
-1.0303557208552028,3.7601094135179842,18
-1.0964844798348825,3.747096063608134,18
-1.0129103591646602,3.7395552522459137,18
-1.0824647009264043,3.7501566256626235,18
-3.426403500694012,1.3847851415528392,86
-3.426403500847543,1.3847851412320038,86
-0.539467079918593,3.0437565193998406,31
-0.6527993558044018,2.9844389751056477,31
-0.5894665506698831,2.9434279698566614,31
-0.5622973697482616,2.989148199656376,31
-0.7317572619915071,2.955199207988345,31
-0.4944267981840502,3.065724680005768,31
-0.5832405960129086,3.1296596115930773,31
-0.5533280814716302,2.996258715078714,31
-0.6087036732948796,3.084117521773022,31
-0.6973568235298386,3.0075586625189104,31
-3.3622481248765537,1.4817330687685641,86
-3.3622479315614937,1.4817334651878618,86
0.44056137091756625,3.579592916786768,16
0.36840999670498664,3.53539555836692,16
0.3820588165798146,3.500468222587571,16
0.3794537707945882,3.535204606134133,16
0.2847131689612779,3.5543207526593124,16
0.44673425012321916,3.5627729743272756,16
0.46662970404302717,3.691885269600528,16
0.42853754818413015,3.578586887897743,16
0.42676442661486463,3.650239723095438,16
0.33728640648801433,3.606381250876041,16
-3.7030143114540857,0.7718326858765852,86
-3.7031433398480185,0.771327515220375,86
-1.2438719955384927,3.300756892263293,18
-1.2188426351598756,3.277196298568362,18
-1.1959265874484315,3.249576953470006,18
-1.1762750969378282,3.2848255182578177,18
-1.2738932374746241,3.2600020066280773,18
-1.1544915778287579,3.3295900071144824,18
-1.174184580280033,3.399482952259972,18
-1.1611095400053493,3.296621933267276,18
-1.1881817403800212,3.377305535405081,18
-1.2164733263023306,3.3336376022295453,18
-3.426809106935212,1.6310671589830157,86
-3.4268091069380673,1.6310671589777375,86
-0.39888796885893446,3.738722834567157,16
-0.43014035609472956,3.7094709697504666,16
-0.40719584188372737,3.690343265657454,16
-0.4007136054456347,3.6618767135370947,16
-0.432983968391076,3.685533172209664,16
-0.40361695375180406,3.740508203975423,16
-0.40696780525961573,3.8510734480070563,16
-0.433970756750851,3.8448921401521305,16
-0.3917620508665198,3.7776799936674266,16
-0.48713453815620406,3.8579565175422244,16
-3.4268811564750394,1.3556369526780452,86
-3.42688115493368,1.3556369558848753,86
1.7942129043285648,-2.9861039357099974,47
1.8194725634988704,-2.962424401949799,47
1.8523806243392276,-2.936685030339811,47
1.967791765859621,-2.919438685791339,47
1.7655415327068185,-3.1092078763620075,47
1.282373106000206,-3.1920368876460827,47
-3.193967560602794,1.3137792308655847,47
1.4398909492991725,-3.224504910232278,47
1.4513207151255247,-3.2425023173410663,47
1.5891340338873001,-3.30297906906137,47
3.4650924361241056,-1.6267563580458144,38
3.4650924671859737,-1.626756292177909,38
-2.7242307540020665,2.470174642247422,38
3.444274094448116,-1.5362667328236692,38
1.7439053868457355,-2.932672408184783,47
-3.225409816654824,1.3632769729539083,47
1.7439435323844572,-2.9326525640993393,47
2.011763620275513,-3.056524907742666,47
-3.170382319032684,-0.2361860240171589,80
-3.2078415760053844,-0.24448838011261317,80
-3.1648665685974273,-0.20460591108414924,80
-3.216784860488449,-0.2564079349578328,80
-3.170382319032431,-0.23618602402205185,80
-3.2078415760053045,-0.24448838011623206,80
-3.164866568596913,-0.2046059110968077,80
-3.216784860487329,-0.2564079349895006,80
-0.339563448863066,1.311396688151224,32
-0.40358738261076677,1.359096514503645,32
-0.34761933248277327,1.3121174409504202,32
-0.40946445246088553,1.4136134944907526,32
-0.3387454973544181,1.269324304409545,32
-0.30993578768621316,1.3316578203628535,32
-0.346509789109532,1.416814833105809,32
-0.3195570650964993,1.2994250631896862,32
-0.4420474298911368,1.4904935743104069,32
-0.3242970657087484,1.2790556187452824,32
-3.2389022921410318,-0.14455140702088162,80
-3.1964414146340276,-0.3232051155400667,80
-3.152272467278664,-0.26101164694514245,80
-3.182336299863264,-0.1835375898493778,80
-3.145958452310252,-0.26932511017545047,80
-3.238902292139106,-0.144551407156066,80
-3.1964414146341955,-0.3232051155375127,80
-3.1522724672787032,-0.2610116469441296,80
-3.182336299863402,-0.18353758984524954,80
-3.1459584523103126,-0.26932511017396765,80
-3.250059013727088,-0.9234100941825052,80
-3.1380022390387556,-0.9187143137069255,80
-3.133449241374467,-0.920306595142914,80
-3.1708907712176786,-0.8914333514192856,80
-3.2500590136644245,-0.9234100943886119,80
-3.1380022390407274,-0.9187143137006203,80
-3.133449241714323,-0.9203065940934866,80
-3.170890771294934,-0.8914333511602665,80
0.7462742647592879,1.961369477316243,15
0.6743504873383835,1.8902695951996746,15
0.6898606089134299,1.8027602327130692,15
0.7424186591472812,2.0247815871428636,15
0.7464270440575278,1.8604324753842039,15
0.7518660253892168,1.9443707386944107,15
0.8267133345169725,1.971390251595692,15
0.8167664660075832,1.8289312918376717,15
0.8095085117159483,2.047470993671491,15
0.7972067027815392,1.8109021052266623,15
-3.2393164623608417,-0.8718573914375402,80
-3.274220784538454,-1.0041030945733314,80
-3.139733847845534,-0.9451176321605473,80
-3.1779485788107786,-0.9403794409802515,80
-3.1052722730769897,-0.9771928778967771,80
-3.2393164615013963,-0.8718573944407094,80
-3.2742207848020333,-1.0041030937662112,80
-3.1397338476444165,-0.9451176327430407,80
-3.1779485789170505,-0.9403794406575926,80
-3.105272273182443,-0.9771928776181205,80
-3.2103190213370354,0.6886590109767254,84
-3.201718417358308,0.6794104913253366,84
-3.1442766707856533,0.6974657488173606,84
-3.245259218864399,0.6741200490845409,84
-3.2103190213370287,0.6886590109767301,84
-3.2017184173583084,0.6794104913253394,84
-3.1442766707856538,0.6974657488173593,84
-3.2452592188643976,0.674120049084544,84
-1.1531053617812617,2.232179859369619,25
-1.1180451791929606,2.2817782689604447,25
-1.0992739564297118,2.2505082671471857,25
-1.1560004570790006,2.3977914206790145,25
-1.079632692119621,2.2075400494899102,25
-1.0793523327821264,2.350790555902994,25
-1.0285457091333705,2.3647412760498847,25
-1.0509471079552388,2.268614550204116,25
-1.128072556808894,2.4702089605105417,25
-0.9634030503484368,2.187482638788134,25
-3.2848463854821293,0.7137814157515159,84
-3.169597999471868,0.5900331598880724,84
-3.1004147274414575,0.6285894925043499,84
-3.11324226672386,0.7095047929138438,84
-3.101343366888899,0.6003520576252314,84
-3.284846385482132,0.7137814157515119,84
-3.1695979994717987,0.5900331598883032,84
-3.1004147274414575,0.6285894925043507,84
-3.113242266723865,0.709504792913827,84
-3.1013433668888943,0.6003520576252591,84
-3.2691299251353145,0.05614671141306516,83
-3.2451630320793954,0.04418452852860653,83
-3.2307150412418912,0.04313386966566161,83
-3.2425658743784482,0.04333070581062332,83
-3.2691299251352017,0.056146711414702594,83
-3.245163032079135,0.04418452853219366,83
-3.2307150412425285,0.04313386965654523,83
-3.242565874378484,0.043330705810226654,83
-0.27748096956180746,2.5933721390512616,21
-0.30184620636817655,2.6735543944306457,21
-0.2691872957919676,2.6739929229331723,21
-0.24037733548867468,2.7526267222441203,21
-0.22125071166574897,2.5632295793493927,21
-0.25550558633833265,2.74955496336658,21
-0.23069751206150244,2.7704344423658713,21
-0.24171350426454477,2.7593839295308236,21
-0.24067214608084492,2.7802800425123584,21
-0.2150707051970893,2.666669279217541,21
-3.3212877614586844,0.04376792637723307,83
-3.2643976642788957,-0.052326899635593775,83
-3.1952651401281957,0.020898709270215986,83
-3.2450128365632325,0.014024069730853435,83
-3.16803158721721,-0.05980732139328377,83
-3.3212877614536325,0.04376792646455348,83
-3.264397664278875,-0.05232689963466159,83
-3.1952651401303456,0.020898709240533345,83
-3.2450128365632294,0.014024069730949119,83
-3.1680315872172105,-0.05980732139302328,83
-2.908562741038612,-0.19700698180060305,78
-2.9102182727215853,-0.18155251401559055,78
-2.8966185204716357,-0.1920309996559726,78
-2.9009106171898207,-0.1722207300234527,78
-2.908562741038611,-0.19700698180060425,78
-2.910218272721585,-0.18155251401558806,78
-2.896618520471635,-0.19203099965596163,78
-2.900910617189823,-0.17222073002345462,78
-0.09284041911946597,1.8264234728948374,30
-0.09462990896576984,1.7905469051845206,30
-0.05315826185801804,1.7488562167572765,30
-0.05528556487855939,1.7369029735959431,30
-0.17209453799270075,1.653697932053547,30
-0.040142480334554295,1.8688619678796607,30
0.019564473618607338,1.9676071764044492,30
-0.027930313729340284,1.7578066021551029,30
-0.03204100604987982,1.928431064700986,30
-0.0906594830104117,1.7102615777727466,30
-3.0873070173183566,-0.11800724622795851,78
-2.9274888452933454,-0.2892503714579668,78
-2.932151868438706,-0.23091823029763245,78
-2.937175303802477,-0.18126785439288448,78
-2.958174416523649,-0.22301015598488685,78
-3.087307017318325,-0.11800724623649325,78
-2.927488845293346,-0.2892503714579722,78
-2.932151868438704,-0.23091823029764463,78
-2.9371753038024746,-0.1812678543928674,78
-2.9581744165236583,-0.22301015598464075,78
-3.140582064455945,-0.8889174385114993,77
-2.9592739522282745,-0.9143438786395143,77
-3.0467527299698136,-0.936050007965299,77
-3.040279424418949,-0.8844368792941094,77
-3.1405820644601676,-0.8889174384978139,77
-2.9592739522137848,-0.9143438786760134,77
-3.0467527299947035,-0.9360500078967995,77
-3.040279424490879,-0.8844368790952061,77
0.9492499375979608,2.4435396877943023,20
0.8801049579509848,2.3315626022377707,20
0.8645394549476558,2.2635722598750916,20
0.860020872750775,2.284947660805214,20
0.9128503443889922,2.2165072549580094,20
0.9650009024762289,2.405780985242328,20
1.0479245843790537,2.500383666155819,20
1.0228576305730313,2.3430049278741705,20
0.986653831848897,2.4569748283386295,20
1.0476317067244214,2.3375676768133467,20
-3.231414629428601,-0.8829048887897253,77
-3.24655306101619,-0.9725290416045718,77
-3.079865252506268,-0.9521583366163536,77
-3.126853041313231,-0.9247335618247942,77
-3.081389299069265,-0.9660173717723234,77
-3.231414630196966,-0.8829048860773222,77
-3.2465530607937274,-0.9725290422818691,77
-3.079865252846451,-0.9521583356710445,77
-3.126853042239529,-0.9247335588893834,77
-3.081389299461414,-0.9660173707167978,77
-2.995118842304718,0.5026840682974731,88
-3.010156499885386,0.5777012740764143,88
-2.9568974919408144,0.5271445364204462,88
-3.0597535188611014,0.5466310022382259,88
-2.995118842304666,0.5026840682980597,88
-3.0101564998853876,0.5777012740764065,88
-2.956897491940815,0.5271445364204446,88
-3.0597535188611307,0.5466310022380956,88
-0.6330308772132193,2.3361644094269307,24
-0.5980745607706648,2.284592908883188,24
-0.5947654477237554,2.3113283929694832,24
-0.577586650486668,2.298836129508827,24
-0.6310693199984224,2.2196474022967405,24
-0.579789742835909,2.411836139214385,24
-0.5556251161483075,2.447971977401048,24
-0.5451093692970709,2.3525370195578827,24
-0.6283068898471337,2.447593968799299,24
-0.5767965873415879,2.2696208333739576,24
-3.2150485925793952,0.5451546309792477,88
-2.9742698164321064,0.36590498761195694,88
-3.0037266589026905,0.5006748888652733,88
-2.962499146058462,0.5178945872640381,88
-3.0047870928106284,0.48802983009993767,88
-3.215048592579364,0.5451546309793842,88
-2.9742698164321073,0.3659049876119578,88
-3.0037266589028135,0.5006748888646158,88
-2.962499146058462,0.5178945872640361,88
-3.0047870928106373,0.48802983009988654,88
-3.184290626973274,-0.091681390581664,87
-3.0742689062261914,-0.10467186017646103,87
-3.105889157003179,-0.1408815471303648,87
-3.1283243313869176,-0.09958791697589443,87
-3.184290626973271,-0.09168139058168559,87
-3.0742689062261914,-0.10467186017645604,87
-3.1058891570031806,-0.14088154713035947,87
-3.1283243313869153,-0.09958791697594388,87
0.2027210564851309,2.84782504740044,22
0.11756957751198467,2.7962613455627823,22
0.15214097703387927,2.828140079167595,22
0.14157313967310103,2.7636080446783455,22
0.1687391645049806,2.6802965132704797,22
0.21966146935390987,2.8264996885741915,22
0.2268340267028561,2.8386596804498287,22
0.21418806432105872,2.87634688908935,22
0.17898980553711763,2.7830207289894133,22
0.20113850554238286,2.801044598217177,22
-3.3836461019754123,-0.13723886617777706,87
-3.18501805792166,-0.24008970266764842,87
-3.107972132101364,-0.16690481955962486,87
-3.1237603982886495,-0.16831373265796298,87
-3.0848102179671306,-0.20181813476521937,87
-3.3836461019747963,-0.1372388662427475,87
-3.1850180579216594,-0.24008970266764496,87
-3.1079721321013705,-0.1669048195594462,87
-3.1237603982886486,-0.1683137326580033,87
-3.084810217967131,-0.20181813476523058,87
-2.1818311088781117,1.9700772923149856,38
3.070632538978165,-1.1818144381484932,38
-2.2579641288103534,2.126580811668114,38
3.03103820227982,-1.1077022895620756,38
2.9622169229936253,-1.2191166080756817,38
3.070632538977871,-1.1818144381491649,38
3.0783655150011278,-1.206519334497669,38
3.031038202279872,-1.107702289561973,38
1.4861503683349329,-2.255724020176943,50
1.4234793544988926,-2.32106234323349,50
1.5221940261599685,-2.181708272247165,50
1.5651002008726196,-2.248259313365195,50
1.4171664056219968,-2.537112930238749,50
1.2700993790664201,-2.50297003588354,50
1.1840189499449845,-2.551202137765739,50
1.2321889650660878,-2.4872365204973303,50
1.1989517425023533,-2.6077645024262868,50
1.2431780985727774,-2.739672589343233,50
3.2468563915962374,-1.107991563106819,38
3.1956845874926993,-1.1358111815604983,38
3.1296129316275425,-1.176422095991819,38
3.103490358539062,-1.1148748950135714,38
3.0570207704456065,-1.116281887477489,38
3.2468563915961064,-1.1079915631071748,38
3.1956845874847595,-1.135811181581376,38
3.1296129316262045,-1.1764220959952776,38
3.1034903585390907,-1.1148748950135055,38
3.057020770445615,-1.1162818874774778,38
3.2091344101990686,-1.0836990646630593,38
3.004093374352413,-1.0567375092102045,38
3.116736314110783,-1.1067262293464804,38
3.24726931136349,-1.0520472891716783,38
3.1491833545741064,-1.07502158274284,38
3.209134410199068,-1.083699064663061,38
3.004093374352413,-1.056737509210205,38
3.1167363141107827,-1.1067262293464804,38
3.247269311363491,-1.0520472891716737,38
3.149183354574104,-1.0750215827428407,38
1.3760180929700896,-2.2244393637000806,50
1.6073692269263613,-2.5322563264757147,50
1.3384458859235582,-2.2341798321812982,50
1.6242686999800124,-2.445338952615534,50
1.3335946894735125,-2.287559722376023,50
1.601990305198419,-2.4528359217644975,50
1.3027064699928357,-2.193742884887013,50
1.5870100609503812,-2.448342103785015,50
1.3591996369907453,-2.2204014519802673,50
1.598490499325164,-2.574928867409363,50
1.3760180929908785,-2.2244393636841115,50
1.607369226946733,-2.5322563264620714,50
1.3384458859172723,-2.234179832186408,50
1.624268699962228,-2.445338952628432,50
1.3335946894908488,-2.2875597223628605,50
1.6019903051661852,-2.4528359217873277,50
1.3027064700668864,-2.1937428848227727,50
1.5870100609252407,-2.4483421038028927,50
1.3591996369903865,-2.220401451980554,50
1.5984904980659569,-2.574928868214296,50
-1.681320651314269,2.3697920426810786,33
-1.7545916536542359,2.4042825689250793,33
-1.6967241629339214,2.3835609954453787,33
-1.6377863571701614,2.3828213569847847,33
-1.788128237439972,2.347785623317573,33
-1.5913864696062188,2.230858530738972,33
-1.659337568799014,2.415483491511444,33
-1.6592042926658548,2.2987595626546233,33
-1.6207952557480823,2.375412844527974,33
-1.7413483283238396,2.3966999879248347,33
-3.5148764838272935,1.5356431005026032,86
-3.514875967679547,1.5356441367703009,86
-0.4852369727386898,3.5074518618579424,15
-0.5869639957432137,3.4734496311461456,15
-0.46984036077259866,3.475406888686695,15
-0.39058513140300366,3.493314278528567,15
-0.6419617628739303,3.4676899187162165,15
-0.5333920513933907,3.3901884534024025,15
-0.41644018948632483,3.5143108376291283,15
-0.48960403145803816,3.4391154896669676,15
-0.43776526380014763,3.476217059399143,15
0.31299035839625594,-2.913897387425917,15
-3.662901071921163,0.7664650030029546,86
-3.6621422341473875,0.7694009449630127,86
-1.941677378739483,2.9469845410758193,18
-2.015441877714253,2.9023120387072625,18
-1.953188532204346,2.9237056054447352,18
-1.9600585978929483,2.9848513167218282,18
-1.9825868490570497,2.9334373273891345,18
-1.8514781406001088,2.922609202880446,18
-1.9094821494634966,3.007106077420669,18
-1.886648306118825,2.907730833277993,18
-1.8838042586355777,3.013216041313957,18
-1.9381223103567835,2.9906908842969844,18
-3.4010551384468366,1.9547405223853336,86
-3.401055138446233,1.9547405223863081,86
-1.4927790917881427,3.480345809087593,18
-1.578543384183775,3.4485646377401302,18
-1.5289857955113044,3.483218831540724,18
-1.4655472012343158,3.476492387228603,18
-1.509523824430398,3.435952235322412,18
-1.4663791915552953,3.4810838974174803,18
-1.4858068092995849,3.5394003031520147,18
-1.4982858173712195,3.5709524342906773,18
-1.4707939086003832,3.4830498945275905,18
-1.5501467839774843,3.5784971210699235,18
3.1296427839400924,-0.4025642192264751,86
3.1296427837415437,-0.402564219441987,86
-0.8927328237176565,2.7674654822768603,31
-1.0039705355279391,2.5679634503312445,31
-0.890374016622309,2.6489392525782747,31
-0.8710931122394672,2.6338213177663503,31
-1.1098912513680403,2.5507915877909237,31
-0.8760890249130099,2.592402299977597,31
-0.9332923096748849,2.757268929560325,31
-0.8969614279002608,2.558487945696789,31
-0.922116179106489,2.6505889342698787,31
-1.0558704178543077,2.5984206779721752,31
-3.3944847863812444,1.5276202252155675,86
-3.3941019210460714,1.528369663632788,86
0.12819692668066482,3.403723215059722,16
0.04578824671798534,3.3649753194067284,16
0.0784784473799315,3.373888590961574,16
0.09420221072934952,3.3455436701596377,16
-0.04349418402077713,3.350700126261369,16
0.061672639365144,3.268209438683188,16
0.09582561903336625,3.4408282796903995,16
0.06800893504731097,3.333875609667997,16
0.06686564211405276,3.3443501038963976,16
-0.023785963071769937,3.34642570390048,16
-3.765838040519937,0.7564990449717536,86
-3.773443372646482,0.7248311691755827,86
-1.4236481044474811,3.112907422518394,18
-1.5266601280897378,2.983349065108396,18
-1.4269971371446684,3.0454704493440246,18
-1.4469345421953248,3.050175076740998,18
-1.5362592962627346,3.0345312547848544,18
-1.4074107337488664,3.0236786846283543,18
-1.5003082807151555,3.102871616880955,18
-1.428722815229736,2.9971899089485383,18
-1.4812511114024,3.0720868749561525,18
-1.5350071762920026,3.008130015587403,18
-3.4800224733300857,1.843081265490973,86
-3.4800225061501435,1.8430812081556318,86
-0.7706234864182627,-2.9998391354878184,16
-0.8318865168431118,3.500646923708345,16
-0.7951970233381179,3.576950400067698,16
-0.7678425483118546,3.5072474322781932,16
-0.8117122160930671,3.50636491656246,16
-0.7554614742853684,3.527861658492877,16
-0.8274634520713342,3.59645147751109,16
-0.7986034131879461,3.615153831378835,16
-0.8201279030108077,3.5177082613569777,16
-0.8979941386218043,3.579839313212321,16
-3.4230567382209456,1.4743162251322603,86
-3.423056755476362,1.4743161880621918,86
1.580797761481127,-3.1646513060963186,47
-2.9850299514330336,1.5372995757015049,47
-3.003967808485916,1.506340782337829,47
1.9389927151137518,-2.96063096593435,47
1.587885498323972,-3.1341443117213763,47
1.298066556174913,-3.262235865621774,47
1.3104373710243538,-3.2197468817976764,47
1.478957408133608,-3.2568653333492383,47
1.3462800946290756,-3.233974166254101,47
1.43949613715938,-3.273746918161295,47
3.5792332160420353,-1.6814220198259067,38
3.5792333970053636,-1.6814216360582528,38
3.604899917951961,-1.6655018203815026,38
3.604900002402138,-1.6655016384387114,38
1.397380667806892,-3.1461561203708834,47
1.842479551487239,-3.1034282474992083,47
1.397337291970483,-3.146171499231231,47
1.842496609778226,-3.1034183103215773,47
-1.6925652979964951,2.3958286011289407,33
-1.791432355463785,2.4459500937087775,33
-1.7342564452270746,2.4487424465451797,33
-1.6761240310231083,2.4468026587083838,33
-1.7958370529345675,2.373578163730619,33
-1.6222705724224922,2.3152780486978197,33
-1.7023315074685914,2.513479386293816,33
-1.704008710086034,2.408479098872169,33
-1.6861676447562792,2.489661199854402,33
-1.794299492193561,2.467694374767094,33
-3.515461126008509,1.5551409431344936,86
-3.5154610576360756,1.5551410786499198,86
-0.4934065071687468,3.577380330021835,15
-0.6278232676010481,3.490427882931864,15
-0.5157677187713229,3.521493932906238,15
-0.43092431690492444,3.509659110836754,15
-0.6560094204327267,3.507686518752752,15
-0.5774631031701086,3.4422480562135447,15
-0.4973006434729319,3.540066614620825,15
-0.581869545379704,3.4744912279160776,15
-0.5094610819818722,3.5159256996009502,15
-0.6621953508183174,3.50031757865582,15
-3.684347352047112,0.6946117982822534,86
3.1407581017855892,-0.6507860590562631,86
-1.9627008371436103,3.034034854544207,18
-2.022611358060381,2.9893214927990606,18
-1.9684920843675542,3.01076700293627,18
-1.9635800877070575,3.017336427102724,18
-2.0067743781341703,2.9873793231153822,18
-1.87249772502971,3.003315646249782,18
-1.922314187280208,3.0921182924785975,18
-1.912335520903652,3.0141585013563152,18
-1.9146344349664175,3.1062503828363615,18
-1.957992085136478,3.085223468682748,18
-3.460112538943635,1.923827054971266,86
-3.4601125392614103,1.9238270544435294,86
-1.509540679181551,3.5085959483872746,18
-1.5946352143280538,3.4663753576324656,18
-1.535356852420687,3.50886511175427,18
-1.4818640159282754,3.47652900452721,18
-1.5338238426541744,3.448045158711814,18
-1.4912131939419646,3.4825622087933623,18
-1.5161170238158104,3.5564292944563216,18
-1.5317929994212875,3.5928959109190677,18
-1.5076497351680338,3.4976094311702286,18
-1.5736678933399557,3.586206374688003,18
-3.422298670800347,1.4881675092361206,86
-3.4222986748972226,1.4881675003984873,86
-0.941538989602165,2.8199959245795028,31
-1.0350479053936181,2.6630523440413953,31
-0.9429975909169841,2.734608967957836,31
-0.9208422259537447,2.6853971564271313,31
-1.14274945696519,2.6206116069290886,31
-0.9173329491124376,2.737555464191245,31
-0.9876864803947653,2.8364263221524486,31
-0.9661029602770083,2.687911102459232,31
-0.9887320071394513,2.7358651513872174,31
-1.1122344256626953,2.719940370710637,31
-3.4271326085728813,1.5283235580996144,86
-3.4267154431232485,1.5291306935250002,86
0.05701275605634099,3.423988028262069,16
-0.02801937950873066,3.3906474292746402,16
0.005832706156775392,3.3893653362522316,16
0.036083422807229905,3.3580420852371233,16
-0.12224514128329887,3.365061815582035,16
-0.01875189501414447,3.319830290182662,16
-0.006885308678637387,3.4755394291091837,16
-0.02340097708626566,3.3871890827712616,16
-0.028147977862725267,3.386527997727627,16
-0.12037284277516319,3.3963413353109924,16
-3.7787462105831704,0.679845964598841,86
-3.778742266221703,0.6798637831935862,86
-1.4462397535143472,3.1727896623465384,18
-1.5329232362941638,3.0531817492916793,18
-1.4414105320642256,3.107225237448966,18
-1.457001278790005,3.0769296227002747,18
-1.5658330466336257,3.049111781682839,18
-1.437626465936599,3.0914136495209203,18
-1.5141613540101568,3.1647403711274285,18
-1.4555002895332236,3.061100200763406,18
-1.5107665412255875,3.1091850882782497,18
-1.5564313486772625,3.0879083153725824,18
-3.5325456234629615,1.793497844265676,86
-3.5325456228178616,1.7934978454396724,86
-0.7685643295957519,3.6000918290003763,16
-0.8689446214126476,3.5232699758036223,16
-0.8254420486462802,3.590537953811203,16
-0.8039742141523537,3.514819597050721,16
-0.8724220555112634,3.503510758035409,16
-0.8134045975239292,3.5459757458462065,16
-0.8822913038083696,3.60344775545138,16
-0.8651074339750008,3.6361704843864557,16
-0.8779964605985846,3.521360752164032,16
-0.9630784430485874,3.5890492997080856,16
-3.474089375411819,1.4047979087569593,86
-3.474089379037345,1.4047979008346996,86
1.7365472272615872,-3.007429557334956,47
1.8114487628297518,-2.883853517802215,47
1.8206878783911402,-2.9064674070730736,47
1.945721409182733,-2.8174434199467724,47
1.7520368831167243,-2.947934943397536,47
1.3387256984573728,-3.156561670344025,47
1.341171123189907,-3.1217166056920074,47
1.5445146652194663,-3.107530703723767,47
1.3931765522667925,-3.118482281816015,47
1.429314626776421,-3.1341713298014633,47
3.5445522541593273,-1.7529136033906818,38
3.544552203843016,-1.7529137063897655,38
-3.0300179858547995,2.4466042212022994,38
3.5610435423577687,-1.74796742591521,38
1.396019836732256,-3.0296815818540472,47
1.906178584698596,-2.988182014098536,47
-2.9449160977484907,1.1804014678470915,47
1.9061787396347565,-2.9881819233867035,47
-3.145261904895634,0.052874784604452524,80
-3.2015854542498996,0.02845592796686807,80
-3.1243049887497634,0.09859474380709993,80
-3.2090449669858536,0.035860638362362134,80
-3.1452619053623887,0.0528747785238708,80
-3.2015854542865427,0.028455926964345866,80
-3.1243049876774216,0.09859475768778904,80
-3.2090449669872347,0.035860638341339755,80
-0.624706250083656,1.3301949324515936,32
-0.6962846349270708,1.3648224263969462,32
-0.6788463873842521,1.373440514288321,32
-0.6447650960947331,1.389760326465969,32
-0.6098833990693847,1.2623055034813837,32
-0.5690577660422524,1.3246779735490877,32
-0.6436539300755908,1.400782848762184,32
-0.6147988114110078,1.338270132169045,32
-0.6961947004267844,1.4584945501516415,32
-0.6240314389980927,1.3078193441956683,32
-3.2506165767344117,0.18855177011312807,80
-3.106607749147017,-0.030930291054050037,80
-3.143132609668911,0.03016965859147149,80
-3.162557644785586,0.12853202198176567,80
-3.134413484720473,0.027615643293880974,80
-3.250616575922926,0.18855177612982055,80
-3.1066077491287585,-0.030930290555566217,80
-3.143132610311249,0.03016964840509775,80
-3.16255764592642,0.1285320078133129,80
-3.1344134838970543,0.02761565823904367,80
-3.2986389583011655,-0.7118079558460297,80
-3.2480775647423497,-0.701458306077114,80
-3.1875525740599064,-0.6486420944672969,80
-3.2389944212981154,-0.6911841399670612,80
-3.2986389581907667,-0.7118079563558469,80
-3.248077564690404,-0.7014583063011106,80
-3.1875525742587403,-0.6486420935359253,80
-3.2389944211170083,-0.6911841407641879,80
0.4093652597801414,1.957731661291453,15
0.2499123101202157,1.8519234660010446,15
0.32932613242923925,1.90496410298698,15
0.32920036001528447,2.045108404249593,15
0.3573891763875805,1.9045944451813952,15
0.3693218129890344,1.9323063169429244,15
0.33961472116754576,2.0028457593533897,15
0.37286210746315257,1.8461427634667655,15
0.3356529196042456,2.0946571440790547,15
0.2991595293039144,1.8367020569129477,15
-3.3591001596434613,-0.6600195269387406,80
-3.3019960707467626,-0.7630762171034581,80
-3.1946942420707076,-0.716146097524056,80
-3.2348958486111234,-0.6304516667622279,80
-3.1504363763861662,-0.7334321571277865,80
-3.359100181171701,-0.6600194117022848,80
-3.301996069411379,-0.763076222869846,80
-3.194694242650086,-0.7161460950637443,80
-3.234895848800795,-0.6304516658109376,80
-3.150436376281412,-0.7334321575572682,80
-3.173415949742102,0.9141490390574045,84
-3.1914888097749015,0.8948558041226452,84
-3.1300608729860935,0.9357061778768232,84
-3.242619212836872,0.8921392927358672,84
-3.173415949742101,0.9141490390574042,84
-3.1914888097749006,0.8948558041226453,84
-3.1300608729860935,0.9357061778768216,84
-3.242619212836873,0.8921392927358657,84
-1.361666317858313,2.1767323013439266,25
-1.358234812049712,2.2060485484753047,25
-1.3518631607708473,2.2012815401254304,25
-1.3606633712796647,2.3008855990290313,25
-1.3358159325218344,2.1578714741555296,25
-1.3088592068857352,2.24033813642542,25
-1.281955921932734,2.249078687681693,25
-1.3035963756017626,2.1924792041657843,25
-1.3251104875022963,2.3268375625370985,25
-1.2568927787894777,2.160450472080561,25
-3.2808933320444034,0.9212346470563259,84
-3.080932772478349,0.8260666929373399,84
-3.08475753868453,0.879236346964504,84
-3.0957817495148308,0.9457648610706176,84
-3.063839074650012,0.8619758097617908,84
-3.2808933320444784,0.921234647056145,84
-3.0809327724783477,0.826066692937339,84
-3.084757538684531,0.8792363469645036,84
-3.09578174951483,0.9457648610706176,84
-3.063839074650013,0.8619758097617908,84
-3.2740824224163507,0.31159600290441614,83
-3.232370731075384,0.32778675429405485,83
-3.216143290730965,0.3476954161251765,83
-3.219042962800683,0.3220980019153996,83
-3.27408242241633,0.3115960029045785,83
-3.23237073107523,0.3277867542949935,83
-3.2161432907309444,0.34769541612529886,83
-3.2190429628007537,0.3220980019150416,83
-0.6864914018785726,2.634949015423252,21
-0.7066065033702665,2.715534028569659,21
-0.7073493695041168,2.733000068652441,21
-0.6569343865127992,2.763286761801366,21
-0.6412433133188996,2.565055431115696,21
-0.6632793392147753,2.6427607981140837,21
-0.6510812286127543,2.768822608117975,21
-0.6479903094657389,2.7738244220004296,21
-0.6679065692033515,2.779584309239337,21
-0.6409764759361296,2.7228525234320653,21
-3.3637835936981633,0.29550927955031486,83
-3.214507907010214,0.2551533119076329,83
-3.207318735814002,0.34572558848795054,83
-3.229848518270634,0.35740004937504016,83
-3.1454973603200678,0.2985780526347352,83
-3.363783593689134,0.2955092796288315,83
-3.21450790701021,0.2551533119076425,83
-3.207318735813998,0.3457255884879944,83
-3.229848518270416,0.35740004937647296,83
-3.145497360320068,0.29857805263473974,83
-3.0098991603056513,0.15938028492303952,78
-2.9969757898326437,0.0778033619650566,78
-2.9973015925835975,0.10494439984661368,78
-3.007645978700654,0.12327660333128848,78
-3.0098991602688074,0.15938028522998465,78
-2.996975789834468,0.0778033619104566,78
-2.997301592588559,0.10494439976763459,78
-3.0076459787891663,0.12327660240910338,78
-0.35396163454444984,1.6714262885271378,30
-0.4107675161795466,1.6357907569896053,30
-0.3471404754214984,1.64121292279533,30
-0.3489149073806058,1.5921206493710927,30
-0.4525367110901731,1.538545173147841,30
-0.31502438827585394,1.6740865624864791,30
-0.4445909027366723,1.7942574436943053,30
-0.3906573913153406,1.6541169308037154,30
-0.45848026772368866,1.759971857415676,30
-0.46439863032429574,1.6578480650527332,30
-3.2127811974584173,0.2651097727603301,78
-3.0025650886601243,0.014332835457553645,78
-2.9828550422727806,0.03719583329827027,78
-2.9872150131723942,0.1301527957381315,78
-3.0012740855172084,0.06629358647535882,78
-3.2127811969561115,0.2651097759928282,78
-3.0025650886603086,0.014332835605307181,78
-2.9828550422726976,0.037195833260540045,78
-2.98721501245279,0.13015280338091623,78
-3.0012740855384057,0.06629358561384034,78
-3.2234978039001656,-0.6493147465895079,77
-3.08976769096403,-0.6811959390907696,77
-3.1789337028358684,-0.6814308745971395,77
-3.0903497366627026,-0.6483971095020346,77
-3.223497803204243,-0.6493147497102923,77
-3.0897676909685465,-0.6811959390714859,77
-3.1789337023067614,-0.6814308769736585,77
-3.090349737073489,-0.6483971076110888,77
0.5725348662836371,2.1218202815434375,20
0.48799953979460897,2.0893906742757378,20
0.4891254551543762,2.0279423670749113,20
0.5076667045569895,2.074532288860438,20
0.4954152121030417,1.9918219210889088,20
0.5158008732166726,2.011301139744106,20
0.6412438468582817,2.244972408449753,20
0.5931013477594228,2.0496009931689554,20
0.5682683782644984,2.1779301434031786,20
0.5262888893320926,2.0655413300784744,20
-3.3500761567734805,-0.5644321271183375,77
-3.267240378965538,-0.7524892986444418,77
-3.199018753148434,-0.7660935094972414,77
-3.238996090070212,-0.6686757502372358,77
-3.1795004900334334,-0.7465730335415667,77
-3.3500761586833288,-0.5644321139182608,77
-3.2672403823478016,-0.7524892845349345,77
-3.1990187532868632,-0.7660935089613528,77
-3.2389960908143896,-0.6686757467743656,77
-3.1795004894657466,-0.7465730358364485,77
-3.102743281645457,0.7801319791882012,88
-3.10841033723281,0.7809920681517831,88
-3.0629416477711215,0.7929815104860498,88
-3.1445227284096,0.7749570205759415,88
-3.1027432816454565,0.7801319791882015,88
-3.1084103372328062,0.7809920681517853,88
-3.062941647771121,0.7929815104860493,88
-3.144522728409601,0.7749570205759403,88
-0.9032271750330277,2.1876245261510356,24
-0.9016983710403865,2.1763541089378036,24
-0.8802601352819485,2.176918713506763,24
-0.8292829177314838,2.1607496019107346,24
-0.9139711960087781,2.088685998621866,24
-0.856890091382741,2.2718594933417786,24
-0.8542506606162867,2.2825224215064432,24
-0.830299933939804,2.2019439413791306,24
-0.8981551857032068,2.2838338972890058,24
-0.8756243889304605,2.1215437826260346,24
-3.3398580142574077,0.871654553420829,88
-3.017521060929391,0.6644155776028453,88
-3.1061191145801494,0.748129167317381,88
-3.0582562229951344,0.7952011505773047,88
-3.1098533225093012,0.7786735671510003,88
-3.3398580142573646,0.8716545534209555,88
-3.0175210609293903,0.664415577602846,88
-3.1061191145801503,0.7481291673173815,88
-3.0582562229951344,0.7952011505773026,88
-3.1098533225092977,0.77867356715101,88
-3.1949013990658672,0.16196539811569396,87
-3.142596963437782,0.14478203948530385,87
-3.1344022866402117,0.12314841600698934,87
-3.1503645971296033,0.1356428616640592,87
-3.1949013990658486,0.16196539811578306,87
-3.142596963437785,0.14478203948527923,87
-3.1344022866401833,0.12314841600718453,87
-3.1503645971294945,0.13564286166487863,87
-0.12296206030977201,2.7493090314567983,22
-0.23125420313834516,2.672890282570808,22
-0.1754609463733786,2.7173912327662904,22
-0.19627648190295965,2.6731823179379504,22
-0.1954188648241124,2.544059876620263,22
-0.14742767716887303,2.688639565396481,22
-0.14960289487423606,2.7197480447312263,22
-0.13380449581450796,2.787276120914563,22
-0.1923393430484353,2.675376439476576,22
-0.21534090289233848,2.7117237918670187,22
-3.4485806410988435,0.22668081966547168,87
-3.160928123634238,0.02326346268986228,87
-3.1761121620233808,0.07819369369768159,87
-3.1612546819341283,0.09140862660893224,87
-3.1082430464928446,0.12377223646681852,87
-3.448580641096761,0.2266808196929341,87
-3.1609281236349314,0.023263462674547465,87
-3.1761121619982275,0.07819369396024646,87
-3.161254681921178,0.09140862675095833,87
-3.1082430464900597,0.12377223649174385,87
2.861411219041785,-1.4560600964105028,38
2.912225341852694,-1.3918654758918383,38
2.9491136632812007,-1.4136712360950097,38
2.96027523666812,-1.4084053330192183,38
2.8614112190436614,-1.4560600964029575,38
2.912225341880189,-1.3918654757911788,38
2.949113663281676,-1.413671236093034,38
2.9602752266312153,-1.4084053741654157,38
1.3573983550242563,-2.3657152920690763,50
1.3299522365711167,-2.3304234717885173,50
1.4120992939597614,-2.261046082233334,50
1.4532684589737508,-2.2897624115677435,50
1.3495653734190702,-2.5521297507435463,50
1.2072416127665757,-2.419328473796599,50
1.1526710756941538,-2.4725686660715387,50
1.2328360548035875,-2.424387226209642,50
1.1840204201035294,-2.4778712555316336,50
1.2185922610660191,-2.636850585127701,50
3.1015602035115664,-1.1136811444541774,38
3.012931515993881,-1.4606079432375931,38
2.9724198055286046,-1.3469675088435917,38
3.010000000040034,-1.361686274167128,38
-2.6792500059295206,1.9568711836506836,38
3.1015602038473657,-1.113681143740484,38
-2.666622146746848,1.9394147417259864,38
2.972419804299817,-1.3469675132168517,38
-2.6130827081080517,1.9740361618634905,38
3.0139634994631295,-1.470785050883633,38
3.059729811872372,-1.1056743834859484,38
2.8653264213142995,-1.1545207767061392,38
2.9740694121122466,-1.1511277202145913,38
3.129501555179925,-1.0864312271143555,38
3.003794863404604,-1.1530259403548433,38
3.059729811854603,-1.1056743835218397,38
2.8653264213142964,-1.1545207767061483,38
2.974069412112242,-1.1511277202145995,38
3.1295015551799152,-1.086431227114375,38
3.0037948634046714,-1.1530259403546927,38
1.3577113270316474,-2.3518489686794,50
1.5664379059939681,-2.4953059186837194,50
1.343950088459575,-2.2773736207312356,50
1.5894927179433658,-2.208268502780286,50
1.3086869488467756,-2.2838098091034578,50
1.5226805438975286,-2.3498797315443523,50
1.2760138137362285,-2.2211272391953734,50
1.5491294077758073,-2.29869758141416,50
1.3573630353194306,-2.2495074728767945,50
1.5034806702294947,-2.3940027401150474,50
1.3577113270121346,-2.351848968693523,50
1.5664379061308589,-2.495305918592847,50
1.3439500883509743,-2.277373620814642,50
1.5894927179572327,-2.208268502768668,50
1.3086869488382327,-2.283809809110111,50
1.5226805451758678,-2.3498797306191848,50
1.2760138137328334,-2.221127239198349,50
1.5491294078570617,-2.2986975813507673,50
1.3573630353429686,-2.249507472858716,50
1.5034806698966983,-2.3940027403453783,50
-1.4642433598696443,2.200462078483635,33
-1.4738073324115426,2.1257629331012637,33
-1.4365865538809894,2.2040967253295016,33
-1.351521714213942,2.146279739382708,33
-1.3415477327609295,2.024523536501645,33
-1.4880296695930857,2.2530722540911823,33
-1.4258374164215022,2.1528826102810257,33
-1.490056568381603,2.157047896072894,33
-1.4612665399299696,2.208137446830927,33
-1.40759332913643,1.9837922212968746,33
-3.5700041262144055,-0.01715972083445394,80
-3.5700041257172295,-0.017159702731629055,80
-3.602640947223552,0.11350481661658905,80
-3.602640945266746,0.11350486183565461,80
-1.3400729987243685,1.8647343226570503,33
-1.1300453629120384,1.6198875686196395,33
-1.340072998724368,1.8647343226570499,33
-1.1300453629120382,1.6198875686196401,33
0.0010688059514797777,2.831552215390049,15
-0.11473469199666407,2.7245792794609827,15
-0.022362490710684305,2.8209712036329213,15
-0.03123893362644966,2.8018657816707018,15
-0.06723006849437159,2.702813631905754,15
-0.044816990235638336,2.637496430637756,15
-0.05753729234946054,2.6405497491899004,15
-0.12030886351364892,2.5748094344642745,15
-0.07977905030113172,2.657724698965388,15
-0.22310455137402746,2.4597343615875764,15
-3.4452984263033106,-0.7075835243562018,80
-3.4452984282258274,-0.7075835142071204,80
-1.8433890094454117,2.834069479151259,25
-1.8171406210348906,2.7693922751767635,25
-1.8083417976467535,2.862142583366006,25
-1.7715874995822836,2.8106375993620203,25
-1.7802447407051742,2.7394242458176956,25
-1.8597091527935425,2.945610796643428,25
-1.816705218878343,2.8277737844540054,25
-1.8585820185238702,2.860879321935745,25
-1.8325347793890916,2.859165798947697,25
-1.822300724899536,2.7258735020680356,25
-3.7910316982035384,0.8706008365240306,84
-3.791031698249342,0.8706008363577447,84
-3.753908396338619,0.9934886839522385,84
-3.7539083963495607,0.9934886839165689,84
-1.9057084303723426,2.668920982893632,25
-1.7656685522879718,2.455206028751689,25
-1.9057084303723428,2.668920982893632,25
-1.7656685522879718,2.4552060287516895,25
-1.0179688093990766,2.9032580563411656,18
-1.09223591748199,2.9724441426469466,18
-1.0614217507660237,3.0429819116979684,18
-1.0307041576800555,3.0064404331996033,18
-1.0463936869817756,2.854057909393765,18
-1.0751785660130637,2.957738989788243,18
-1.0676806094256621,2.9868321769632487,18
-1.1023804122818692,3.00329708949705,18
-1.078245057887568,2.9885454987427007,18
-1.152314680218743,2.9214931035080465,18
-3.69576610348355,0.23156661184555433,83
-3.695766103750212,0.23156660921933844,83
-0.8399612317621097,2.505823626536882,31
-0.8731763968195042,2.4294986402050682,31
-0.8161943774349569,2.483370831083218,31
-0.724964019659911,2.470729920213864,31
-0.8921979704781607,2.3513666381715526,31
-0.81716431030728,2.487795533221626,31
-0.8038169286941559,2.4246066432967,31
-0.8676725672626217,2.391593245737855,31
-0.8165801115535843,2.4337912335250165,31
-0.9673586579946042,2.2743897685213343,31
-3.568353172503281,0.05046772512578524,78
-3.568353173185421,0.05046771061538945,78
-3.5060458882280225,0.26930867133184627,78
-3.5060459179748356,0.26930839017309116,78
-0.8661559004564945,1.898238526719365,31
-0.7519890267803139,1.6836814250166883,31
-0.8661559004564947,1.8982385267193669,31
-0.7519890267803145,1.6836814250166887,31
0.39124174687211644,2.674901794902013,17
0.3398538281244104,2.681374391132922,17
0.3609099431980353,2.6699261747566876,17
0.4654232477046644,2.6515814039057695,17
0.34867567619760276,2.6655951741932093,17
0.3769117196242286,2.54108128668215,17
0.39478716505594036,2.6226190402549867,17
0.3325033847683298,2.553323544979654,17
0.3638817530678559,2.611460037140656,17
0.1795294498168373,2.5562641881562915,17
-3.574171828574535,-0.5838608433421468,77
-3.5741725979338197,-0.5838554158045629,77
-1.3443249460423607,2.8189217251864256,24
-1.3171694155773988,2.766290245445277,24
-1.3118287193647318,2.8377078130496587,24
-1.246852693172952,2.7765110767267553,24
-1.311270753921243,2.7437751390382696,24
-1.3423709898185365,2.9154135226979263,24
-1.3018401609417196,2.8054657872833206,24
-1.3467267794866113,2.841358069612463,24
-1.3065140277603167,2.7797659349694053,24
-1.3877421184131873,2.721855135220685,24
-3.840369403385474,0.7514086087326224,88
-3.840369404520399,0.7514086037935716,88
-3.7424111219551826,0.9148840343375146,88
-3.742411121945206,0.9148840343725299,88
-1.3572637737041882,2.521303118838646,24
-1.2307954962511225,2.276621426232872,24
-1.3572637737041877,2.5213031188386457,24
-1.2307954962511223,2.27662142623287,24
-0.3805285802894334,2.9930127198178913,17
-0.4266268578796604,3.054878690111093,17
-0.38119068492829816,3.1047629764697127,17
-0.3061122197470917,2.99884599002045,17
-0.40982810021661686,2.9398148860454603,17
-0.4760012653980465,3.021116383984695,17
-0.42695555593162154,3.0869441881669943,17
-0.5011576618518527,3.096388914638537,17
-0.42387944626460833,3.037545264363886,17
-0.5685871463612001,3.010897450428916,17
-3.762222493105567,0.19664559695501174,87
-3.762223731133492,0.19663081968941817,87
0.6669432417345547,-2.382312831198982,47
0.6928008303296532,-2.2702121551529215,47
0.6760756987052512,-2.3276747000751272,47
0.7590752063189522,-2.2072494572548784,47
0.5197672532167823,-2.6371647570755195,47
0.6227722989661315,-2.4415832700095987,47
0.6196381433589473,-2.388232451108634,47
0.6914525765606774,-2.408350480072145,47
0.6739620297105805,-2.295643967872787,47
0.5341979050205096,-2.605522560426431,47
3.818236556973154,-0.9192405130014262,38
-2.467480576213787,3.0439850673668376,38
3.8432706696398293,-0.9258141001328072,38
-2.499191546780911,3.0419773884008348,38
0.489755428287267,-2.6181307521920063,47
0.5702935351090072,-2.5808652706709236,47
0.48975542823947366,-2.618130752217791,47
0.5702935351167326,-2.5808652706663873,47
-2.087424615616434,-2.5381363788195923,70
-2.048760117348292,-2.5718688942464114,70
-2.052451821459356,-2.544746747520016,70
-2.035082247605835,-2.552159751896727,70
-2.0874246156164156,-2.538136378819605,70
-2.048760117348122,-2.5718688942465375,70
-2.0524518214593535,-2.5447467475200205,70
-2.035082247605806,-2.5521597518967503,70
1.2161568214835246,2.302522017782703,36
1.072507980182288,1.8772507629116535,36
1.2107093246114466,2.2010224301336074,36
0.9596250980946222,1.7567788523349863,36
0.9661892801044424,1.0089323155674763,36
1.3000746338544065,2.4247096245658226,36
1.213460705946598,1.8240448791182498,36
1.1405385099555032,1.8734162185685515,36
1.2373083714866309,2.1232770356342585,36
1.0724384495029518,0.9702303584431672,36
-1.767442943468329,-2.599664609026425,70
-2.07588866388329,-2.535920495320751,70
-1.9938221360378166,-2.5494284730896366,70
-2.064724313514831,-2.5158675294667407,70
-1.9771134591044133,-2.561496892183792,70
-1.7674429434683263,-2.5996646090264277,70
-2.0758886638832874,-2.535920495320754,70
-1.9938221360377164,-2.5494284730897077,70
-2.0647243135148323,-2.5158675294667385,70
-1.9771134591044477,-2.5614968921837704,70
-1.856251290896515,-2.683130935352996,70
-2.063720196953728,-2.5557773018066197,70
-1.9495374986130674,-2.5820321503247508,70
-1.9635719057383736,-2.5173694277781906,70
-1.9027854895964427,-2.5978365809949135,70
-1.85625129089647,-2.68313093535302,70
-2.063720196953704,-2.5557773018066383,70
-1.9495374986133267,-2.5820321503245647,70
-1.9635719057383578,-2.5173694277782013,70
-1.902785489596447,-2.597836580994912,70
1.126270608619133,0.7253125861543245,36
1.150456668635887,0.5485740860386524,36
1.1480435015200023,0.7375188425510819,36
1.1739940752591485,0.5728954235618728,36
0.8966306004913518,0.7042151629831274,36
1.076336450973679,0.444802878148282,36
0.9457127469332886,0.8064344289270644,36
0.982034296558397,0.7937879623662345,36
1.223486690256276,0.5493198619538783,36
1.0888260699281525,0.46129702981000903,36
1.126270969090378,0.7253122100886084,36
1.1504566684731126,0.5485740861896873,36
1.148039871999871,0.737522688810341,36
1.1739940733354417,0.572895425348624,36
0.8966306004453476,0.7042151630231342,36
1.0763364510045879,0.44480287811965064,36
0.9457127508243561,0.8064344257584596,36
0.9820342961708405,0.7937879627520404,36
1.2234866828277948,0.549319868931752,36
1.0888260699736603,0.4612970297689384,36
-1.928134919422952,-2.976844061374034,69
-1.84452804618156,-2.9927732589832567,69
-1.8896044897540343,-2.9287295074910906,69
-1.8336957887764886,-2.98555952801557,69
-1.9281349194282806,-2.9768440613709157,69
-1.8445280462296367,-2.99277325895722,69
-1.8896044897543787,-2.92872950749089,69
-1.8336957887737757,-2.9855595280170437,69
2.0011796058529656,2.0374375472945014,19
1.9323052803525156,2.182027238078836,19
1.9295919563955288,2.0944978968371526,19
1.854439977677424,2.2805148399370543,19
1.9000535094409237,2.0469116148447757,19
1.9923274104677016,2.1344115038323705,19
2.007596786767194,2.1730409438873437,19
1.93764295493529,2.020284567126451,19
1.914841766521635,2.149546189439477,19
2.426332185336708,0.8868941408712971,19
-1.6393099103313036,-2.947095755871342,69
-1.8968186759513168,-2.956190723236336,69
-1.834072762624754,-2.9320326433380535,69
-1.8906335720316345,-2.91132449477378,69
-1.8112048793933087,-2.9063156771418694,69
-1.639309910331344,-2.947095755871323,69
-1.8968186759576215,-2.956190723232671,69
-1.8340727626099997,-2.9320326433463917,69
-1.8906335720288554,-2.9113244947753985,69
-1.8112048793958442,-2.9063156771404652,69
-2.963727650324408,-1.685957433135322,76
-2.9216402324014688,-1.7670210021385389,76
-2.8809534796514717,-1.6983931270568349,76
-2.9200076505036043,-1.7385019377877013,76
-2.9637276503079972,-1.6859574331646856,76
-2.9216402324179636,-1.7670210021110455,76
-2.8809534795970024,-1.6983931271488857,76
-2.9200076504319736,-1.738501937909524,76
-0.57791646664839,2.928871469584849,28
-0.6388026910190246,2.871963156716465,28
-0.6189019253359386,2.8907201548611425,28
-0.6455800418280478,2.8284049686574777,28
-0.6687348647485928,2.639772260353858,28
-0.5735579717087109,3.0326069571891088,28
-0.5240556419224223,2.882207872092129,28
-0.6161756236150575,2.8993718704297526,28
-0.677984333995975,2.8518250249404318,28
-0.6053419676709516,2.704343351611925,28
-2.654954084464266,-1.7475064125280761,76
-2.909751513388979,-1.6792508622693652,76
-2.899269097203082,-1.7022049290150254,76
-2.9048390741995433,-1.6518406196775588,76
-2.9353479383692958,-1.7315916316498912,76
-2.6549540847743125,-1.747506412157256,76
-2.9097515133315865,-1.6792508623702493,76
-2.8992690972758592,-1.7022049288893724,76
-2.9048390741975134,-1.6518406196810749,76
-2.9353479383824594,-1.7315916316272928,76
-2.804885312889922,-1.663244650583059,76
-2.9576615301495703,-1.6778328453311493,76
-2.91314599576037,-1.716434378478693,76
-2.841941415635628,-1.616329791864314,76
-2.8709909069886574,-1.7343742483470388,76
-2.804885312681186,-1.6632446509104268,76
-2.957661530153828,-1.6778328453234257,76
-2.913145996002553,-1.7164343780697988,76
-2.841941415633513,-1.6163297918677704,76
-2.8709909071197885,-1.7343742481359161,76
-0.7740448328873143,2.7203379039722746,28
-0.5527015268053715,2.448121585209115,28
-0.8377546938999404,2.6496904318469414,28
-0.9877690366711814,2.4726515722032754,28
-0.7593850417081535,2.4527555081221606,28
-0.7946683460908948,2.405727977243858,28
-0.7280719923837672,2.7639391382887957,28
-0.5446863534207492,2.6350395875961747,28
-0.7954217307208091,2.4804495046056876,28
-0.7889536552842947,2.1746135861739733,28
-0.7740287552582774,2.720344974415174,28
-0.5527020175258593,2.448121399752538,28
-0.837753751256569,2.6496908034314597,28
-0.9877712944627333,2.4726503967213675,28
-0.7593850645486233,2.452755499273325,28
-0.7946784984516535,2.4057242931962426,28
-0.728074529303354,2.7639381486030286,28
-0.5446851680485691,2.6350399490299625,28
-0.795421457434436,2.4804496218079093,28
-0.7889536543536659,2.17461358657033,28
-2.731555026699411,-2.3132314972417816,75
-2.703689712148438,-2.3406638175300216,75
-2.678463237318295,-2.270429725713354,75
-2.7179822788116335,-2.3661975641386204,75
-2.731555026463894,-2.3132314975099066,75
-2.7036897114484724,-2.3406638183158126,75
-2.67846323732306,-2.2704297257081674,75
-2.717982279050392,-2.36619756386881,75
0.9207545422604487,3.043542055062249,23
0.8940241867276354,3.1429526202031552,23
0.9180653640785903,3.175107462665986,23
0.9154682116607236,3.0969564545178208,23
0.8921031238273791,3.0793548362732426,23
0.9127871951699145,3.137759625157289,23
0.9627370624767996,3.191641035224943,23
0.9267329711816208,3.1789321796949803,23
0.9292918782451431,3.1720975429136056,23
0.8976705348610602,3.211381492982918,23
-2.5521396368821923,-2.31453397664343,75
-2.6922337930988998,-2.321964632413832,75
-2.6749416566752227,-2.290948196290889,75
-2.7165976895536814,-2.2642378267949153,75
-2.689566806757703,-2.329221473615356,75
-2.552139636797164,-2.3145339767314597,75
-2.692233793820527,-2.321964631607694,75
-2.674941656624103,-2.290948196346649,75
-2.7165976899057243,-2.2642378264035385,75
-2.6895668065382057,-2.3292214738602355,75
-1.891241374583746,-2.24621714335682,72
-1.7939692619915708,-2.3045541728887584,72
-1.8292403044173324,-2.253836211323312,72
-1.7870565400615772,-2.294583776257962,72
-1.891241374583747,-2.246217143356818,72
-1.7939692619915684,-2.3045541728887597,72
-1.829240304417333,-2.2538362113233092,72
-1.7870565400615808,-2.2945837762579595,72
1.5147619283002802,2.66946592925486,34
1.499176890392944,2.5830078674713355,34
1.4869555426345253,2.603581335129939,34
1.4674885598301282,2.5418491781147035,34
1.4625505889402166,2.430828984611824,34
1.6073205529049956,2.7107149901611907,34
1.6368524634197712,2.6116903254260344,34
1.5752035253960583,2.62876651992381,34
1.5892091946100106,2.628438708126793,34
1.556211302098881,2.4495628819902335,34
-1.6603656225137462,-2.3717187165689997,72
-1.9406415052636972,-2.30413817980088,72
-1.786539923583636,-2.2783278932686244,72
-1.8871922295223609,-2.264525170476197,72
-1.8349081481211384,-2.371327219256348,72
-1.6603656225137304,-2.37171871656901,72
-1.9406415052636945,-2.3041381798008804,72
-1.7865399235836343,-2.2783278932686275,72
-1.8871922295223573,-2.264525170476202,72
-1.8349081481210983,-2.371327219256377,72
-1.6710604485933145,-2.3419837030091957,72
-1.8916583610749302,-2.2785775661899637,72
-1.734609678295898,-2.282026539652886,72
-1.7814591320777973,-2.277632067353347,72
-1.7210571137158546,-2.340397555290448,72
-1.671060448593239,-2.3419837030092556,72
-1.8916583610749,-2.278577566189986,72
-1.734609678295905,-2.28202653965289,72
-1.7814591320777677,-2.277632067353363,72
-1.7210571137158948,-2.340397555290415,72
1.4738517913229323,2.0841478892612795,34
1.592989561874216,1.9027323660726072,34
1.4975626382067062,2.1841260201023824,34
1.487155641067338,1.8631555934854473,34
1.3862547590346819,1.84595277548081,34
1.5234708335089482,1.38229420310659,34
1.4921038722992255,2.1629627055105263,34
1.5217682708719653,2.1058877652040913,34
1.488933121350771,1.8939887139007725,34
1.4701011146788807,1.193896185491079,34
1.4738517914410525,2.084147889059636,34
1.5929897183738855,1.902732147133789,34
1.4975626386862413,2.184126018990585,34
1.4871554385827948,1.8631559451613495,34
1.3862547970569887,1.8459526971273281,34
1.5234716865577071,1.3822831768034747,34
1.4921038723898814,2.162962705315529,34
1.5217682701810609,2.1058877665088613,34
1.4889334293319305,1.893988196053468,34
1.470101111594206,1.1938962250665075,34
-1.6927382775098698,-2.8665619223365586,71
-1.5834402441241775,-2.8438271665370443,71
-1.6325188541479028,-2.8302188934868107,71
-1.596615481081118,-2.8465124985596577,71
-1.6927382775094755,-2.8665619223367793,71
-1.5834402441241704,-2.843827166537049,71
-1.6325188541479219,-2.8302188934867987,71
-1.5966154810811402,-2.846512498559644,71
2.0915176476049293,2.609753071359935,20
2.0974772289523886,2.6715332223634545,20
2.0562217804116045,2.6198392517917957,20
2.095550522748461,2.6442460076615864,20
2.0639562047276603,2.5820923268887217,20
2.105300573290835,2.6085535206916046,20
2.143484667185695,2.623860404490257,20
2.0577403446030242,2.590246477775706,20
2.0941999517309764,2.593254750561513,20
2.101541395491689,2.563111869670482,20
-1.4570877859392006,-2.87031061058103,71
-1.7488402691422555,-2.8483593142563763,71
-1.6087748834824238,-2.79805682832026,71
-1.6770689741038192,-2.8196066467936127,71
-1.662457762076014,-2.8515840939660406,71
-1.4570877859392009,-2.870310610581031,71
-1.7488402691698361,-2.848359314240956,71
-1.6087748834824767,-2.7980568283202314,71
-1.6770689741035993,-2.8196066467937393,71
-1.6624577620758763,-2.851584093966116,71
-2.6140555402247494,-1.8306283230977842,74
-2.6139075102235174,-1.934510162876832,74
-2.6395120485353196,-1.8806217014443738,74
-2.560020031620063,-1.9111476579084112,74
-2.6140555401767873,-1.8306283231583425,74
-2.6139075102349305,-1.9345101628638468,74
-2.639512048526223,-1.880621701455498,74
-2.5600200316194894,-1.911147657909056,74
0.47581049352472404,3.0050912770775766,26
0.4422272447356082,3.0567640991153016,26
0.4574479453645416,3.025905004318083,26
0.41286246798605547,2.9657608490125824,26
0.37914153783905097,2.9232174151642565,26
0.4522417935062613,3.037934073929151,26
0.5484524061543763,3.0137719236564884,26
0.46667127929797747,3.0132744322857876,26
0.4583733883617127,2.936431656416799,26
0.45141939842657763,2.968412146082654,26
-2.428986404515672,-1.95884706419217,74
-2.679765038945558,-1.8891287291769105,74
-2.633822964307072,-1.9408372339192241,74
-2.677286416755671,-1.8829290497253264,74
-2.656477988027907,-1.9765583516072276,74
-2.4289864045287244,-1.9588470641783584,74
-2.679765038949696,-1.889128729171916,74
-2.633822964306554,-1.940837233919792,74
-2.6772864167550745,-1.8829290497260645,74
-2.6564779880276754,-1.9765583516074776,74
-2.5138118100763656,-1.8941468937852868,74
-2.814708278847316,-1.9271691948990086,74
-2.7357477229525653,-1.9594150097635175,74
-2.737133305730194,-1.9204328964177064,74
-2.6575983857133316,-1.9898060463665106,74
-2.5138118100698468,-1.894146893792822,74
-2.814708278788591,-1.927169194973398,74
-2.7357477228924023,-1.9594150098320469,74
-2.7371333056462106,-1.9204328965178847,74
-2.6575983857131846,-1.9898060463666654,74
0.37542164634947983,2.770479485175993,26
0.3910214063868384,2.5186878422238497,26
0.3177034586930686,2.6900529737189802,26
0.049138240454310284,2.3500591487457783,26
0.15719842070428047,2.506006563460055,26
0.20335340074095895,2.4138507262636826,26
0.4859750515996651,2.9812492844504392,26
0.4495696541412914,2.6959450554646858,26
0.14978777691259296,2.447749529978862,26
-0.01593685479124794,2.016204068522251,26
0.3754214777939818,2.77047948366833,26
0.39102004648429145,2.5186874911896715,26
0.31769976217338963,2.6900523690335016,26
0.049138245167678965,2.350059150001459,26
0.15719857289189737,2.5060066175410296,26
0.20335414545393152,2.4138509841780604,26
0.48597504392897656,2.981249285375136,26
0.44956946899431266,2.6959450456183287,26
0.1497877656750679,2.447749525626326,26
-0.015936854867581885,2.0162040685027742,26
-2.5339601679959483,-2.512306368868089,73
-2.452607686022686,-2.516195293965138,73
-2.5069430366773795,-2.5162908515005356,73
-2.452489273326056,-2.5136920080165313,73
-2.5339601679000943,-2.512306368962129,73
-2.4526076860289594,-2.5161952939590475,73
-2.5069430367243575,-2.5162908514547535,73
-2.452489273319165,-2.513692008023242,73
1.2457381665283391,3.213530172050737,23
1.2637685125412321,3.371254648321422,23
0.34545750787474294,-2.886385361296189,23
1.3079885179521198,3.267930162598024,23
1.2390036048915853,3.2535478678425807,23
1.2747673099599033,3.259859510373765,23
1.343144984502796,3.340584323843274,23
1.2618775386817307,3.3880891029311484,23
1.2981461975835384,3.254021419542486,23
1.2527910060778855,3.3657992364972706,23
-2.3881680089701045,-2.5730286606779464,73
-2.5688528353266684,-2.5173309097300445,73
-2.47866212882815,-2.4556945916170676,73
-2.5441778618352795,-2.47771774276878,73
-2.52133023757238,-2.507640256777965,73
-2.3881680090294553,-2.5730286606214317,73
-2.5688528352923843,-2.5173309097636083,73
-2.4786621288313966,-2.455694591613819,73
-2.5441778619293878,-2.4777177426763077,73
-2.5213302359863636,-2.5076402583337463,73
1.1348585375639981,-2.572457793182862,48
1.0990938290409449,-2.643251092242062,48
3.5175503107641055,-1.3574717168733557,39
3.5175504157403807,-1.3574714105403187,39
3.5412897068471993,-1.3514458439324162,39
3.541289706827767,-1.3514458439906192,39
1.0505729405034148,-2.5112192187749365,48
1.1127642739441215,-2.5536951886335753,48
1.0505729405034152,-2.5112192187749365,48
1.1127642739441208,-2.553695188633575,48
-2.179322531854464,-2.5843075255833403,70
-2.110411788761139,-2.5958414036275452,70
-2.151555504057435,-2.598171912310993,70
-2.102072128578709,-2.5894581603120326,70
-2.179322531854462,-2.5843075255833394,70
-2.110411788761143,-2.5958414036275426,70
-2.151555504057437,-2.5981719123109923,70
-2.1020721285787087,-2.5894581603120312,70
0.37671243117052444,1.6017920875381557,36
0.32952488541620617,1.4053366112846994,36
0.3316007180242465,1.541467833148381,36
0.34508152234413075,1.463743366339413,36
0.2809317273808759,1.1638462143215265,36
0.5415986886408048,1.7738246046293342,36
0.5009267037477979,1.4871422928379892,36
0.37516180930395565,1.3661683007747907,36
0.4544888781751355,1.7153841571089787,36
0.334040394250969,1.150470772452037,36
-1.8399853325390798,-2.660044927697618,70
-2.161886603001331,-2.5757736356496554,70
-2.0622077313068496,-2.5977920485806805,70
-2.1642011292223207,-2.5852687027976136,70
-2.0546610055292143,-2.585448516542464,70
-1.8399853325390787,-2.660044927697619,70
-2.1618866030013373,-2.5757736356496483,70
-2.0622077313068385,-2.597792048580692,70
-2.164201129222321,-2.5852687027976144,70
-2.0546610055289416,-2.5854485165426673,70
-1.9293685667673288,-2.7024290667929542,70
-2.146416684876043,-2.6301561511769895,70
-1.9909015701528894,-2.6048912504170203,70
-2.072324938580452,-2.588632785913682,70
-1.9904371368247584,-2.647666285272835,70
-1.929368566767256,-2.702429066792999,70
-2.1464166848758546,-2.6301561511771383,70
-1.9909015701528843,-2.604891250417025,70
-2.07232493858052,-2.58863278591363,70
-1.9904371368247717,-2.647666285272824,70
0.49530107520057115,0.9676349159947153,36
0.644689651811362,0.756947856049963,36
0.4145927457603893,1.0223057393456714,36
0.5560350996170235,0.8252192107816746,36
0.5054774500854087,0.8814398524151433,36
0.5347336810788654,0.6773605595884886,36
0.6011121510615018,1.0213405415394927,36
0.48649120264096984,1.0639902070714444,36
0.475627660037107,0.844116042634647,36
0.530675460814742,0.7221364321537324,36
0.4953010436757105,0.9676349368857283,36
0.6446896530801002,0.7569478553175615,36
0.4145946354340726,1.022304388755853,36
0.5560342332931404,0.8252196774694436,36
0.505477449523829,0.8814398527607403,36
0.5347336811116755,0.6773605595689339,36
0.6011121044468557,1.0213405660809358,36
0.48649117087002985,1.063990224679159,36
0.47562765909200166,0.8441160432452313,36
0.5306754599373678,0.7221364326577859,36
-2.0762864965959817,-2.9673598324782184,69
-1.9940183892323016,-2.9601973534805284,69
-2.0353999158165896,-2.922391163825402,69
-1.9735278457192762,-2.960706874070213,69
-2.07628649659648,-2.9673598324779014,69
-1.9940183892330559,-2.960197353480073,69
-2.0353999158176475,-2.922391163824736,69
-1.9735278457337717,-2.960706874061402,69
1.7114420947543467,1.9334103269420166,19
1.6026806228710149,1.9577287587706897,19
1.6223887306522466,1.7792648805453293,19
1.5561606587010444,1.9991200452652929,19
1.5924276892021598,1.663754444090689,19
1.7076398584707289,2.0541994742997485,19
1.6675128310978926,2.008772636166194,19
1.6324400943492337,1.7310426153905265,19
1.60055406809346,2.085397247112242,19
1.5945010116573424,1.600532039299673,19
-1.8050121584673768,-2.9766354139062674,69
-2.0359416580715957,-2.949547153733365,69
-1.9457087823237844,-2.9327184817508103,69
-2.016922127197847,-2.922943181871906,69
-1.912611600661735,-2.915024491445731,69
-1.805012158378605,-2.976635413952795,69
-2.0359416580709295,-2.9495471537337807,69
-1.9457087823133417,-2.9327184817570524,69
-2.016922127082409,-2.922943181943489,69
-1.9126116006591927,-2.915024491447234,69
-2.938624654125851,-1.5650382059356345,76
-2.893835829308346,-1.6475763354482946,76
-2.8782407079323047,-1.603571734216205,76
-2.906185153873249,-1.646055535678326,76
-2.938624654125939,-1.56503820593547,76
-2.893835829302177,-1.6475763354589668,76
-2.878240707932896,-1.6035717342151885,76
-2.9061851538730465,-1.6460555356786828,76
-1.0285809420614522,2.605696062099436,28
-1.0618595596388645,2.4475957389898415,28
-1.0357838982352672,2.4535282542076002,28
-1.036123220334441,2.484833604060356,28
-0.9905919213420242,2.264660612023447,28
-1.062506091786923,2.696045908729121,28
-1.0512708439475271,2.540673142474889,28
-1.0705353494139058,2.5102708091268937,28
-1.1362275831065174,2.5554135819135433,28
-1.0632173001102072,2.3261495085809822,28
-2.7156938769646484,-1.6743161126421346,76
-2.8973321720520753,-1.5650061176623729,76
-2.9374823378424906,-1.6175028694099394,76
-2.912632899378713,-1.552252470589726,76
-2.9262056837163977,-1.6487046672223333,76
-2.7156938769586847,-1.674316112650525,76
-2.897332172052007,-1.5650061176624954,76
-2.9374823378423054,-1.6175028694102764,76
-2.9126328993787154,-1.552252470589724,76
-2.926205683716908,-1.6487046672214174,76
-2.7414731156394048,-1.5430180702540033,76
-2.99151849579423,-1.5930301451629472,76
-2.9578551846368186,-1.6087823850293037,76
-2.914990647175908,-1.5387248070777277,76
-2.9389599651987113,-1.6416822814701764,76
-2.7414731156396015,-1.5430180702537146,76
-2.9915184957942755,-1.5930301451628572,76
-2.9578551846366707,-1.6087823850295841,76
-2.914990647175925,-1.5387248070776933,76
-2.93895996519908,-1.6416822814695058,76
-1.1016642436123139,2.377993350302927,28
-1.0064684142441347,2.1666902597699176,28
-1.1550957644545439,2.302346099309262,28
-1.254449480149433,2.1865519612913746,28
-1.0364554323864963,2.1793939380931926,28
-1.096153836449518,2.0626875028549643,28
-1.0835788107641686,2.4664372329962188,28
-1.003242077023091,2.306564022059524,28
-1.0967477665533871,2.1686750541312665,28
-1.047915703311961,1.9427787295202754,28
-1.1016642436114186,2.3779933503033814,28
-1.0064684142441322,2.166690259769919,28
-1.1550957644570343,2.302346099308136,28
-1.2544494801500137,2.1865519612911783,28
-1.0364554323864958,2.179393938093189,28
-1.0961538364495185,2.0626875028549647,28
-1.0835788108561628,2.466437232953088,28
-1.0032420770318442,2.3065640220555306,28
-1.096747766553393,2.168675054131261,28
-1.0479157033119604,1.9427787295202752,28
-2.766333143730987,-2.178391775276622,75
-2.7218320472154174,-2.1777395965710107,75
-2.6988936057438018,-2.1414572182777576,75
-2.7718063319765927,-2.2261115194353076,75
-2.766333143874676,-2.1783917751089827,75
-2.7218320472685584,-2.1777395965115014,75
-2.6988936057224566,-2.1414572183011433,75
-2.7718063323195974,-2.2261115190352827,75
0.5000397061054663,2.9748509746834095,23
0.37848058357853753,2.9914599632404753,23
0.4179250919700246,3.0122101383639137,23
0.4103980501627642,2.907482268306185,23
0.420875482049796,2.884780318381337,23
0.4967998671873521,3.050745808747602,23
0.491839990489819,3.14150242874802,23
0.4647917319798511,3.060723639396067,23
0.4383009565056862,3.1140092166958464,23
0.4097638426463858,3.047458509693613,23
-2.625637148358135,-2.2012216965767113,75
-2.728331508423378,-2.187867950586855,75
-2.6745776906130065,-2.145609414905408,75
-2.7369668495233923,-2.132430497067969,75
-2.737051259426319,-2.1858966273899116,75
-2.625637148253205,-2.2012216966837155,75
-2.728331508446969,-2.1878679505601673,75
-2.6745776906181815,-2.1456094148998517,75
-2.736966849519486,-2.1324304970723773,75
-2.7370512594458685,-2.185896627367461,75
-2.022713301373747,-2.3056501981621347,72
-1.933885050902364,-2.2834406476166507,72
-1.9910678579439702,-2.2993242493783774,72
-1.9093725046684622,-2.3072195165210974,72
-2.022713301373751,-2.3056501981621293,72
-1.9338850509023577,-2.283440647616655,72
-1.9910678579439673,-2.299324249378378,72
-1.9093725046684826,-2.307219516521091,72
1.1398923844935365,2.5288599360838115,34
1.1519802035986138,2.416103890186978,34
1.1391674819638982,2.4406347931690657,34
1.148983144806928,2.381581208847449,34
1.0989142355821524,2.193876176681645,34
1.2309030146441036,2.6589413544438556,34
1.277510372234221,2.5515938870695614,34
1.193991587254247,2.484295443632997,34
1.2529107713909626,2.5857360903004034,34
1.172467866953969,2.2921067180520374,34
-1.7330348119494905,-2.4102958452839345,72
-2.0628511521332755,-2.3427407419533166,72
-1.9182145813110205,-2.2901460158029665,72
-2.01003629694355,-2.2759585392949835,72
-1.9514425293385378,-2.355989916418657,72
-1.733034811949468,-2.41029584528395,72
-2.0628511521332666,-2.342740741953325,72
-1.9182145813110214,-2.2901460158029643,72
-2.010036296943545,-2.2759585392949897,72
-1.9514425293385202,-2.3559899164186695,72
-1.7125989162579005,-2.3727911834020663,72
-1.9803259226835501,-2.3229677239599864,72
-1.800778082887384,-2.2553887123095606,72
-1.8947534822095176,-2.307650663072076,72
-1.8336802543493054,-2.3422799450535314,72
-1.7125989162579078,-2.372791183402058,72
-1.980325922683834,-2.3229677239597435,72
-1.800778082887369,-2.2553887123095704,72
-1.894753482211931,-2.3076506630700035,72
-1.8336802543493016,-2.3422799450535337,72
1.015321414310592,1.8625874223056085,34
1.150429678752142,1.7166005605027443,34
1.011216360908994,1.9084228104992282,34
0.9768472744121137,1.5449282282105934,34
0.896725654796623,1.650339292897004,34
0.987498800270425,1.1530960187417538,34
1.114006518353886,2.0153158965709963,34
1.1515065211525806,2.0032196109067124,34
0.8768706476257706,1.5811562821172367,34
0.90804884496123,1.1029393313423328,34
1.015321414310498,1.862587422306279,34
1.1504296794755016,1.7166005590889468,34
1.0112163609089115,1.9084228104995355,34
0.9768472685840965,1.544928237326134,34
0.8967256547994168,1.6503392929042593,34
0.9874988002623715,1.1530960187567179,34
1.114006518354863,2.015315896570568,34
1.151506521153504,2.003219610906057,34
0.8768706476205059,1.58115628210286,34
0.9080488449648556,1.1029393313391385,34
-1.9212513063309715,-2.8438009749650903,71
-1.8022342129081506,-2.7965772930643973,71
-1.831189238689894,-2.8076025219633065,71
-1.7971265539549097,-2.8293777814469645,71
-1.9212513063297134,-2.843800974965776,71
-1.802234212908625,-2.79657729306413,71
-1.8311892386855948,-2.807602521965649,71
-1.7971265539488972,-2.8293777814502765,71
1.7924745250533567,2.525408781171197,20
1.757373921760407,2.5380237317124235,20
1.7249778448719126,2.4455963316352904,20
1.7627839809968266,2.4659728419398257,20
1.738066553222119,2.4131222697929458,20
1.7798068637489064,2.52399469944633,20
1.791526446278418,2.5648294241986593,20
1.72621365939924,2.4687872422653143,20
1.7478077564420653,2.528124531789589,20
1.7248809905505647,2.4392247201254933,20
-1.6448366709863023,-2.868866203044792,71
-1.9274115306647717,-2.853777042168134,71
-1.7608946638226162,-2.7987817245426285,71
-1.8387798557398478,-2.825363110995781,71
-1.8188376176519514,-2.871681881545355,71
-1.644836670986627,-2.8688662030446124,71
-1.9274115306316524,-2.853777042186166,71
-1.7608946638207266,-2.798781724543713,71
-1.8387798557360482,-2.825363110997839,71
-1.818837617656844,-2.8716818815427496,71
-2.654873370804737,-1.7653519760552698,74
-2.5960590393114438,-1.8154932431927042,74
-2.65089450844548,-1.8081590137820145,74
-2.5684242592143827,-1.7977967698740416,74
-2.654873370835602,-1.765351976012913,74
-2.596059039313643,-1.8154932431899893,74
-2.650894508453941,-1.8081590137710233,74
-2.5684242592205315,-1.797796769866687,74
-0.19341579432209843,2.6346848275455583,26
-0.2835974914316008,2.520541047559558,26
-0.24673075218865437,2.5067677310046714,26
-0.2303680370035009,2.475948672671949,26
-0.3169363364619867,2.390823720580437,26
-0.13197397476364411,2.797417384517753,26
-0.1620348598883675,2.6234450113061465,26
-0.22008548165454897,2.560378785317469,26
-0.203977464126594,2.617131254580937,26
-0.320628276786911,2.4781146285785587,26
-2.4752986722116703,-1.905523550051143,74
-2.7069098862718537,-1.8145218152336662,74
-2.6955482895876024,-1.8413805785356228,74
-2.715711783396778,-1.8189516795002318,74
-2.6986995378881042,-1.8955926431224672,74
-2.4752986722113652,-1.9055235500514924,74
-2.706909886275709,-1.8145218152285636,74
-2.6955482895835496,-1.8413805785407658,74
-2.715711783396263,-1.81895167950092,74
-2.6986995378948784,-1.8955926431137917,74
-2.4533880337688005,-1.782080417037133,74
-2.8145783940310922,-1.854666434689977,74
-2.751839563857223,-1.8615086900059747,74
-2.767870269199016,-1.8364898101040907,74
-2.680516134445841,-1.8864563498455387,74
-2.453388033768349,-1.7820804170376472,74
-2.8145783940082385,-1.8546664347205517,74
-2.7518395638609605,-1.8615086900009723,74
-2.7678702692269375,-1.8364898100658982,74
-2.6805161350502216,-1.8864563490950097,74
-0.23120224053027644,2.3080786029369262,26
-0.18089221819455803,2.0579740865940352,26
-0.2780572989421705,2.255699866230339,26
-0.31018916967163507,2.027832628762706,26
-0.2754122509844744,2.185162392315786,26
-0.26560570388735016,1.9688869936524755,26
-0.1722996814440361,2.5950365470970844,26
-0.20169022659454272,2.3172681506189248,26
-0.28902053798230104,2.1027372948415213,26
-0.32135871167603863,1.7392697094532612,26
-0.23120224053394364,2.3080786029359603,26
-0.18089221819444531,2.057974086594065,26
-0.2780572989459587,2.255699866229246,26
-0.31018916967213106,2.027832628762549,26
-0.2754122509844706,2.1851623923157906,26
-0.26560570388920135,1.9688869936520168,26
-0.17229972906287566,2.595036532779792,26
-0.20169022660013086,2.317268150617416,26
-0.2890205379820412,2.1027372948416008,26
-0.32135871167603863,1.7392697094532612,26
-2.6202959587351007,-2.3927805381326794,73
-2.5482703803754134,-2.3879773298712212,73
-2.5651664843189343,-2.379859168425826,73
-2.5267180026259366,-2.4084151794422963,73
-2.6202959583371537,-2.3927805385529393,73
-2.548270380376381,-2.38797732987023,73
-2.56516648433603,-2.3798591684082133,73
-2.526718003281262,-2.408415178780399,73
0.9461988806026504,3.113085692440296,23
0.9193002941824875,3.1594849718106994,23
0.9162614958073725,3.1340178589106285,23
0.9272941252465423,3.037353986639234,23
0.915318415596414,3.02502636367522,23
0.9481720725769079,3.161389595853483,23
0.9675725461271448,3.189533348883541,23
0.9493406799383902,3.1955293042031476,23
0.941433798871348,3.1330687530005044,23
0.9001718101286739,3.143237937207094,23
-2.444639936665522,-2.455402323053147,73
-2.6171631607455104,-2.4215505964086725,73
-2.5474472784457647,-2.3811001573072232,73
-2.57961159078149,-2.3802763894601195,73
-2.588933894645827,-2.425380061988982,73
-2.4446399366031804,-2.4554023231159205,73
-2.6171631606903745,-2.4215505964636623,73
-2.5474472784199427,-2.3811001573338073,73
-2.5796115907330788,-2.3802763895105485,73
-2.588933894826136,-2.4253800618093995,73
1.0017112633626717,-2.566206025145235,48
1.0069503537939033,-2.6238964283090875,48
3.6304264717502313,-1.4323998471679722,39
3.6304264722549986,-1.432399845786491,39
3.53338498054109,-1.4284859189037575,39
3.5333849804116944,-1.4284859192541468,39
0.9731246286194815,-2.509824147140864,48
1.0312113884541032,-2.547747788227842,48
0.9731246286194812,-2.5098241471408658,48
1.0312113884541023,-2.5477477882278423,48
-0.5988103247276203,1.5781307471638135,32
-0.6196986515714151,1.5406453907409492,32
-0.5444550852341324,1.561467821535349,32
-0.5718202643122041,1.5659450045936008,32
-0.5432820634604435,1.445290886229488,32
-0.6148094052504427,1.663152481282162,32
-0.5242168183279834,1.544355980723102,32
-0.5950913082834403,1.5224050529674051,32
-0.6301198823009398,1.6369246562360067,32
-0.5553810397069701,1.4354912414116991,32
-3.2567788921293817,-1.0213132207213036,80
-3.256778892220804,-1.0213132204574438,80
-3.2903664785629854,-0.872701417991125,80
-3.290366478629971,-0.8727014177413183,80
-0.5752844616626146,1.3392740521266244,32
-0.43953502273488554,1.0566554677706994,32
-0.5752844616625087,1.339274052126565,32
-0.43953502273488193,1.056655467770697,32
0.7248499926283556,1.9381909575428449,15
0.6658484923987876,1.8276875724828057,15
0.7201902046732069,1.8466024588552072,15
0.7075744173992569,2.001747706508844,15
0.7316633678544234,1.8214874816691142,15
0.7210818050316988,2.0716973555060814,15
0.6913057295571172,1.8577345475777707,15
0.6931377877099654,1.7582795763110748,15
0.6731104086151604,1.9923708528777377,15
0.6757467105390582,1.6729324502824852,15
-3.241670385977578,-1.4511657339353703,80
-3.2416703889090734,-1.451165726333775,80
-1.4362033401079244,2.601733069898115,25
-1.3830082168110678,2.5842794037440946,25
-1.378316001348838,2.65192199260497,25
-1.3356444980722009,2.61530206574833,25
-1.2702759636422456,2.440646093092643,25
-1.382743413756878,2.6618499164608127,25
-1.2707836490345217,2.60895060343339,25
-1.341931954399639,2.635090516953073,25
-1.3134636736330592,2.659825528592155,25
-1.2469050157718597,2.4925542833549987,25
-3.647831562888206,-0.22843405090820795,84
-3.6478315628867013,-0.22843405096676667,84
-3.631601515603372,-0.07190700236382137,84
-3.63160151560273,-0.0719070023018028,84
-1.463060554506138,2.4740562973121656,25
-1.2626248353336498,2.163577464853037,25
-1.4630605545061461,2.4740562973121607,25
-1.2626248353336502,2.1635774648530366,25
-0.3036871205572591,2.6649928834550165,21
-0.33863779610660133,2.822853227417746,21
-0.3026263584681159,2.837180938149408,21
-0.25499507611517747,2.900921063614339,21
-0.20403162910352896,2.7610842470715444,21
-0.3780451832077926,2.8118931873829793,21
-0.27025799560073727,2.878608359360644,21
-0.33216531800063037,2.889006740441215,21
-0.2985255955493561,2.9183482133660186,21
-0.27624584548897285,2.8533630486272257,21
-3.6709206141053854,-0.8289524780193758,83
-3.6709206143162727,-0.828952477034567,83
-0.016204050018016867,2.160014047232727,30
-0.05383528731207458,2.1948343239867856,30
-0.015853102377843615,2.196450570672572,30
0.015774470966407144,2.1171977771303103,30
-0.017802751329489504,2.0996885864351533,30
-0.02976265581750809,2.271977301758586,30
0.03694110299201772,2.1775310701205424,30
-0.07519046332794888,2.169759525883915,30
-0.017573137331144514,2.134372242158828,30
-0.06580930684492074,2.1273578509127233,30
-3.2071025608580763,-1.0709857534218026,78
-3.207102560856667,-1.070985753425598,78
-3.0705970013633217,-0.8783094603437395,78
-3.070597001478881,-0.87830945999688,78
-0.15619171993226136,1.8259006632416162,30
-0.05032244387639479,1.5061123546125927,30
-0.1561917199230094,1.8259006632460932,30
-0.050322443876269336,1.506112354612633,30
0.9986488718120822,2.315706264835407,20
0.9409793221169759,2.381926651993573,20
0.9496550778088204,2.2857821469526534,20
0.993938280366696,2.3150132009712814,20
1.0259192339572543,2.2965752369791503,20
0.906385497391306,2.2861399361014696,20
0.9540948599191642,2.37687679292927,20
0.9264490689779905,2.258456361262206,20
0.9021030408588628,2.349550394139325,20
0.9403402077019293,2.297086653479459,20
-3.171873251186438,-1.5630241884836305,77
-3.1718359557210367,-1.5631208849855862,77
-0.7799683096806826,2.7791866384029946,24
-0.731973303891478,2.678891678159584,24
-0.7391305323834008,2.7769618196553276,24
-0.6605620727663999,2.639000770112216,24
-0.6337949788723386,2.576738314753539,24
-0.7585879525391178,2.9007788334060476,24
-0.6404902597281036,2.7065072268435117,24
-0.7309081551369906,2.775190716041321,24
-0.6731952329574683,2.700902616676608,24
-0.6381548488075477,2.7010395012405004,24
-3.6552447918551705,-0.38326089259501844,88
-3.655244791691024,-0.38326089481892156,88
-3.5359808437674114,-0.19423594669858035,88
-3.53598084378553,-0.19423594585387793,88
-0.7858080088431487,2.5652845638471553,24
-0.6464582628896588,2.2221494944124704,24
-0.7858080088355804,2.5652845638496755,24
-0.6464582628896981,2.2221494944124522,24
0.31457007692936045,2.936940632466117,22
0.2999688350392936,3.058035886817296,22
0.31149439685049285,3.0322310348824177,22
0.3624718733161771,2.9662152137796283,22
0.40433050097368856,2.9645474525277944,22
0.2707765341642688,3.0651567090229483,22
0.336732250356881,3.102595229872245,22
0.2918014168478645,3.105376163601606,22
0.31195169249840793,3.073312581372986,22
0.34159887879475703,3.1029550922069884,22
-3.5400317815254,-1.088389246632984,87
-3.5400317563033643,-1.0883893287583397,87
0.9772948294993362,-2.281697239990338,50
0.9728885193914864,-2.2889635828789303,50
1.0157381255804236,-2.1916408966465597,50
1.0375621356680975,-2.2440576700035457,50
0.9197130936351673,-2.5845528896148666,50
0.937090527524837,-2.3979245008953445,50
0.9565806799042939,-2.3387230876324208,50
0.9816521873986539,-2.384491151516479,50
0.985385578704834,-2.3366772381068905,50
0.8819596000303426,-2.6302344427250124,50
3.549686470852428,-1.39517607005602,38
-2.602963686819902,2.628921953540138,38
3.6014602764104247,-1.3447189098976027,38
3.6014606008257926,-1.3447179192496015,38
0.9079508198403439,-2.3332265563265264,50
1.0169742961881774,-2.3785896940082045,50
0.9079508198403429,-2.333226556326527,50
1.016974296188176,-2.3785896940082054,50
-0.792008828756153,1.618989197687151,32
-0.8613313630140429,1.6273074745898346,32
-0.7907209671460614,1.6515328945462502,32
-0.7915025996765097,1.6230129350239426,32
-0.8106888793189728,1.54271004363308,32
-0.8534520293102689,1.7260374215107688,32
-0.8033999348760502,1.6369186960107691,32
-0.8595880058385112,1.6494419315672204,32
-0.863809108874003,1.6979848066110494,32
-0.8474712056746911,1.5829638738880905,32
-3.3556702380386376,-0.7638918859214306,80
-3.3556702380910903,-0.7638918856880155,80
-3.372065053416327,-0.64292430616482,80
-3.37206505484543,-0.64292429748384,80
-0.7648113205906899,1.4215907322692658,32
-0.6200944861131577,1.1949666632550153,32
-0.76481132059069,1.421590732269266,32
-0.6200944861131569,1.1949666632550144,32
0.5838576620550768,2.0825160070788384,15
0.4021509833527013,2.0718495693098253,15
0.5143224224327319,2.1482852214920634,15
0.48336531837055213,2.229914020287734,15
0.4819862969481401,2.063460851098035,15
0.525030360114243,2.186370164575312,15
0.42052651253820206,2.047884114032803,15
0.4130701097365213,2.0243318460032866,15
0.3834274034013749,2.1337383954931375,15
0.3901349914294781,1.984030570528697,15
-3.323568573963415,-1.2582905546042777,80
-3.32356857420437,-1.2582905539402651,80
-1.5604024867021429,2.5459933373574786,25
-1.517763248504891,2.463787136160999,25
-1.512880502488833,2.538450497845816,25
-1.466449594488842,2.4678811819183144,25
-1.4127382897564014,2.313469044314643,25
-1.5523393942817234,2.6910682824746277,25
-1.4815842389113736,2.4950981293884844,25
-1.5217720508546535,2.5601216904441166,25
-1.5128458227238901,2.5546669735760723,25
-1.4418377674983034,2.4054534918173585,25
-3.735377663153521,0.07571400332483176,84
-3.7353776631543276,0.07571400330840765,84
-3.737707537960022,0.2674536674377438,84
-3.7377075379667057,0.2674536673761994,84
-1.5353095040477018,2.3828845620028853,25
-1.392934826583945,2.146722598253797,25
-1.5353095040477016,2.382884562002885,25
-1.3929348265839452,2.146722598253797,25
-0.6479606794700791,2.8151397320771694,21
-0.7172787809057857,2.878534911955371,21
-0.6578518956261853,2.9107543891336847,21
-0.5914322544274417,2.888715577834615,21
-0.5984396134769464,2.785893816517529,21
-0.7187398299935237,2.995650355544255,21
-0.7299454159497972,2.9062359862859157,21
-0.7414749634612905,2.998547120483143,21
-0.7349154801190383,2.940849759811152,21
-0.7410818488035344,2.9065139071924793,21
-3.7890986053925912,-0.49166842532696575,83
-3.7890986053012283,-0.49166842615783646,83
-0.2772646995516753,2.1654871980338086,30
-0.3913207546224011,2.0951547548741916,30
-0.317681200901904,2.1670885759975977,30
-0.2608265643883749,2.0907154464542814,30
-0.3544943521870681,1.9935588430276698,30
-0.3016010070358229,2.232315256371603,30
-0.346646752647137,2.135682468443645,30
-0.3982949999604904,2.130898837229941,30
-0.3676856953396655,2.1531431016134146,30
-0.4522031542559058,2.0008956551670285,30
-3.4124224271308377,-0.8204487314024655,78
-3.4124224809759434,-0.8204484994968881,78
-3.3213666092846212,-0.5953623451195226,78
-3.3213666051818205,-0.5953623735934853,78
-0.3882833300046321,1.7390189555067352,30
-0.3041812254639665,1.5331650370747796,30
-0.38828333000466303,1.7390189555067328,30
-0.3041812254639665,1.533165037074778,30
0.8446385931312729,2.5341023944341807,20
0.740295975856737,2.524837345128778,20
0.77667229081584,2.521816421304936,20
0.8259216357302034,2.504517805380984,20
0.7805799729889373,2.4416682361996136,20
0.702572455022889,2.4319182411024625,20
0.7234389725223282,2.467862992164838,20
0.6941268089475648,2.4332959927619497,20
0.679187225537543,2.4285817255571236,20
0.6630041318473877,2.3791733394906696,20
-3.32110416644193,-1.3532958222928875,77
-3.32110420518052,-1.3532957192495862,77
-0.9873074004207819,2.7052029530037793,24
-0.9792142495934296,2.620502035227401,24
-0.9534327052814717,2.753017927603531,24
-0.8877575992517148,2.5828076418160597,24
-0.8960768594493951,2.471413315847391,24
-0.9743623446564833,2.875754839699459,24
-0.9335427096913751,2.6467697286198035,24
-0.9829719429899092,2.706726321057845,24
-0.9671966110223358,2.638253171379961,24
-0.9349921134035805,2.5913145210150703,24
-3.8176210499362475,-0.10891290659205571,88
-3.8176210499383663,-0.1089129062799161,88
-3.6886532263247105,0.07101763106056659,88
-3.688653222005047,0.07101772044493447,88
-0.9456119623342205,2.4594226470879486,24
-0.8576354485852651,2.1560395024390457,24
-0.9456119623341143,2.459422647087994,24
-0.857635448585271,2.1560395024390426,24
0.08699702240094347,3.1287338224922925,22
0.04328449367168621,3.1582652613394107,22
0.085244956421034,3.1889442226897033,22
0.13388982056524376,3.065081660336339,22
0.11692527566506533,3.0360020539054764,22
-0.016926002161612972,3.185804930305416,22
0.007574664558301584,3.1160522591052904,22
-0.02400049483850247,3.211245520866119,22
-0.01051957217018713,3.068085663110988,22
-0.004400224960906406,3.145146848016237,22
-3.719574219724553,-0.7440997490964212,87
-3.7195740669228625,-0.7441005756072356,87
0.8725967137931875,-2.4872131252495198,50
0.8703016391554919,-2.444172329938375,50
0.9295743174639052,-2.383252344820761,50
0.9271951665276876,-2.389005246521085,50
0.8302170602724,-2.694106755861414,50
0.8268091479736678,-2.53469948220268,50
0.8595500149875521,-2.4971468247817965,50
0.8745193530699639,-2.523141891345266,50
0.8685541751118439,-2.4874372577166763,50
0.8361779429859497,-2.7091405706358795,50
-2.673443957597107,2.376649844006261,38
-2.673443957597062,2.3766498440063133,38
3.407649748122374,-1.1944657468914286,38
-2.668381909391337,2.3583684964005407,38
0.8323298358288049,-2.616357853986337,50
0.8975151253993524,-2.592152715467442,50
0.8323298358288055,-2.6163578539863366,50
0.8975151253993525,-2.592152715467442,50
-1.500906995274699,2.1683039415225456,33
-1.4994661491579586,2.0724301325130714,33
-1.4936508643841666,2.1600909960841346,33
-1.3822083286210312,2.070212510452816,33
-1.3830867822594932,1.9619780677488141,33
-1.5472460347741592,2.2229203806433677,33
-1.4693031604771771,2.1031467159503348,33
-1.5470048792351434,2.144618197955455,33
-1.4954978486650077,2.1435857305725117,33
-1.4474757751302063,1.9671205490135255,33
-3.4941249388956206,0.1305974548745808,80
-3.494124932369505,0.13059755416555793,80
-3.566258067871462,0.25752872569922014,80
-3.5662574333519332,0.25753461452641746,80
-1.4281452857790138,1.9000327197744915,33
-1.2247114820988987,1.6341648323416842,33
-1.4281452857790136,1.900032719774491,33
-1.2247114820988982,1.6341648323416837,33
-0.0929961854371558,2.848770086142456,15
-0.20451436517541355,2.735454150526608,15
-0.13622283373729518,2.874550123045701,15
-0.13432052338068537,2.7959047923959344,15
-0.21852257414870563,2.7087937699351454,15
-0.1580195509303805,2.692406983171308,15
-0.18028856484619812,2.640289508289306,15
-0.23415761956654416,2.610487520107034,15
-0.21695305084883393,2.6481176416419028,15
-0.3554314264521364,2.452707153023329,15
-3.352567522513304,-0.5458405381067187,80
-3.352567522532457,-0.545840537967897,80
-1.8930363779712325,2.805812052399692,25
-1.8563216403463234,2.7198813082028908,25
-1.859882013584028,2.8026644685619675,25
-1.813619045549449,2.7414107586681875,25
-1.817150902123496,2.6669030118158297,25
-1.9101229786757052,2.911388410989958,25
-1.8609143910578747,2.795998904117366,25
-1.8938442829652835,2.819884168098317,25
-1.8683478929378288,2.823967701956768,25
-1.836524486277024,2.664367783343706,25
-3.69961439206804,1.009420959878188,84
-3.699614392075588,1.0094209598539214,84
-3.6731368085213387,1.105721348151324,84
-3.673136808520118,1.1057213481549388,84
-1.9542863396072223,2.643890143340734,25
-1.843777781962549,2.4445801332782096,25
-1.9542863396072219,2.643890143340733,25
-1.8437777819625472,2.44458013327821,25
-1.097865701064549,2.8968419362707913,18
-1.2013652757777022,2.94444689446897,18
-1.1334478439702385,3.032287447771504,18
-1.1273147824336787,2.983480318640526,18
-1.1136671263218754,2.871877590441743,18
-1.1515305769162651,2.964113884120994,18
-1.1799368720700276,2.9803592579435234,18
-1.2002873964037923,2.984555820130574,18
-1.182481125420975,3.0048592948162662,18
-1.2298380278463676,2.910591176717511,18
-3.5300700970947823,0.3720741136659338,83
-3.5300700970960275,0.37207411365725374,83
-0.8949306873755167,2.397171931419677,31
-0.8900062659391431,2.322233244228307,31
-0.849103644082911,2.3572888603141826,31
-0.7533461953350005,2.335160016470242,31
-0.9961514054356414,2.22670759733245,31
-0.9185628725674891,2.4077475693537984,31
-0.8974884746135344,2.33211918463504,31
-0.9623167663256377,2.294978529669348,31
-0.8897186449213504,2.3329207378452215,31
-1.06342955310103,2.167638298771196,31
-3.4934738560025265,0.18340275648391605,78
-3.493473861959372,0.18340267917648942,78
-3.438225078199288,0.37703685539064485,78
-3.4382250813707187,0.3770368325560276,78
-0.9572156171638728,1.8376162852492255,31
-0.8386227879271003,1.654670338341934,31
-0.9572156171638719,1.8376162852492253,31
-0.8386227879271004,1.6546703383419339,31
0.3187955179067245,2.7058232659684323,17
0.20307501030197117,2.693423517388955,17
0.25446112114328323,2.6808930578738885,17
0.30355978012744805,2.6392882230983217,17
0.23560490952772556,2.6854748894852385,17
0.24008929450002514,2.5249989741748258,17
0.23528987376333907,2.6144624114504493,17
0.20037673051335206,2.5364427092600774,17
0.2026672641775651,2.6071729753425545,17
0.09294372983536298,2.5504490261630597,17
-3.478195782088297,-0.4610738525304838,77
-3.4781957826586773,-0.46107384674210505,77
-1.3882959261310506,2.754883212345402,24
-1.3532745419928431,2.677142557453698,24
-1.3433078069306614,2.749201874677958,24
-1.2921470185660786,2.6933678282481166,24
-1.3752822343014879,2.669899875251787,24
-1.4215606963356227,2.858425170159389,24
-1.3838584295672056,2.7287948719600066,24
-1.4155615938731,2.731835573229955,24
-1.3820474016194355,2.7143531345040843,24
-1.4630454713741619,2.6242823648131735,24
-3.7722191617613263,0.8503961719764891,88
-3.7722191615910816,0.8503961726057336,88
-3.662681184158079,1.013451296370766,88
-3.6626812259244685,1.0134511609741097,88
-1.437801683227004,2.4317800043728846,24
-1.3313562043092169,2.246082610560784,24
-1.4378016832270037,2.431780004372884,24
-1.3313562043092149,2.246082610560785,24
-0.5137031122725091,2.9707516203571758,17
-0.5918147166571528,3.0126393031533834,17
-0.5402460811141182,3.0549242996576513,17
-0.4651928157616978,2.966178604633317,17
-0.5439593978411214,2.917641830329119,17
-0.6073416425295164,3.0048793897059216,17
-0.5745375467272524,3.0717311449493714,17
-0.629054418297025,3.068485358075246,17
-0.5633664687366561,3.0298283153004992,17
-0.6899448839204706,2.9958892010910008,17
-3.6218808708937074,0.30047561218815755,87
-3.6218808680413983,0.30047563553093637,87
0.6534161337195712,-2.342375486745307,47
0.7415737125974031,-2.1399353595033888,47
0.7137500622862872,-2.22517483578134,47
0.7946774795328282,-2.1045497867754066,47
0.578244492967409,-2.5967228343310005,47
0.6305098756715285,-2.3639287893970633,47
0.6554168873271695,-2.2685687196763684,47
0.7077169549794863,-2.3254946865087516,47
0.7045341920142268,-2.173927382651836,47
0.5191162023429456,-2.5795642682168327,47
3.7646777776146694,-0.8475876214195257,38
3.7646777776135703,-0.8475876214252902,38
3.7697974920992516,-0.888556623061043,38
-2.4286787863812505,2.9960109469111944,38
0.5519407910165784,-2.5121004643702123,47
0.6481631198457353,-2.500597132133837,47
0.5519407835148239,-2.512100469407888,47
0.6481631198469219,-2.500597132133025,47
-2.048576444580893,-2.565954139179434,70
-1.9976548371146694,-2.6264336611793064,70
-2.0058275257668248,-2.579267351658965,70
-1.97127321918906,-2.583651839589081,70
-2.048576444580852,-2.5659541391794645,70
-1.997654837114665,-2.6264336611793087,70
-2.0058275257669287,-2.5792673516588893,70
-1.9712732191890394,-2.5836518395890997,70
1.1353797071142788,1.4431933851144507,36
1.0565737870460925,1.0171967781253317,36
1.1237307691858078,1.176857769836398,36
0.9824568797051292,1.0186678049199818,36
0.9017579518949511,0.8115413090760808,36
1.2536362691328569,1.9672650776544602,36
1.1992042147872022,1.0994133158933161,36
1.090420687844911,1.0098728678357458,36
1.121491524324024,1.7417234456989734,36
0.9404918452775608,0.8340812613675642,36
-1.7015624101347275,-2.546132452784608,70
-2.0293549461464164,-2.5709345668873422,70
-1.9467505280099042,-2.5868359198173096,70
-1.9989568345119357,-2.535257585518475,70
-1.89568068348425,-2.5557022915775622,70
-1.7015624101347282,-2.5461324527846085,70
-2.0293549461464235,-2.5709345668873373,70
-1.9467505280098956,-2.5868359198173136,70
-1.9989568345119038,-2.5352575855184973,70
-1.8956806834842521,-2.5557022915775613,70
-1.7827946472642435,-2.677516292586488,70
-2.0082009843368427,-2.5923637067513132,70
-1.8967153953200675,-2.6038496088489147,70
-1.9346500125198487,-2.5676888856524194,70
-1.8453103938285869,-2.611687010488811,70
-1.7827946472642073,-2.677516292586511,70
-2.008200984336682,-2.592363706751428,70
-1.8967153953200737,-2.6038496088489094,70
-1.9346500125198465,-2.567688885652421,70
-1.8453103938285902,-2.6116870104888075,70
1.2083840250386986,0.6573136777667152,36
1.1809411203733375,0.47894744649334636,36
1.1283398400813844,0.6359460761147606,36
1.1688079866315846,0.5282958951652011,36
0.9922866391677906,0.6114722671560491,36
1.1902553636947037,0.3788576992379808,36
1.1555094613620474,0.6782344413719404,36
1.1420604047967045,0.6702073762660309,36
1.184233158816484,0.5149209966077938,36
1.1145852584708864,0.4141405231212468,36
1.2083839784357941,0.6573137249178509,36
1.180941120355019,0.47894744651238963,36
1.12833985190472,0.6359460641245052,36
1.168807986637901,0.5282958951596752,36
0.992286639190801,0.6114722671341366,36
1.190255363593512,0.3788576993563243,36
1.1555094696988424,0.6782344327463186,36
1.1420604038320041,0.6702073772867339,36
1.1842331587794253,0.5149209966426453,36
1.1145852586647902,0.4141405229445139,36
-1.841970881471816,-2.9863958554849823,69
-1.799936494953841,-3.0153901230447695,69
-1.8239987959113102,-2.965150085689492,69
-1.7957951317119407,-3.002957395393659,69
-1.8419708814620717,-2.9863958554902506,69
-1.7999364949553371,-3.015390123044027,69
-1.8239987959114476,-2.96515008568942,69
-1.795795131712014,-3.002957395393621,69
2.510048583897835,0.9719381817381653,19
1.934459464074035,2.0013522488548836,19
1.9613040466980114,1.8632664172462892,19
1.9111582257129347,2.0373502670342423,19
2.3495142910641835,0.8148478540096444,19
2.049799309504286,2.0424477144130635,19
1.9802854854109369,2.049495888680041,19
2.0588693873756427,1.6481025128925846,19
1.9018942023017347,2.047897119551774,19
2.2996992876537616,0.657019286722539,19
-1.5590996922855396,-2.9496007767170083,69
-1.8079305637419523,-2.985160244271363,69
-1.7642810352359288,-2.964809046941802,69
-1.8060077349749837,-2.940066954726305,69
-1.7428076428522867,-2.9329286009680686,69
-1.5590996922855396,-2.9496007767170087,69
-1.8079305637376064,-2.9851602442736174,69
-1.7642810352363554,-2.964809046941577,69
-1.806007735047618,-2.9400669546875755,69
-1.7428076428519963,-2.932928600968219,69
-2.9233887723100267,-1.6564181665939384,76
-2.908024408540185,-1.7777983594969669,76
-2.868980014895151,-1.704035031153064,76
-2.870939560610214,-1.7248890737754754,76
-2.9233887723120935,-1.6564181665902733,76
-2.9080244084945073,-1.7777983595708164,76
-2.868980014860812,-1.7040350312109713,76
-2.870939560689352,-1.7248890736485103,76
-0.6522019797488032,2.7428480802538258,28
-0.697355159331152,2.653944043531782,28
-0.6743967800187834,2.6575187164918566,28
-0.6893010215577717,2.6141811789025513,28
-0.6468456442166477,2.4103027262292365,28
-0.604638717856702,2.8686154545082188,28
-0.6022091747440066,2.729885100478771,28
-0.6653119952953884,2.6918028159134693,28
-0.7415706556710948,2.6873156854835587,28
-0.6330808610171132,2.5110930875742437,28
-2.569393102646552,-1.6919817294098605,76
-2.8656954009965365,-1.6583599587430284,76
-2.885200632743675,-1.7046457021086727,76
-2.853600102657395,-1.6283919960887738,76
-2.8647667902373497,-1.7070311817625692,76
-2.5693931027563868,-1.691981729286173,76
-2.865695401002603,-1.658359958732906,76
-2.885200632706868,-1.7046457021714423,76
-2.853600102656171,-1.62839199609079,76
-2.8647667903760596,-1.707031181536042,76
-2.627336436254295,-1.6397574318712669,76
-2.8734869535946514,-1.681720776807299,76
-2.871753625906817,-1.7227397749072777,76
-2.783628729663752,-1.6160694036963061,76
-2.7998255985560667,-1.7315515413419713,76
-2.627336436254948,-1.6397574318704937,76
-2.873486953604987,-1.681720776790394,76
-2.8717536253210256,-1.7227397758370557,76
-2.783628729640715,-1.6160694037315562,76
-2.799825598554217,-1.731551541344948,76
-0.7326683565655367,2.5364148968427336,28
-0.5811779459297677,2.2753561167994163,28
-0.804143621390693,2.452927786145452,28
-1.0135051849420906,2.321363974043588,28
-0.6941424048014405,2.280503817468255,28
-0.7636667177603575,2.1888141161225336,28
-0.6558142974963449,2.636141421353996,28
-0.5031734707136445,2.4144513281180067,28
-0.7720930535295781,2.279087196019387,28
-0.7955526676696071,2.010511992163306,28
-0.7326708219456305,2.5364139579436094,28
-0.5811780000141511,2.2753560943945508,28
-0.8041433369298268,2.452927896748193,28
-1.0135051836017503,2.321363974680656,28
-0.694142369973832,2.2805038326242495,28
-0.7636667404237831,2.188814106142304,28
-0.6558145145000768,2.636141344560266,28
-0.5031734176166329,2.414451346435847,28
-0.7720930518957224,2.279087196804215,28
-0.795552667588312,2.0105119921884103,28
-2.640892839243499,-2.296003275843219,75
-2.666904130406481,-2.3370828165915842,75
-2.6099809714963835,-2.273394226460782,75
-2.6633833459495535,-2.3392061096008065,75
-2.6408928392456668,-2.296003275840898,75
-2.6669041308280583,-2.3370828161279444,75
-2.6099809714937097,-2.27339422646355,75
-2.66338334602627,-2.339206109516342,75
0.9003559815821073,2.9552981080788205,23
0.8471918589488467,3.049392112540467,23
0.8718445035311005,3.0606768188409337,23
0.8584972957462991,2.972262380165444,23
0.8888316404415522,3.0153912850610416,23
0.8580347302047032,3.0537294189861046,23
0.8948694935821154,3.1248872406516153,23
0.8748313483194063,3.0808163040305083,23
0.8436465106264531,3.0870157311402764,23
0.8479351380396996,3.129753665236228,23
-2.418703755397242,-2.233981615838877,75
-2.585625990769518,-2.29067884901882,75
-2.5981937268801114,-2.2902322343654324,75
-2.607483350157919,-2.2409179389053375,75
-2.58823339295419,-2.293235195175553,75
-2.4187037553922615,-2.2339816158436543,75
-2.5856259908480332,-2.290678848937958,75
-2.598193726858979,-2.290232234387389,75
-2.6074833501485633,-2.240917938914811,75
-2.588233392953227,-2.293235195176553,75
-1.8625241175316503,-2.2498840653923846,72
-1.7564009644160683,-2.3370607131660845,72
-1.7995692390016622,-2.294621557694205,72
-1.7518023761979986,-2.3172332209949094,72
-1.8625241175316571,-2.249884065392377,72
-1.7564009644160696,-2.337060713166084,72
-1.7995692390016562,-2.2946215576942075,72
-1.7518023761980024,-2.3172332209949067,72
1.4898079493746845,2.527712043261365,34
1.4608422378702832,2.3996923768331975,34
1.4643923885865897,2.4619640264921157,34
1.4507375031529124,2.3840601323085755,34
1.414953352002893,2.112625426161385,34
1.5754319932742884,2.5915323332097677,34
1.594645645026137,2.468795884384273,34
1.5400254439367351,2.475401928811949,34
1.553119001077984,2.5104818359716683,34
1.5170249889211247,2.2345254616283765,34
-1.6200773046202046,-2.3267803104429,72
-1.8690392259500275,-2.3152246460249417,72
-1.7375848125896936,-2.3137411967167023,72
-1.8136615456719667,-2.2886866730350652,72
-1.7663765719438884,-2.3830348381328066,72
-1.6200773046202068,-2.326780310442898,72
-1.8690392259500366,-2.315224646024935,72
-1.7375848125896947,-2.3137411967167023,72
-1.8136615456719625,-2.2886866730350706,72
-1.7663765719438889,-2.383034838132811,72
-1.6062920489914512,-2.2659477029016295,72
-1.821263567686151,-2.3065984543577933,72
-1.663159936843775,-2.272312314361943,72
-1.7522203226639388,-2.2816661805409364,72
-1.6460410595707233,-2.344885534149837,72
-1.6062920489914536,-2.2659477029016286,72
-1.8212635676860691,-2.3065984543578586,72
-1.6631599368437722,-2.2723123143619466,72
-1.7522203226639328,-2.281666180540943,72
-1.646041059570719,-2.344885534149845,72
1.4501960803823266,1.9073974960158735,34
1.5722516574035503,1.6953542563213826,34
1.4333034221651855,1.9154543058388434,34
1.425989289428965,1.5093956754495048,34
1.3780771091365638,1.6643345166612113,34
1.4755057689255249,1.0965110791980082,34
1.5468325505322382,2.084890833293131,34
1.5458466043756258,1.9835355044483616,34
1.4396736625886315,1.4748980753246268,34
1.3919326904362492,0.9922088102350104,34
1.4501960687388575,1.9073975152951042,34
1.572252117979405,1.695352945210972,34
1.4333034187828637,1.9154543126256542,34
1.4259866651087172,1.5094052983612964,34
1.3780780975755507,1.6643313441648222,34
1.4755059552901315,1.0965098618886395,34
1.5468325481022853,2.0848908370467787,34
1.5458466217831865,1.9835354783936558,34
1.439676336956964,1.4748805467903936,34
1.391932713475037,0.9922087188119778,34
-1.605695539299977,-2.857849106390519,71
-1.5547265726360033,-2.8571484821784385,71
-1.558536876717632,-2.859829683730863,71
-1.5690468078011872,-2.8551785873660993,71
-1.6056955392999714,-2.857849106390524,71
-1.5547265726360022,-2.8571484821784376,71
-1.5585368767176353,-2.859829683730858,71
-1.5690468078011761,-2.855178587366105,71
2.151959661714057,2.5294216147773785,20
2.093127884285963,2.5661298229623313,20
2.0928181972562623,2.503366038006052,20
2.0697290940376907,2.5331248898480005,20
2.1228691313286383,2.4916950019317494,20
2.1344231400446727,2.547874076432081,20
2.1392987053648334,2.5770411929252055,20
2.1037958696755577,2.541198338818053,20
2.087179704223446,2.546937288110089,20
2.1304740397374697,2.4804437560340054,20
-1.459133665997543,-2.8119200377267672,71
-1.6580271342054285,-2.849491701207484,71
-1.5644266862849845,-2.815159715227057,71
-1.5955910522391215,-2.833970007859392,71
-1.6028439261581808,-2.85991550237053,71
-1.4591336659975436,-2.811920037726767,71
-1.6580271342054684,-2.8494917012074605,71
-1.5644266862849732,-2.815159715227061,71
-1.5955910522391354,-2.8339700078593824,71
-1.6028439261581529,-2.8599155023705425,71
-2.5422704473435607,-1.7760830291036767,74
-2.5701562295566625,-1.903535421837866,74
-2.6026552474375224,-1.8601372546843726,74
-2.515590620158026,-1.8641598343881798,74
-2.5422704473371667,-1.7760830291115959,74
-2.5701562295549434,-1.9035354218397573,74
-2.6026552474378084,-1.8601372546840276,74
-2.515590620161206,-1.8641598343844292,74
0.4443036787900928,2.9132726661104313,26
0.3755259949621724,2.9477722349598525,26
0.40713591796250065,2.9208899666070107,26
0.32648531564202,2.8588944471034794,26
0.3458733677536001,2.8100075549054324,26
0.4314773945247025,2.9562745849595125,26
0.46013692091436886,2.910705584967167,26
0.4303279524337588,2.90444967616511,26
0.3539903193978289,2.832296109377983,26
0.35166782189223966,2.828181307613125,26
-2.3528399208937105,-1.9024585071985292,74
-2.6140612782667647,-1.8438325887729259,74
-2.5828121926724363,-1.8982873003997245,74
-2.6269103332014754,-1.8501036768607928,74
-2.5770231991491794,-1.9292479011319354,74
-2.352839920894137,-1.9024585071980753,74
-2.6140612782686277,-1.8438325887706075,74
-2.582812192671962,-1.898287300400271,74
-2.626910333193141,-1.8501036768707855,74
-2.5770231991461086,-1.9292479011353472,74
-2.341290299092775,-1.7968530522608215,74
-2.7267029029012955,-1.9077548869051588,74
-2.64143034591204,-1.9036485418703422,74
-2.684545296190402,-1.8809977585193653,74
-2.578952325809672,-1.9355676868107572,74
-2.3412902990929405,-1.796853052260643,74
-2.726702902899781,-1.9077548869069623,74
-2.6414303457887853,-1.9036485420133626,74
-2.6845452971333086,-1.8809977573681393,74
-2.5789523258240834,-1.935567686794899,74
0.3091911220859352,2.615256187361291,26
0.22918226645297993,2.2976667619882827,26
0.14957611192931616,2.487680497018299,26
-0.02950734597465284,2.1830181418677355,26
0.07102188957093165,2.294388472623609,26
0.09015167964100351,2.1471927363738414,26
0.45526232313590953,2.841005309350056,26
0.24367770477690723,2.4722393306462873,26
0.0753706325937231,2.23574093311855,26
-0.07155446710541351,1.8009858511719141,26
0.3091911382168374,2.6152561913997294,26
0.2291822599903266,2.29766676020333,26
0.1495764844890393,2.487680630267148,26
-0.029507345793435717,2.1830181418959556,26
0.07102188960403504,2.2943884726312227,26
0.0901516755739767,2.1471927360733205,26
0.4552623530742239,2.8410053077795934,26
0.2436778869338652,2.472239395456056,26
0.07537063251281953,2.2357409331059768,26
-0.07155446710545427,1.800985851171905,26
-2.4391549669164285,-2.4347999845868955,73
-2.405278991978172,-2.48374801342935,73
-2.414585646077418,-2.4803027287353516,73
-2.3993159053139768,-2.463494830277903,73
-2.439154966919823,-2.4347999845835053,73
-2.405278991981686,-2.4837480134258962,73
-2.414585646080973,-2.480302728731876,73
-2.3993159053585233,-2.4634948302331936,73
1.249370155366169,3.1731649245852727,23
1.2329168549833533,3.286872237334782,23
1.2275557970634408,3.2608947558999675,23
1.249305747857883,3.197261472489431,23
1.241799570890365,3.199988805675754,23
1.2534563548003963,3.213881710662447,23
1.2713398616605476,3.2593830342215546,23
1.2466817705691666,3.3021617565821026,23
1.23610819691188,3.1620670612888513,23
1.2176458544942173,3.2793620662447336,23
-2.3399535899483905,-2.457919424704779,73
-2.450874095985428,-2.469960785688349,73
-2.3935894431267646,-2.39747936313499,73
-2.433429930132293,-2.424582821052312,73
-2.42649964639318,-2.455242285994794,73
-2.339953589957222,-2.457919424695779,73
-2.4508740959942865,-2.4699607856794903,73
-2.3935894431258253,-2.3974793631359566,73
-2.433429930134215,-2.424582821050383,73
-2.4264996463872412,-2.45524228600086,73
1.1881830408866743,-2.657638350695518,48
1.1737112786818955,-2.656617757208669,48
3.5164645262241745,-1.2961381942806047,39
3.516464526440229,-1.2961381935564245,39
3.530324757198151,-1.2867635678021678,39
3.5303247571981866,-1.2867635678020581,39
1.1144464707984967,-2.6170420895016715,48
1.1803072715249459,-2.652734178144096,48
1.1144464707984982,-2.617042089501671,48
1.1803072715250027,-2.6527341781440654,48
-2.1212323429696682,-2.6155918334024073,70
-2.05460203994692,-2.630794649518978,70
-2.103429708261286,-2.6434212021366674,70
-2.0257493062417034,-2.6027204941910558,70
-2.1212323429696807,-2.6155918334023944,70
-2.0546020399471163,-2.6307946495187773,70
-2.103429708261229,-2.6434212021367127,70
-2.02574930624168,-2.6027204941910713,70
0.40996960642708247,1.1350828336438394,36
0.33106461711862484,1.1321476581435748,36
0.34563734416566183,1.1505134009419526,36
0.35349135556944244,1.185765431228521,36
0.3424638927325721,0.958210234944871,36
0.5188252694933569,1.4664106099766605,36
0.5551182271679819,1.2277286440573858,36
0.3925736042043191,1.1288570397182993,36
0.4367276275455844,1.4835825703728813,36
0.38754112422190135,0.9909516277507177,36
-1.7338395366927022,-2.608327705020638,70
-2.114901300121887,-2.620736919283168,70
-2.013335342756582,-2.6134286775444373,70
-2.09519593341987,-2.611689600490315,70
-1.9674605421039102,-2.5886181919916234,70
-1.7338395366927042,-2.6083277050206366,70
-2.114901300121867,-2.620736919283184,70
-2.01333534275657,-2.613428677544448,70
-2.0951959334198436,-2.6116896004903345,70
-1.9674605421039106,-2.588618191991623,70
-1.8413325734146815,-2.7047991676542393,70
-2.071026969178744,-2.6319874442004254,70
-1.9563783079047474,-2.627893691506542,70
-2.004960842707751,-2.587286163355996,70
-1.9019340885148328,-2.610617217034023,70
-1.8413325734146442,-2.704799167654265,70
-2.071026969178768,-2.6319874442004108,70
-1.9563783079047212,-2.6278936915065607,70
-2.0049608427076198,-2.5872861633560937,70
-1.9019340885148346,-2.610617217034021,70
0.5770350723429449,0.8695738250250609,36
0.6560258016369559,0.6656633648315878,36
0.47653410682443487,0.8752054446102578,36
0.6268147894496805,0.7011091562054625,36
0.5473515741251677,0.8132399782555675,36
0.5915092271192666,0.6028189078141066,36
0.7329929458210629,0.9177880478229294,36
0.6532280447962829,0.9587644217799178,36
0.5046725465174562,0.756329389584587,36
0.6065928016976581,0.618373753424114,36
0.5770350718055975,0.8695738253131668,36
0.6560258019082723,0.6656633646640379,36
0.476534097675585,0.8752054504940122,36
0.6268147948843522,0.7011091530984432,36
0.5473515741240701,0.8132399782561887,36
0.5915092271233047,0.6028189078115427,36
0.7329929440146216,0.9177880491531183,36
0.6532280527423399,0.9587644167873637,36
0.5046725465590064,0.7563293895590456,36
0.6065928014036752,0.6183737536074667,36
-1.9881192990866325,-2.981132696069825,69
-1.9376365115699699,-2.979062535965312,69
-1.9547958468870854,-2.942609350463112,69
-1.9110495442497561,-2.9764005080751397,69
-1.9881192990833274,-2.981132696071803,69
-1.937636511573344,-2.979062535963365,69
-1.954795846885117,-2.942609350464288,69
-1.911049544195092,-2.9764005081062552,69
1.7611063875438169,1.680397009704448,19
1.6099917024845045,1.7077519521067892,19
1.660246138669298,1.5104128502179934,19
1.5643868892123145,1.747844503383694,19
1.6102869424071724,1.1953393456651644,19
1.7725681224562249,1.9273269015665797,19
1.6554281287887005,1.902716850440947,19
1.653217711544887,1.5310931694665906,19
1.5774419973748417,1.9883047494002934,19
1.589446604807877,1.254471460559826,19
-1.6558531710558855,-2.962587300677456,69
-1.9364328965511162,-2.9647225536144264,69
-1.8549659161401026,-2.972689268366706,69
-1.916223373540641,-2.9468358694168475,69
-1.8111042158300972,-2.9454799031549976,69
-1.6558531710558757,-2.9625873006774612,69
-1.936432896540821,-2.9647225536204913,69
-1.8549659161418115,-2.972689268365769,69
-1.916223373546127,-2.9468358694136665,69
-1.8111042158250634,-2.945479903157705,69
-2.8979819443550787,-1.5738597912468606,76
-2.8346908314090813,-1.659642092536157,76
-2.831522570836836,-1.6005109089281615,76
-2.850244710056329,-1.6422882034216963,76
-2.897981944355148,-1.5738597912467414,76
-2.834690831433231,-1.6596420924960829,76
-2.8315225708414378,-1.6005109089207736,76
-2.850244710055596,-1.642288203422894,76
-0.9983748856250703,2.4166278774127994,28
-1.067302545986392,2.295527215083986,28
-1.0018908061884564,2.278056185038714,28
-0.9869430304115022,2.2737533703959243,28
-0.9429633382793677,2.1101223666910753,28
-1.0591329392343154,2.5241176588189242,28
-1.0637693179851104,2.389246139660169,28
-1.0738994306348546,2.3401991082650806,28
-1.1300800775188835,2.390220978434717,28
-1.0119505747778685,2.1705505720901863,28
-2.5581977268014087,-1.6368152574675867,76
-2.8698299676336436,-1.5831294844581378,76
-2.872049216219981,-1.612758554002796,76
-2.8459307310787296,-1.550584172771067,76
-2.8324371983976335,-1.6335923066803988,76
-2.5581977267956493,-1.6368152574743355,76
-2.8698299676338896,-1.5831294844577206,76
-2.8720492162185005,-1.6127585540053244,76
-2.8459307310787705,-1.5505841727710048,76
-2.8324371983975145,-1.6335923066805915,76
-2.6195667279988286,-1.5424891385955586,76
-2.899041621850643,-1.5828830365132287,76
-2.8827479612254905,-1.6122941488887876,76
-2.8438967927856154,-1.5385938458154607,76
-2.809873307906129,-1.6219252203562806,76
-2.619566728002604,-1.5424891385905235,76
-2.899041621850635,-1.5828830365132402,76
-2.8827479612261397,-1.61229414888769,76
-2.8438967927856083,-1.5385938458154709,76
-2.809873307906276,-1.6219252203560437,76
-1.042379409215091,2.219159610815703,28
-0.9586264608476973,2.013194713722434,28
-1.0962325089396743,2.1429871260139604,28
-1.21890280479937,2.073712943620553,28
-0.9761322094917345,2.03384146409895,28
-1.0552566953230502,1.9466407343124528,28
-1.065207995449135,2.281371545472022,28
-0.9864053889179081,2.1284237011902394,28
-1.0348683961807357,2.031691108013919,28
-1.019803341145156,1.8411653362469271,28
-1.0423794092157466,2.2191596108154195,28
-0.9586264608476972,2.0131947137224326,28
-1.0962325089396738,2.142987126013962,28
-1.2189028047993569,2.0737129436205546,28
-0.9761322094917345,2.033841464098953,28
-1.0552566953230504,1.9466407343124532,28
-1.065207995447204,2.28137154547294,28
-0.9864053889179256,2.128423701190233,28
-1.034868396180736,2.031691108013918,28
-1.0198033411451548,1.8411653362469258,28
-2.695191371803315,-2.16714274571831,75
-2.662476989600342,-2.1638038220990636,75
-2.6280422852369534,-2.13218374394378,75
-2.7224797209654334,-2.208770482311691,75
-2.6951913718310454,-2.1671427456881602,75
-2.6624769896470863,-2.1638038220498825,75
-2.6280422852198826,-2.1321837439612525,75
-2.72247972139506,-2.2087704818316345,75
0.48561737130685445,2.8572342739283068,23
0.32631305036949704,2.871441750886043,23
0.4067165986451586,2.8470867271261393,23
0.3805169219893123,2.7851965021916536,23
0.37899747234765774,2.7764499604883857,23
0.46233483200866554,2.9422353352730775,23
0.4370070909407036,3.03530239567801,23
0.39733850946496957,2.9258119003682617,23
0.3671296133332028,3.026692302179341,23
0.34110871199577436,2.906147525471314,23
-2.4632094023559783,-2.1521413164452095,75
-2.632814296387847,-2.155247891173046,75
-2.5826443973905104,-2.1193741960497867,75
-2.6396880057234102,-2.125555788325214,75
-2.657391555072512,-2.156910443088934,75
-2.463209402355869,-2.1521413164453183,75
-2.632814296396117,-2.155247891164527,75
-2.582644397387082,-2.1193741960531978,75
-2.639688005732798,-2.1255557883156273,75
-2.6573915550497405,-2.156910443113125,75
-1.9374709053832773,-2.317983264724,72
-1.8630690773727994,-2.319316940740065,72
-1.9081486170886663,-2.3369184114630572,72
-1.8362764324617087,-2.31371313613641,72
-1.9374709053832966,-2.3179832647239844,72
-1.8630690773728078,-2.3193169407400562,72
-1.9081486170886817,-2.3369184114630452,72
-1.8362764324617014,-2.313713136136414,72
1.12936204458933,2.3085026423170842,34
1.10043377169688,2.2101690527235895,34
1.1146843485597662,2.2052430307715243,34
1.094793242084894,2.148066539446482,34
0.9934766869809014,1.9198910470427066,34
1.199854458049879,2.534427381418007,34
1.2393193048333022,2.439466000658887,34
1.1614163361041152,2.3298675730204153,34
1.2137881773573604,2.494595159864867,34
1.076553447420446,2.01992320562903,34
-1.6715528252838898,-2.3398930354763423,72
-1.9589120949401837,-2.3701488493031126,72
-1.8225581997072764,-2.2873281938225145,72
-1.9101621371494588,-2.3127749595483995,72
-1.8429274104924689,-2.359551844978343,72
-1.6715528252839282,-2.339893035476318,72
-1.9589120949401824,-2.3701488493031135,72
-1.8225581997072777,-2.2873281938225154,72
-1.9101621371494406,-2.3127749595484164,72
-1.842927410492468,-2.3595518449783444,72
-1.632658316994795,-2.3026729957048335,72
-1.880729334457695,-2.3382821293375047,72
-1.7140692569077853,-2.2493775056150693,72
-1.8331092350284586,-2.300064996817933,72
-1.7178697112542387,-2.302590114732828,72
-1.6326583169947937,-2.3026729957048335,72
-1.8807293344577671,-2.3382821293374443,72
-1.7140692569077858,-2.2493775056150676,72
-1.8331092350282587,-2.300064996818098,72
-1.7178697112542438,-2.3025901147328254,72
0.965394226886046,1.691189245737465,34
1.0991707803351158,1.5102187969624856,34
0.8808987685071714,1.66073422467728,34
0.8992115468558819,1.193037489837484,34
0.8248308894789735,1.4633058684165947,34
0.903914145596797,1.017680932242751,34
1.0431307792129514,1.769853557128329,34
1.0883725074829913,1.8282268766640957,34
0.784015828091749,1.3824710150294437,34
0.8697922473957518,0.9779163444601472,34
0.9653942268860246,1.6911892457372708,34
1.0991707820774725,1.5102187928978563,34
0.8808987685208283,1.6607342246950534,34
0.8992115467594487,1.1930374899240013,34
0.8248308894962829,1.463305868490724,34
0.9039141455961934,1.017680932243261,34
1.0431307792111308,1.769853557131168,34
1.0883725074541752,1.8282268766814804,34
0.7840158280317749,1.3824710154466453,34
0.869792247395766,0.9779163444601361,34
-1.8156481370921413,-2.8308566733046057,71
-1.76866565786875,-2.805102240458702,71
-1.7494026709275572,-2.8084615629353276,71
-1.757145922278943,-2.82562691974891,71
-1.8156481370937854,-2.8308566733037157,71
-1.7686656578680064,-2.805102240459124,71
-1.7494026709272512,-2.808461562935501,71
-1.757145922279629,-2.825626919748526,71
1.8233395502872107,2.451724018719822,20
1.7322525151911476,2.428650982450349,20
1.7367716608467063,2.3462202363587377,20
1.7400342117884673,2.3581725175369495,20
1.7519380343320063,2.294483804966037,20
1.7976501461289578,2.49274503352765,20
1.7910837556067725,2.5185042882783035,20
1.734684927297321,2.3980902334846643,20
1.745057943842316,2.474117114407601,20
1.7458896818776595,2.349903026111696,20
-1.5809471893915739,-2.8064589740582346,71
-1.8133591271836753,-2.8502900423477007,71
-1.6937646037996035,-2.7839155194579575,71
-1.749709272579479,-2.827758407556157,71
-1.725380114937773,-2.835970763436924,71
-1.5809471893915248,-2.8064589740582595,71
-1.8133591271736924,-2.8502900423530555,71
-1.6937646037997243,-2.783915519457886,71
-1.7497092725851524,-2.827758407552977,71
-1.725380114940201,-2.8359707634355478,71
-2.579551856142123,-1.715569480289274,74
-2.533517938188664,-1.7942324709882063,74
-2.5794891181175994,-1.7787455366434048,74
-2.508264855945678,-1.753561014381269,74
-2.5795518561681376,-1.7155694802553254,74
-2.5335179381888304,-1.794232470988006,74
-2.5794891181186834,-1.7787455366420089,74
-2.50826485594599,-1.753561014380899,74
-0.2507603442006597,2.4510126897000513,26
-0.34643651052221464,2.397736842581927,26
-0.2862092764088694,2.3698457438014837,26
-0.2780809788349624,2.3148833176077575,26
-0.33755431038513145,2.2661408469094604,26
-0.2695791525335028,2.59717162798266,26
-0.27904443061266165,2.474055830327141,26
-0.2877885211976505,2.3902612714449747,26
-0.29959820666926995,2.444357447882586,26
-0.3478294333570457,2.304266365081857,26
-2.4035566587389843,-1.8138821847920923,74
-2.616930740300818,-1.783448049304583,74
-2.592007953237557,-1.8205217831096947,74
-2.6211246647703046,-1.788656016793409,74
-2.5766149155547287,-1.871785305429873,74
-2.4035566587365746,-1.8138821847947726,74
-2.6169307402874247,-1.783448049322018,74
-2.59200795323776,-1.8205217831094436,74
-2.6211246647737783,-1.7886560167889325,74
-2.576614915554878,-1.8717853054296942,74
-2.3254647037952605,-1.7212297066737365,74
-2.6974826279365045,-1.8324526232738272,74
-2.62168694523945,-1.8247093350256058,74
-2.6735735030955863,-1.7887667379133214,74
-2.5454963119926304,-1.8596927158237777,74
-2.325464703795207,-1.721229706673797,74
-2.6974826279321933,-1.8324526232793326,74
-2.621686945160146,-1.824709335124296,74
-2.673573503127043,-1.7887667378700263,74
-2.5454963119907155,-1.8596927158260497,74
-0.23133847887468822,2.1810853663271077,26
-0.19944884925259226,1.9196347891314278,26
-0.30265185080101203,2.092206600713928,26
-0.3568234791453589,1.868598877698448,26
-0.28199248324251486,2.0097743998182205,26
-0.28221631569015815,1.77585998038148,26
-0.24835994591123037,2.361818998061162,26
-0.26290027410425554,2.1516816715150084,26
-0.29934112630610027,1.9338125639613097,26
-0.33846104879054983,1.5774203181790074,26
-0.23133847887476758,2.1810853663270846,26
-0.19944884925257225,1.919634789131431,26
-0.3026518508006665,2.0922066007140283,26
-0.356823479140855,1.8685988776995952,26
-0.28199248324253484,2.009774399818207,26
-0.28221631568998723,1.775859980381516,26
-0.24835994590945917,2.36181899806166,26
-0.2629002741039958,2.151681671515078,26
-0.2993411263063271,1.9338125639612316,26
-0.33846104879054995,1.5774203181790065,26
-2.5279344198435187,-2.34087051144093,73
-2.488203340316384,-2.356008936013488,73
-2.4761137785095624,-2.3431234638425424,73
-2.4798188118562536,-2.383721343520324,73
-2.5279344198439957,-2.3408705114404444,73
-2.4882033403178387,-2.356008936011964,73
-2.476113778503254,-2.3431234638491754,73
-2.4798188117817754,-2.383721343597266,73
0.9255138532503825,3.0138484422731913,23
0.874045654604129,3.0527237980616446,23
0.8871891107805261,3.0156601654536273,23
0.890955758679264,2.9209645707398773,23
0.889174394385423,2.923767023463292,23
0.9121424145383812,3.0711867157570287,23
0.9193669559649533,3.1021681279041884,23
0.9091171939261282,3.1016121311577507,23
0.8816009699226762,3.034922924805309,23
0.8824500593006573,3.0622139762560785,23
-2.3787933800524232,-2.3396945616030607,73
-2.512871359844187,-2.3778897371943364,73
-2.4499249523545994,-2.307313453520425,73
-2.4767696792325697,-2.3350296610955135,73
-2.494477164891197,-2.367694829784278,73
-2.3787933800528385,-2.339694561602616,73
-2.512871359843737,-2.377889737194799,73
-2.4499249523564175,-2.3073134535184736,73
-2.4767696792336396,-2.335029661094378,73
-2.4944771648876713,-2.3676948297879594,73
1.0462138995834493,-2.6900675932161184,48
1.0569734607776826,-2.6741014735247544,48
3.613720439754285,-1.372400388501941,39
3.6137204407548458,-1.3724003856784115,39
3.500464317921057,-1.3841639241832007,39
3.5004643180041097,-1.3841639239487862,39
1.0340251877753923,-2.586352202975208,48
1.088515438818353,-2.624702452910645,48
1.0340251877753923,-2.586352202975208,48
1.0885154388183416,-2.6247024529106517,48
-0.5089196410717995,1.479825928968512,32
-0.5922381184016288,1.4915975501714096,32
-0.535551851006745,1.5324010583470677,32
-0.5590160468264865,1.5306024978185433,32
-0.4720422978831656,1.3939993762982459,32
-0.5662002584985218,1.5817035562073138,32
-0.5918351537540905,1.5367202142077396,32
-0.5812820187311372,1.4815388993773988,32
-0.6788790014382897,1.6214220722352592,32
-0.5658582930796109,1.4340451056120123,32
-3.1404506253474658,-0.9675319635850673,80
-3.1404506253026336,-0.96753196371359,80
-3.1912079608793458,-0.830856877915663,80
-3.191207960820905,-0.8308568781208133,80
-0.5183929396492375,1.3057627918086987,32
-0.4387558313697055,1.0535167974987842,32
-0.5183929396492416,1.305762791808701,32
-0.4387558313697057,1.0535167974987838,32
0.7729046853551763,1.9107369600965005,15
0.7004973070324881,1.806829065213991,15
0.7724476648756937,1.8479101006582874,15
0.7382703766089624,1.9793891472000278,15
0.740108989393418,1.8071499556501545,15
0.7469777127275635,2.068332577108481,15
0.6240278186343039,1.8400661756274481,15
0.6816629144168319,1.7587761020148847,15
0.629983757261734,1.9969381009131322,15
0.6065490316833713,1.68181479050673,15
-3.1011060481874595,-1.3487590084056271,80
-3.1011060481344424,-1.3487590085313022,80
-1.4707719685017557,2.527797432904488,25
-1.413847880422353,2.5170853804402222,25
-1.4314026845653622,2.57549696742555,25
-1.3741254863180548,2.561162287746314,25
-1.297657699400087,2.380954092647418,25
-1.4707211309251527,2.6335052753286,25
-1.33957123571436,2.5601524549609533,25
-1.38970508854641,2.5781126491807167,25
-1.3774647446683452,2.639232891738212,25
-1.3154849304423495,2.461568184287512,25
-3.5680199043251664,-0.1373490523307174,84
-3.568019904325173,-0.13734905233371275,84
-3.5324353868222986,0.005614646600642599,84
-3.5324353868219873,0.005614646607310782,84
-1.473933349582586,2.440488080662109,25
-1.309391152385289,2.1649534058524726,25
-1.4739333495825873,2.4404880806621096,25
-1.3093911523852884,2.1649534058524726,25
-0.3456722967493699,2.637103694529406,21
-0.4048714032261703,2.788362808426968,21
-0.32859644902080914,2.8248941598030886,21
-0.3056466266531402,2.8778689366543535,21
-0.24656249931522817,2.729262698628886,21
-0.4092101736509417,2.821149019429434,21
-0.36339847359099564,2.886283478357583,21
-0.3726642722894948,2.890303888413703,21
-0.3830613276676501,2.948241404401564,21
-0.35373998493882536,2.8370101960827365,21
-3.512892825765992,-0.731815870968413,83
-3.5128928257567424,-0.7318158710178242,83
-0.05496683353350114,2.0315328123387655,30
-0.10653835608096635,2.043688353699273,30
-0.03961320521655741,2.106509092723039,30
0.006986901302163134,2.016247719989639,30
-0.0363636987142165,1.9905684163762787,30
-0.08805160662407237,2.148374039155305,30
-0.09240888550410896,2.0666480696079854,30
-0.1385358024894639,2.007221409747678,30
-0.10477518277806497,2.0243302742060516,30
-0.15152699817606752,1.981054144534318,30
-3.1214078424808203,-0.9710385379721517,78
-3.121407842434314,-0.9710385381095684,78
-2.989691247305661,-0.8016840541216071,78
-2.9896912473278565,-0.8016840540551141,78
-0.1777588859536096,1.6738737858578752,30
-0.11138138309994094,1.4160248582718622,30
-0.17775888595419115,1.6738737858576986,30
-0.11138138309993953,1.4160248582718606,30
0.9977251738089657,2.256399599574244,20
0.9068180848036147,2.2828923309291134,20
0.9380999950494988,2.2355520358148824,20
0.9365230331628069,2.222259108990612,20
0.9689815875409754,2.2253007120032757,20
0.8903033602812762,2.2475002887977045,20
0.8852944493605397,2.3042181467565874,20
0.8938896194975438,2.2049229707647773,20
0.828665366241126,2.30010325229616,20
0.8942174393168677,2.2448404605525076,20
-3.0958509339339675,-1.427299355410152,77
-3.0958508331305183,-1.4272996001866523,77
-0.8416793746227851,2.6565149398064314,24
-0.7906079774192953,2.5797101610908157,24
-0.8128825537560199,2.6589974774740353,24
-0.7136953127770617,2.5479633575807905,24
-0.6895002731577858,2.4647550598367682,24
-0.8620947881823058,2.786573608717361,24
-0.7367873870227464,2.6351186887054423,24
-0.8066880175900801,2.6632249576694624,24
-0.768360042019367,2.6250111443643953,24
-0.743558263202168,2.5873107065837564,24
-3.5794588256729227,-0.2808244317674538,88
-3.579458825697743,-0.2808244312055307,88
-3.4175100641134932,-0.08380394093022701,88
-3.4175100641135354,-0.08380394093289,88
-0.8080790065860458,2.4643232706096887,24
-0.6946587167873592,2.1619890386120915,24
-0.8080790065874811,2.464323270609202,24
-0.694658716787361,2.1619890386120906,24
0.273002815414108,2.9266126054208677,22
0.22709571570233303,3.010281139856104,22
0.26505881361312694,3.014976654853674,22
0.2836248317639325,2.9148911239667883,22
0.3534347863366401,2.931458053531306,22
0.21238606320139963,3.0497901715281905,22
0.23914449109877947,3.0645499781290484,22
0.24139199779450946,3.0878856882827925,22
0.22686158830162476,3.036449312759333,22
0.27809361930634735,3.070974328529107,22
-3.450330864053136,-0.9319537572406618,87
-3.4503308679630726,-0.9319537429833095,87
0.9848658460390411,-2.273789579138038,50
1.0284045510843682,-2.2600925621499233,50
1.044144602699322,-2.1782371996563916,50
1.0814703693523577,-2.226659557891381,50
0.9439075439689163,-2.5846966452840507,50
0.9446171082052146,-2.318535384468278,50
0.9964872829464706,-2.328356007050331,50
0.9945366833995423,-2.3136923191901237,50
0.9984279048536687,-2.328823842567736,50
0.9265669375764528,-2.5892102139796256,50
3.5243017634537894,-1.2149789596617633,38
3.52430176348972,-1.2149789595244422,38
3.5584249419982226,-1.2005851696298908,38
3.558424942119454,-1.200585169182438,38
0.9655061621573784,-2.3087192690748006,50
1.0766473386026334,-2.4144579034396423,50
0.9655061621573777,-2.3087192690748015,50
1.0766473386026332,-2.4144579034396414,50
-0.8369769191581161,1.6256860213810418,32
-0.901025688426265,1.6059312215739296,32
-0.8629985244855576,1.6534281854934443,32
-0.8399234673043637,1.6241197620718126,32
-0.8040479511426658,1.5274399881932827,32
-0.930048141102435,1.7601613792160944,32
-0.9105394674610044,1.6668295427625317,32
-0.9400211630868507,1.676024928892727,32
-0.9560039734099881,1.7258474574274545,32
-0.8921828891806578,1.597795137926427,32
-3.2103041077263073,-0.6786901006173925,80
-3.2103041062903768,-0.6786901075654586,80
-3.21361601699758,-0.5775841750865035,80
-3.213616018209076,-0.5775841683770475,80
-0.8070644657687499,1.4285902564364727,32
-0.6689777873014882,1.2170980064011665,32
-0.8070644657687499,1.4285902564364719,32
-0.668977787301488,1.217098006401166,32
0.5095256632241483,2.071308203927076,15
0.36213528259788375,2.092286589301822,15
0.47166508819274394,2.1580131376188088,15
0.43687858989331907,2.259651336807976,15
0.4099392443457171,2.064914677003762,15
0.4746173042477654,2.2366111453843547,15
0.32941299041160077,2.149707858410607,15
0.37132228501524484,2.0927517091983763,15
0.30283020914067305,2.236961274914967,15
0.2991991740948238,2.0043667066686535,15
-3.134440643893576,-1.1605333758427645,80
-3.1344406438929417,-1.1605333758443113,80
-1.6469041472062182,2.5619784684947815,25
-1.6164184915713358,2.511599412034619,25
-1.6206022255509414,2.566084089145878,25
-1.572958407060134,2.5276573703139196,25
-1.5126288722972134,2.3738855581329057,25
-1.6810888377638087,2.7443461904659863,25
-1.5822854776335422,2.5527319951781218,25
-1.6337801900041764,2.6203153980249207,25
-1.6182855001361265,2.625894291054544,25
-1.5405988881836923,2.4693311567584013,25
-3.622355043767031,0.17632763895679907,84
-3.622355043767015,0.17632763895700737,84
-3.5971381912162044,0.33995060070652844,84
-3.597138191219627,0.3399506006818732,84
-1.639404584006725,2.4186964373993947,25
-1.500637318214703,2.193204361915594,25
-1.639404584006726,2.418696437399395,25
-1.5006373182147021,2.1932043619155923,25
-0.740087622748753,2.860453414897287,21
-0.8515941089055036,2.8925614548778493,21
-0.7457194753790708,2.952358725967247,21
-0.7286168255819323,2.9036420160587837,21
-0.7114562281439157,2.802570539357663,21
-0.8107652252128257,3.0434419637224663,21
-0.8653920986566827,2.954256359006887,21
-0.8434833713351114,3.016809063820415,21
-0.8612759763907198,2.9997130157951726,21
-0.8449313644171235,2.9296425709310117,21
-3.6078418036956297,-0.38565339174882,83
-3.607841803760605,-0.38565339093943984,83
-0.38202486147606013,2.1774393181029197,30
-0.4964098420958231,2.068298210203999,30
-0.41206298502769473,2.1345495167383763,30
-0.35425798440795764,2.0676128275421672,30
-0.43681998623540724,1.9824553384713568,30
-0.3971580639308237,2.213243794642958,30
-0.4924098153999583,2.09934419241705,30
-0.5133507854439279,2.0897018497041904,30
-0.47732965452778864,2.1125691585676223,30
-0.5771416373980198,1.9719186070760952,30
-3.3286942759642786,-0.6855103908284972,78
-3.3286942773763397,-0.685510382841962,78
-3.1966303145270976,-0.5163911963337735,78
-3.1966303145292154,-0.5163911963207716,78
-0.503088014595006,1.696665592582288,30
-0.42494638885930425,1.5262398763590181,30
-0.5030880145950096,1.6966655925822878,30
-0.4249463888593037,1.526239876359018,30
0.7524299826624442,2.505923513867401,20
0.6184843297329571,2.4405634632365354,20
0.6831173662380319,2.464079217477446,20
0.6995500669034689,2.4408099130837684,20
0.6867749532454774,2.415439000029042,20
0.6496249881431946,2.4612029647306133,20
0.5758916289703307,2.403483428053731,20
0.605223966108932,2.431822898351524,20
0.5424359968989689,2.397283239591948,20
0.5700517106207332,2.3728621253604456,20
-3.226018810408503,-1.2455968761369058,77
-3.2260188108158787,-1.2455968750903255,77
-1.1144521687353974,2.7183695516974087,24
-1.0922882933539924,2.6412531402761252,24
-1.0849589836675106,2.7631416932900135,24
-1.03458976592387,2.6213328258100477,24
-1.0632007585596148,2.511096301608189,24
-1.1119718542152142,2.88972754209544,24
-1.0767668989676085,2.654013234395962,24
-1.1051534649547905,2.720278356758991,24
-1.101612310912339,2.66048076902335,24
-1.080174336796092,2.586817191382823,24
-3.7442780740665382,-0.011652913975447564,88
-3.744278074011124,-0.011652911001380188,88
-3.568484679837124,0.19861726647415268,88
-3.5684846797792136,0.19861726709578434,88
-1.0979625497996992,2.453393512753527,24
-0.9865881716353161,2.1799092972128022,24
-1.0979625498008223,2.453393512752911,24
-0.9865881716353143,2.179909297212802,24
-0.04550227312976271,3.136952635494449,22
-0.15146593957987037,3.139707686852341,22
-0.05019483362801738,3.1905977617340335,22
-0.04027730966707817,3.082586901497416,22
-0.03052102859352403,3.056949116861285,22
-0.16293389601613348,3.2345927714802407,22
-0.1615530568634538,3.1338225816985545,22
-0.18501411688011837,3.219006409114571,22
-0.17501339098287594,3.085435120734777,22
-0.1505901706461311,3.1489063395826387,22
-3.6111007805937407,-0.5779914476124085,87
-3.6111007804132806,-0.5779914489924372,87
0.8898591035018362,-2.448151372486953,50
0.9137840350105594,-2.3606848895692507,50
0.9500199838868626,-2.3418821466314967,50
0.9667172162678082,-2.3193110743104635,50
0.8552199649015424,-2.6667095719975458,50
0.8423150346742071,-2.465164104124434,50
0.8854500452218766,-2.429407083832311,50
0.8860869979144178,-2.4422378901665667,50
0.8999976212328052,-2.406591517529749,50
0.8447768569646738,-2.6547977872393558,50
3.414200225949438,-1.1168816948108018,38
-2.581672923243342,2.4465762879592856,38
3.3867503803585297,-1.081724618154585,38
3.386750380341299,-1.0817246182277473,38
0.8501611663865398,-2.5565589999618195,50
0.93685899240328,-2.5484353448692456,50
0.8501611663865375,-2.5565589999618226,50
0.9368589924032981,-2.5484353448692345,50
-1.6565512197872836,2.1131264966757968,33
-1.7901495200888067,2.2270340893137743,33
-1.7367836703076707,2.1894403436919827,33
-1.6556312356704634,2.216827785129611,33
-1.7083477530603224,2.197322547116598,33
-1.6515824882185568,2.1251821675608724,33
-1.7245357405594786,2.1946384213983556,33
-1.7099555546821585,2.136612549123948,33
-1.7175550254994814,2.2277139169184186,33
-1.7318063598447777,2.1645124651857586,33
-3.0092122060253113,1.3240557602717598,86
-3.009212206041659,1.3240557602371912,86
-0.4751661535035629,2.766750877239451,15
-0.6853409213974037,2.789440902889721,15
-0.5050212028729313,2.8341930519769534,15
-0.4169367695014508,2.8300951027715047,15
-0.48703875835281457,2.838447567299785,15
-0.48028936202876626,2.682004978801325,15
-0.4293395114465219,2.8905376893956816,15
-0.45381367639354736,2.7582284989259698,15
-0.42027076679688885,2.853562171935225,15
-0.6401788954375484,2.68360916962373,15
-3.106843572246918,0.37060320708419137,80
-3.106843947724032,0.370601129829667,80
-1.9797865204835117,2.7359472150879447,25
-2.0369774013093958,2.724896789397806,25
-2.0392639675126665,2.751330152649918,25
-1.9848925440538165,2.7766727562183973,25
-1.999165652803502,2.695938066919134,25
-1.991470759422802,2.7538646425525064,25
-1.9792872737283673,2.775104869710988,25
-1.995921729493655,2.699202869377657,25
-1.9716337939549347,2.809470967325469,25
-2.0122692289311335,2.6695694027593664,25
-3.1696101980272573,1.8450244472135546,86
-3.1696101980270543,1.845024447213889,86
-1.4785060831481711,3.0931580062497472,18
-1.6016828268172068,3.0850703135788007,18
-1.5516748865528,3.1731098414571663,18
-1.4728375106766474,3.0877074930121027,18
-1.5696467854000788,3.0039022321750886,18
-1.5610985869426448,3.0835256493095677,18
-1.5683715519286823,3.162873912938135,18
-1.6128270085635295,3.067153240565732,18
-1.5355343436877376,3.1138871750282626,18
-1.669173636980009,2.992027994344777,18
-2.975300953890651,1.171107006177426,86
-2.975300953890582,1.1711070061776,86
-1.059431751046792,2.424211077468027,31
-1.2043340764878883,2.4175815072757305,31
-1.1146092676955124,2.45166729708284,31
-1.0748919022564143,2.48456674788619,31
-1.2470908892314705,2.420524868860958,31
-1.126057179032364,2.2953219291968816,31
-1.1970220390683262,2.505448130327399,31
-1.1653505078595112,2.333577744926596,31
-1.2105934202152875,2.4577623074504364,31
-1.3280606623182405,2.2874778315510897,31
-2.9637439043183806,1.3257027281531413,86
1.5843779934909947,-0.6918757197617387,86
-0.0012722854856719744,2.661120626812761,17
-0.06820797937580317,2.714354135296939,17
-0.026036465812501887,2.6972759048537727,17
-0.004453790397542205,2.7300570896816314,17
-0.10912088235510119,2.7004127472954753,17
-0.06998961594438127,2.5245998601642845,17
-0.04780093062694354,2.7847631146575105,17
-0.06190196827370992,2.584151986492488,17
-0.07426854606243947,2.7228472121870486,17
-0.253033926610298,2.5583031240135057,17
-3.2006678829508215,0.4232179916967514,77
-3.2006703480458434,0.4232015530819914,77
-1.5584059489452369,2.75200732307091,24
-1.547329443144978,2.7241008229821535,24
-1.5397202640587258,2.7679664731637175,24
-1.503248650276418,2.8060682995094037,24
-1.6311207924171776,2.7490358559902717,24
-1.6063039893550377,2.766368815286069,24
-1.5630438558728017,2.8090059653048107,24
-1.5943703519280614,2.725571622001243,24
-1.5521089082635005,2.8306552189337673,24
-1.6792001392368299,2.671441647636725,24
-3.228671726653484,1.757489834035391,86
-3.2286717266527236,1.7574898340367273,86
-0.8484584555363432,3.091993668676403,17
-0.9135203350114095,3.055730395538328,17
-0.8440101791539807,3.1356180475237085,17
-0.8323580206339625,3.0549102488263475,17
-0.9623043478449945,2.982310681491048,17
-0.9186713013618085,3.111461327632934,17
-0.9277845943112912,3.138326228461277,17
-0.9270469814925332,3.1160528291126814,17
-0.9288654719819048,3.111897659604221,17
-1.0475731640084045,3.0388762828071654,17
-3.114233198063187,1.136828669564605,86
-3.114233198085068,1.1368286695113752,86
0.9968874341467284,-2.968524194515965,47
1.1153554715226823,-2.978762494896685,47
1.0910639968765725,-2.992712628833115,47
-2.828136592022912,1.5271744291929736,47
0.9156740233500882,-3.147441214252416,47
0.9079012521353144,-3.0246508186237264,47
0.8346171420283583,-3.1365640197608005,47
0.9959155840490689,-3.058155878305129,47
-2.9000490299817145,1.3001476541605184,47
0.8896013992890325,-3.1395811645979896,47
-2.8467628538239165,2.950290222974569,38
3.9539592493013145,-1.1771708019738532,38
3.9843260878077946,-1.3037880254801522,38
3.9843322644867603,-1.3037673348478056,38
1.0295167056612415,-3.0716905811296225,47
1.0656258390445288,-3.1399720374677087,47
1.0295168199878426,-3.0716905441969207,47
1.0657463684200754,-3.1399359201515895,47
-1.6374104202312931,2.223823810861974,33
-1.7775110009194819,2.3354742534852284,33
-1.7367268017168647,2.3263146514344144,33
-1.6465822129659602,2.3450913879306627,33
-1.6900116567689465,2.2945951859371485,33
-1.6259415821198122,2.212935516949398,33
-1.7335660725987962,2.329460475284259,33
-1.6953751388465879,2.2443622308659887,33
-1.7499215486649276,2.371962843301507,33
-1.7079878373521458,2.2545555586570387,33
-2.9788167723376127,1.2427522649174465,86
-2.978816772338627,1.2427522649151586,86
-0.3783215246984542,2.8279756400882676,15
-0.49778451675468854,2.831802777728673,15
-0.4001772642150593,2.892488052042445,15
-0.33039498381102117,2.8852430736393324,15
-0.3791866230987432,2.8669036878413814,15
-0.4121056078736078,2.718656566984511,15
-0.35090808764435555,2.903209658035186,15
-0.35521179303133693,2.8117063639323665,15
-0.38569615817270586,2.916324276254931,15
-0.5527658979731653,2.7041548741939514,15
-3.0335797524309847,0.32347229788571824,80
-3.0335696302999686,0.32350689335112265,80
-1.940886847024749,2.78177677732687,25
-1.9684437984674974,2.7416415575945408,25
-1.9661456093703522,2.8026392943349427,25
-1.9524837975201799,2.8564735602901985,25
-1.971718780335182,2.7743576790755977,25
-1.958472540266562,2.8251383156609817,25
-1.9315590237661426,2.81891030452921,25
-1.9369284458271807,2.7559073957529647,25
-1.9550413731589766,2.886275024561045,25
-1.9773524737220853,2.7130097945979124,25
-3.1912573372072184,1.7984036281445979,86
-3.1912573372071824,1.7984036281446552,86
-1.3676297336987475,3.0708506722250215,18
-1.4651803457063521,3.0540209133681486,18
-1.4288579304446296,3.1565573117968158,18
-1.3632314777776164,3.079749972683724,18
-1.4466836462371928,2.9959908280106093,18
-1.440875193729778,3.1074730512472932,18
-1.4685100607213952,3.135863465447907,18
-1.4804823414242405,3.139882577865942,18
-1.4704043073463673,3.1087363259267393,18
-1.5677309592694824,3.0124445631638928,18
-3.0125691090750264,1.095042502541351,86
-3.0125691090750273,1.0950425025413504,86
-0.9828837449259993,2.5224093794969495,31
-1.0848808605555,2.5026041708814075,31
-1.030820735257135,2.5383853520662942,31
-0.9531680774038678,2.586395565724322,31
-1.147318227579419,2.5032927667888725,31
-1.0552034342052334,2.368125931051024,31
-1.110889475366742,2.5729218861167844,31
-1.08278420801663,2.4416763773779167,31
-1.11807477544028,2.5627624162339826,31
-1.2470589064214481,2.3616708316856183,31
-2.941540917537787,1.2572611395493507,86
-2.941540917537804,1.2572611395493096,86
0.0013882083630933032,2.6826885318855993,17
-0.0671704163082903,2.750958551374679,17
-0.03451366447291545,2.723159918274241,17
-0.0030537606293186744,2.741065123932912,17
-0.09876896005901854,2.696639688183389,17
-0.04833718511706578,2.557022486725314,17
-0.039251326052083584,2.7810514400678836,17
-0.04295502585899586,2.6232427343904883,17
-0.05823345166282518,2.7370298192918363,17
-0.20582694080195466,2.58927899355133,17
-1.2196732013045097,-2.68542121531994,77
-3.1324293312767084,0.37368086911940407,77
-1.4824285403940982,2.832002898636199,24
-1.4815617277380941,2.798043252080408,24
-1.443603697943342,2.8468012664258255,24
-1.40360608398509,2.8431781993659477,24
-1.5579085822359122,2.7912200700492,24
-1.5447290602209551,2.853690071922353,24
-1.490100735974433,2.8503878702313323,24
-1.5312635229784906,2.7963099278606207,24
-1.4919209112990517,2.847634268264336,24
-1.6278691690964628,2.714135907213886,24
-3.249987693192125,1.6711037492578686,86
2.911168995485145,-0.4238315290181892,86
-0.778097045498511,3.078831387541188,17
-0.8408954529796687,3.041947342012459,17
-0.7847183791461376,3.114011825947688,17
-0.7745386827482225,3.037323416412026,17
-0.8831611788224272,2.9552990689184253,17
-0.8570564241573809,3.118600685211421,17
-0.8572690318488161,3.1344108708062843,17
-0.8555630731060779,3.1475986855845677,17
-0.871835623281565,3.101263140236228,17
-0.9806607301556063,3.039190151439884,17
-3.1420951978857747,1.0451921679555283,86
-3.142095197886537,1.0451921679537137,86
-2.5556738149722547,1.254136661714017,47
1.1126226199630265,-2.8289462017037876,47
-2.6189313637029525,1.3245384852972288,47
1.1442230949460146,-2.887364706226619,47
0.942520943030727,-3.002375038572612,47
0.9487839791915615,-2.8458754042357173,47
0.910155733924782,-2.9554844595366725,47
1.0094656700056304,-2.9013476861492893,47
0.949086796958967,-2.8907679187286384,47
-2.8473097899486026,0.9996204665337174,47
3.9558381180805235,-1.209370055653549,38
3.955838125595452,-1.2093700278476156,38
3.993918343331292,-1.2948457509053386,38
3.99390769200599,-1.2948821071834846,38
-2.651875991124053,1.2221397575699224,47
1.1291684209667776,-2.96119817012911,47
1.0508077593458012,-2.8690308031379357,47
1.129168427596974,-2.961198167622963,47
-3.3334055289402382,0.39119855431171663,80
-3.346740676714691,0.3343063806806563,80
-3.36815842647212,0.4222831961954202,80
-3.388438969650228,0.37153605149624713,80
-3.333405552448883,0.39119840635658726,80
-3.346740671457747,0.3343064176789959,80
-3.3681583742120127,0.42228351336127956,80
-3.388438984012583,0.371535954538665,80
-1.3932683098100638,2.0226294927308786,33
-1.4465491784407685,2.0536651957242675,33
-1.469502561194231,2.0877833783778588,33
-1.3411468529941228,2.074217281387471,33
-1.3708088081463448,1.9773662330900386,33
-1.345972474805378,2.0511686326146186,33
-1.3521083466607362,2.029889602340327,33
-1.3980083570114548,2.016716758685611,33
-1.3885589352597594,2.0869184280819244,33
-1.374231607510291,1.968254148291381,33
-2.944369485147709,0.46844495676617764,80
-3.3374670018353445,0.34861731379653493,80
-3.2530019335938904,0.38758614861619856,80
-3.350338038968977,0.48462076186681313,80
-3.2529004588121593,0.47552264780914366,80
-2.9443694728955494,0.4684450028780495,80
-3.33746713696809,0.3486163937061779,80
-3.2530019474568435,0.3875860722999296,80
-3.3503379697854707,0.48462112961818204,80
-3.2529004161803217,0.4755228641515732,80
-3.1685524043708937,-0.529451059537641,80
-3.1067789218979227,-0.4954583221271071,80
-3.171524510720233,-0.4657119961016953,80
-3.113573260259285,-0.49649566449540716,80
-3.1685523865287797,-0.5294511686874769,80
-3.106778921844225,-0.49545832250812805,80
-3.171524510735972,-0.4657119959888984,80
-3.113573262497554,-0.49649564791993384,80
0.12769200063029415,2.4519310721054053,15
0.021612112461276322,2.4877326444320644,15
0.07600054676522347,2.537383420497399,15
0.09619802804000115,2.528296719510537,15
0.04621751846637714,2.419226680080307,15
0.16342243681297164,2.417209655005573,15
0.16468582707858184,2.5998973387047872,15
0.17209705255356944,2.4893042190498615,15
0.1535662169573906,2.6174555346162993,15
-0.014099680279320294,2.305381487191214,15
-2.8590677717414814,-0.43047459320966375,80
-3.1795716924785564,-0.5399725449547289,80
-3.143078102399695,-0.48889254306051083,80
-3.204720688084219,-0.43733400158567376,80
-3.0249007400689707,-0.4344295265074527,80
-2.8590677716824153,-0.43047459452237713,80
-3.179571680877036,-0.5399726106191279,80
-3.1430781063105946,-0.48889251660033134,80
-3.204720687491474,-0.437334005930527,80
-3.0249007405420465,-0.4344295141877594,80
-3.45066888093091,1.1966923419871,84
-3.4746936261051955,1.1608442680500455,84
-3.4776980306153873,1.2140038941712,84
-3.517821292145559,1.1991710186167077,84
-3.4506688809225676,1.1966923420073179,84
-3.4746936261051875,1.160844268050071,84
-3.4776980306153837,1.2140038941712092,84
-3.5178212921455807,1.1991710186166507,84
-1.6631554907092743,2.4811435354652076,25
-1.6945311692881193,2.5552465456404234,25
-1.720589083381389,2.5751638509339014,25
-1.661352503050507,2.660384572111967,25
-1.6492096708728048,2.5205532867934455,25
-1.6499951405536262,2.624728377249902,25
-1.6016588108405636,2.6721416034150405,25
-1.647883051507587,2.5726385968537255,25
-1.642856261679367,2.730163747159581,25
-1.6088273010062768,2.4662867145615257,25
-3.187574121247976,1.1600030980842013,84
-3.417585561406183,1.1374208592492885,84
-3.406882640910404,1.1815698834551756,84
-3.4271326663420134,1.2372846991194113,84
-3.361537106592842,1.2316520978596266,84
-3.1875741212478648,1.1600030980844631,84
-3.417585561398881,1.1374208592674588,84
-3.406882640910406,1.181569883455171,84
-3.4271326655359964,1.237284700967159,84
-3.3615371065929214,1.2316520978594414,84
-3.121611386632046,0.5430281335443472,83
-3.1174525161927615,0.5367476113126054,83
-3.16413758494766,0.5835999034311437,83
-3.1189327153435724,0.5330736492269431,83
-3.1216113866319994,0.5430281335445047,83
-3.117452516192788,0.5367476113125158,83
-3.1641375849446374,0.5835999034421168,83
-3.1189327153414905,0.53307364923485,83
-0.8208036665244954,2.6935945198913704,18
-0.8615908090289757,2.7996057547471374,18
-0.8688861119925834,2.877697089888734,18
-0.8079275130134346,2.867793426592231,18
-0.7866447975946923,2.7187793679245007,18
-0.8631309057755585,2.8063698491970546,18
-0.7849895328143851,2.9468061875390466,18
-0.8582408225997168,2.9007482080294658,18
-0.8130233369290726,2.926874205355055,18
-0.8914442661627907,2.7719436135385784,18
-2.9526487650532007,0.5458367912899894,83
-3.1048033920203966,0.5380060642888466,83
-3.128536967939014,0.5870306073942917,83
-3.1420498927670586,0.6376272131643921,83
-2.986988056588821,0.6158079746993103,83
-2.952648765052071,0.5458367912953668,83
-3.104803392011785,0.5380060643192213,83
-3.1285369679388126,0.5870306073949474,83
-3.14204989276697,0.6376272131646427,83
-2.98698805658882,0.6158079746993158,83
-3.1129675878606506,0.47111083438681184,78
-3.128850982790761,0.415100369399058,78
-3.176845384142243,0.47060338838481314,78
-3.1694694566676835,0.47686529452888654,78
-3.112967587850707,0.47111083444014634,78
-3.128850982788813,0.41510036941027845,78
-3.1768453841333772,0.4706033884301675,78
-3.1694694566507735,0.4768652946132187,78
-0.7150198441751607,2.3314971536403144,31
-0.784254778526721,2.325395861443483,31
-0.7252072425877375,2.3955449438540097,31
-0.5924275330630101,2.3915419755603944,31
-0.8430288382592139,2.287148394378999,31
-0.6959050443446545,2.2659093765846574,31
-0.68689602747439,2.4167792786641518,31
-0.7912323064325494,2.300074946491427,31
-0.7160127139286419,2.409144759588324,31
-0.9303083544839073,2.1351624736937556,31
-2.9232618847678338,0.6178060482265366,78
-3.174348057886707,0.46512887317425833,78
-3.0801900465942658,0.4751951519763353,78
-3.1449260116590434,0.5247631108422602,78
-3.10855114162139,0.5898602446353801,78
-2.9232618847677556,0.6178060482269313,78
-3.1743480573823026,0.46512887581922713,78
-3.0801900466241956,0.47519515185341105,78
-3.1449260116711577,0.5247631107863456,78
-3.1085510876291043,0.5898604322336932,78
-3.1567646352044347,-0.35014320371560576,77
-3.0788629541740007,-0.3068238429345628,77
-3.1643456439605875,-0.3188640198837534,77
-3.157259224604731,-0.30490920190445825,77
-3.1567646351991496,-0.35014320376843794,77
-3.0788629541731374,-0.30682384295318926,77
-3.164345643967774,-0.31886401978951123,77
-3.157259224603686,-0.3049092019205575,77
0.36888858488099463,2.4184880630338133,17
0.33856390753033316,2.526760878666724,17
0.3384170317139419,2.4744353345403223,17
0.39401538514898454,2.53680381204728,17
0.30363739911381693,2.411547317842118,17
0.34831119093834223,2.306134787134831,17
0.4338473178984666,2.6207604429521716,17
0.3632920930648569,2.416375295678619,17
0.3979816372663079,2.5942162817342926,17
0.2459823597756051,2.3247390091141313,17
-3.083598107412262,-0.3658145775836911,77
-3.204494375299732,-0.35869157796913,77
-3.123527865182176,-0.32693568517628285,77
-3.163528922331436,-0.3251110490543481,77
-3.1100773981717604,-0.2758760021417809,77
-3.083598107435707,-0.36581457708050263,77
-3.2044943751070822,-0.3586915798096134,77
-3.123527865144552,-0.3269356857775174,77
-3.16352892232447,-0.3251110491441408,77
-3.110077397901858,-0.27587600997055306,77
-3.2245036137596585,1.0904798591541456,88
-3.2753500638278075,1.0069451037942394,88
-3.28587909576401,1.081797788442639,88
-3.3562476255149214,1.056287961212134,88
-3.224503613760201,1.0904798591528915,88
-3.275350063827818,1.0069451037942172,88
-3.2858790957639856,1.0817977884426684,88
-3.3562476255148024,1.0562879612124076,88
-1.2930817711764386,2.4800236606979187,24
-1.2786721331765556,2.501133665790645,24
-1.2970196709803938,2.5119510147864945,24
-1.2041095642146913,2.529478768946678,24
-1.3202875041694793,2.4864132802232164,24
-1.2409126412874447,2.577035673489653,24
-1.2111664296021625,2.6374928538347078,24
-1.2603476537619598,2.548060764801917,24
-1.2261071550771352,2.653647414979132,24
-1.3181115727905657,2.43113498381978,24
-3.2491260632513814,1.0759848354531363,88
-3.249262299619663,1.0570621617311284,88
-3.2359888051519494,1.0477145793390579,88
-3.232003099622466,1.1052411589660047,88
-3.2509794701106314,1.1347488877243654,88
-3.2491260632603023,1.0759848354317676,88
-3.249262299619663,1.057062161731129,88
-3.235988805151966,1.0477145793390175,88
-3.2320030996224665,1.1052411589660052,88
-3.2509794701100554,1.1347488877257086,88
-3.0666096497850703,0.46804655669668255,87
-3.0546862689618033,0.5151170483218839,87
-3.1100370990768327,0.4735162397803333,87
-3.0651116750700425,0.5078189324473577,87
-3.06660964978213,0.46804655671131523,87
-3.0546862689401233,0.5151170484153504,87
-3.1100370990538595,0.4735162398931539,87
-3.0651116750705794,0.5078189324449719,87
-0.3327502762639213,2.7132940899892697,17
-0.39791635345105786,2.766470202796403,17
-0.3762357932321407,2.8119073705987554,17
-0.3482316003662278,2.76418419541279,17
-0.3732479066764444,2.642818987173206,17
-0.3898231215329985,2.782518806588331,17
-0.348863091196174,2.910748443861625,17
-0.39037194022482613,2.8846750178562655,17
-0.3817966401287449,2.868367004448077,17
-0.45666284038950944,2.7355221499082334,17
-3.16465434498531,0.44575296792941577,87
-3.0984828091557954,0.41768416091655497,87
-3.067536022454691,0.524152842752992,87
-3.0633486757501585,0.4603264979639932,87
-2.937635579474063,0.5630454721534089,87
-3.164654345019061,0.44575296774911466,87
-3.0984828091558,0.4176841609165322,87
-3.0675360224610997,0.5241528427260183,87
-3.063348675753598,0.4603264979510045,87
-2.9376355794738616,0.5630454721542721,87
3.4571162694474644,-1.1479938812276418,38
3.5742250748383393,-1.1365538387980703,38
3.5153317841550775,-1.152513199064428,38
3.6133074880182474,-1.1363299975436427,38
3.457116265256451,-1.147993900270008,38
-2.6205284403911184,2.6026055101609717,38
-2.623323317897808,2.5362580289694785,38
3.6133074878388327,-1.1363299981944777,38
1.2192934216246298,-2.148060601588785,47
1.503782304905711,-1.9042953752944858,47
1.313890104004515,-2.062012206144182,47
1.6052915217604025,-1.8764630359666807,47
1.0276952423796655,-2.5762103394655647,47
1.1977891941409065,-2.210456703244735,47
1.0702793600002407,-2.4094722980679455,47
1.1609687806614624,-2.2877661685368724,47
1.167275052059038,-2.278136116888331,47
1.0050993827185788,-2.5353386911856592,47
3.6797056698319874,-1.0521441054825622,38
-2.7278352920770157,2.6347053141310424,38
3.556076443009569,-1.1811160621309074,38
3.5722873629930985,-1.1680827372138178,38
3.604943546071631,-1.2667569499020488,38
3.6797062377515735,-1.0521417544116316,38
3.6505060482757763,-1.1919394985568388,38
3.5560764361556885,-1.1811160884136422,38
3.5722873661002894,-1.1680827256142097,38
3.6049400852619087,-1.2667693029744833,38
3.7149020823952084,-1.06586751612854,38
-2.650456282113354,2.4622917686712706,38
3.5751671673900716,-1.0591395554079555,38
3.606719260971319,-1.0380242179878219,38
3.6024109225948377,-1.0922914765485872,38
3.7149035763937412,-1.0658613034009614,38
3.467659574411528,-1.0415454317249395,38
-2.637322721598865,2.5886242463032265,38
3.606719237929535,-1.0380243191223533,38
3.602410836092907,-1.0922918007113573,38
1.1561653981749007,-2.344541932297387,47
1.2786013420542244,-2.421540295771788,47
1.1868602224048248,-2.1320278926476166,47
1.3448564075101015,-2.2299993125429025,47
1.1689382063440539,-2.2944005774961567,47
1.2663748948565816,-2.408663820668231,47
1.0551013244148528,-2.3925760468532515,47
1.4441420069206465,-2.3855185237948113,47
1.2419832127500579,-2.1029113003395534,47
1.2366731517554093,-2.405432852885033,47
1.1561651513142395,-2.3445421482890962,47
1.278600563848775,-2.4215407808871645,47
1.1868584495803225,-2.1320296144926165,47
1.3422624534435441,-2.2320668099532046,47
1.1689381993765096,-2.2944005837188017,47
1.2664060778183495,-2.4086447564870626,47
1.0551012592863154,-2.3925761025591212,47
1.4550174556698463,-2.3783879761184425,47
1.2420633389557976,-2.1028344267949612,47
1.2366703481284864,-2.405434751345481,47
-2.7575124381771463,-0.8873964293797468,81
-2.81997226815814,-0.8744995143874443,81
-2.7228383769169655,-0.8320959727849875,81
-2.7874223336388786,-0.8422273839559021,81
-2.757512438177179,-0.8873964293796621,81
-2.8199722681581867,-0.8744995143873352,81
-2.722838376916969,-0.8320959727849795,81
-2.787422333638902,-0.8422273839558521,81
0.2616249387930587,0.9132310605303389,37
0.19224068224333968,0.9480668919453107,37
0.24034412044284975,0.9247196831087111,37
0.23113643372296677,0.9614000810780143,37
0.24147215122438218,0.8706440789257063,37
0.3534766839179963,0.9088521439203601,37
0.2966302043875087,0.9779355178123282,37
0.2903918101622029,0.9054325223880686,37
0.2680106341105208,1.0097756745305928,37
0.2328450400215508,0.8869254582248084,37
-2.567166468857833,-0.8670675630843633,81
-2.65080003002355,-0.8804310080985034,81
-2.6922181046149007,-0.8347655861479538,81
-2.7038671700443833,-0.7938079017530597,81
-2.65159038648439,-0.8036036098444319,81
-2.5671664688576494,-0.8670675630848544,81
-2.650800030023561,-0.8804310080984706,81
-2.6922181046149065,-0.8347655861479341,81
-2.703867170044383,-0.7938079017530625,81
-2.6515903864843895,-0.8036036098444399,81
-2.7407661799424705,-1.2512761064787363,82
-2.655831846430423,-1.251141908911391,82
-2.5649372679894786,-1.234488670167695,82
-2.617460260748032,-1.2759101906557393,82
-2.740766179956982,-1.251276106460778,82
-2.655831846730863,-1.2511419085936872,82
-2.5649372679967612,-1.2344886701599065,82
-2.6174602610566993,-1.275910190322811,82
1.3020279032041722,0.7992735739133041,19
1.1643972926150918,0.8299373733185952,19
1.22317446557868,0.7446203463722947,19
1.227349089044109,0.9055944446204244,19
1.1705334792667068,0.7673769767916608,19
1.3279262283449127,0.8708960664176193,19
1.2424083831357147,0.8932220365220037,19
1.282222151519383,0.7922772647003877,19
1.2364294843198846,0.9271517635784661,19
1.1185797828702009,0.8036910455122057,19
-2.2223005005216923,-1.3388905662604802,82
-2.5425974859620037,-1.2932604825997902,82
-2.439794267589319,-1.272087389274163,82
-2.532070311499456,-1.1981599644901193,82
-2.3036198179530825,-1.3005479045004713,82
-2.2223005005664906,-1.3388905662058257,82
-2.5425974860534684,-1.2932604824990983,82
-2.439794267470607,-1.2720873894005102,82
-2.5320703116390866,-1.198159964339162,82
-2.3036198179208287,-1.3005479045366666,82
-2.8702274137807384,0.21432567312512749,85
-2.9491729364921104,0.11495882635832973,85
-2.8599952889735425,0.1640795235427287,85
-2.938108923178064,0.17152812341376164,85
-2.8702274137807358,0.21432567312512782,85
-2.94917293649211,0.11495882635832856,85
-2.8599952889735416,0.1640795235427283,85
-2.938108923178064,0.17152812341376164,85
-0.7467094728631481,1.8978246164181627,29
-0.8001893118545105,1.8959771422819172,29
-0.7892044408876201,1.8967851873022532,29
-0.7942610585753354,1.9744929260556496,29
-0.7722389772214956,1.8403436863904157,29
-0.7454953060072798,2.0359909268495966,29
-0.7476778218144221,2.058115182404449,29
-0.7658175440054412,1.9820368335178808,29
-0.81382905578554,2.088156217637282,29
-0.7700274369826218,1.9301488504236526,29
-2.6975652903931233,0.19807232513362794,85
-2.8001564864532007,0.13510745981746905,85
-2.8466574321178353,0.12795849652867583,85
-2.823350739495385,0.19079976950769098,85
-2.840801477775927,0.143711986075547,85
-2.6975652903931238,0.19807232513362794,85
-2.800156486453199,0.13510745981746897,85
-2.8466574321178357,0.12795849652867627,85
-2.823350739495384,0.1907997695076906,85
-2.840801477775927,0.1437119860755464,85
-2.910161474321783,-0.46855748577834866,83
-2.924421327727566,-0.515654743056307,83
-2.878811917327014,-0.44096592960458614,83
-2.9122750405254716,-0.5194550839092247,83
-2.9101614743217845,-0.4685574857783384,83
-2.9244213277275657,-0.5156547430563229,83
-2.878811917327014,-0.4409659296045856,83
-2.912275040525473,-0.5194550839091967,83
0.22400754296342784,2.3359722584093023,21
0.10933005059404746,2.4061492558464312,21
0.18391482170817253,2.379898861820299,21
0.15852820988635402,2.434982627760675,21
0.13191149430897253,2.28423793621338,21
0.30713185527570025,2.551998398490862,21
0.3078558825535438,2.578087312718993,21
0.3229471102510045,2.571084730779067,21
0.24580556708790222,2.5792811574900987,21
0.15783766343081096,2.445758916668089,21
-2.700550406556466,-0.45203628636537607,83
-2.8498535363739985,-0.4920326652564669,83
-2.812739507852757,-0.470664444054412,83
-2.8495946640945062,-0.40104343486009036,83
-2.7996387234764444,-0.45215019755025965,83
-2.7005504065564647,-0.4520362863653764,83
-2.849853536374001,-0.4920326652564733,83
-2.812739507852757,-0.47066444405441304,83
-2.849594664094506,-0.40104343486008986,83
-2.7996387234764426,-0.4521501975502602,83
-2.403270787079795,-0.7035601530570943,79
-2.4341308210005574,-0.7234573015586737,79
-2.3573329184004415,-0.6880233088303411,79
-2.3849597805898624,-0.6951388258004131,79
-2.4032707870797956,-0.7035601530570984,79
-2.4341308210005583,-0.7234573015586777,79
-2.357332918400441,-0.68802330883034,79
-2.3849597805898655,-0.6951388258004039,79
0.4341302892590879,1.3318649364897135,35
0.38555711192775377,1.2180330891423419,35
0.44267836772027425,1.2735327907614915,35
0.4792187115671467,1.3002410616406135,35
0.40903841760280013,1.1572511938097767,35
0.5170036937482568,1.3874169876336755,35
0.507453586706839,1.2999883691730645,35
0.46627179788585116,1.2749438064288663,35
0.5099894454173182,1.3434715457553126,35
0.41168942474979614,1.1457237822781636,35
-2.307415906439587,-0.722048400298333,79
-2.385675558281518,-0.7627206728502663,79
-2.374470156231914,-0.7202660068151847,79
-2.371558246516771,-0.6832972892150826,79
-2.357220927903839,-0.7239783379160187,79
-2.3074159064405,-0.7220484002958061,79
-2.385675558281517,-0.7627206728502663,79
-2.374470156231911,-0.7202660068151874,79
-2.371558246516768,-0.6832972892150869,79
-2.3572209279038203,-0.7239783379160709,79
-2.4564055247562786,-1.1686336932424068,77
-2.364927666211166,-1.1971221919544979,77
-2.3193011912640102,-1.172513999171227,77
-2.37812319340793,-1.2073894397535578,77
-2.4564055247562644,-1.1686336932424213,77
-2.364927666211257,-1.197122191954397,77
-2.3193011912640182,-1.17251399917122,77
-2.37812319340784,-1.207389439753657,77
1.3000935276988994,1.5052481365222834,20
1.1996577964695598,1.4675129088964411,20
1.239272552315924,1.4318738333506142,20
1.2427489288802258,1.5717648551075214,20
1.200829890126218,1.2981565833888067,20
1.2998024442323572,1.4990829193710036,20
1.299286050666923,1.5882395457136176,20
1.3051436758012618,1.4440393201695434,20
1.287091618532856,1.6307754976135238,20
1.2023100807585003,1.3360199770439223,20
-2.199684629684368,-1.271510075196548,77
-2.4316939467237138,-1.20528262588295,77
-2.30877722990211,-1.1850264770452112,77
-2.351339278235485,-1.1440886616931039,77
-2.2888547908240717,-1.2088559504550576,77
-2.199684629681172,-1.2715100752006272,77
-2.4316939467239713,-1.205282625882668,77
-2.3087772299021756,-1.1850264770451302,77
-2.3513392782354563,-1.1440886616931336,77
-2.288854790824707,-1.208855950454289,77
-2.752655836508612,0.04532720419935666,89
-2.8596667511396556,-0.014597431547168697,89
-2.765061643847252,-0.002351105083467211,89
-2.85849510039781,0.024738853717114595,89
-2.752655836508612,0.045327204199356735,89
-2.8596667511396556,-0.014597431547168875,89
-2.7650616438472504,-0.002351105083470911,89
-2.8584951003978123,0.024738853717114057,89
-0.38462229280999916,1.9279268546421977,27
-0.42417595467700325,1.8309236231515411,27
-0.3934388112238851,1.8572248909432931,27
-0.3416162796381594,1.900231777411766,27
-0.39890022130231145,1.7627789055056429,27
-0.3190504238067068,2.0661912132816695,27
-0.30372204534742425,1.9521015381952134,27
-0.3388557594255916,1.9383510281260872,27
-0.3325869565850495,1.99539099642208,27
-0.3623280653372885,1.821067664759376,27
-2.8025497616014774,0.011328824945657737,89
-2.737354746228314,-0.04266009896273792,89
-2.8466345180930737,-0.04327786106257737,89
-2.756188619160675,0.004601743726622937,89
-2.8331200243175307,-0.02754420432008135,89
-2.8025497616015387,0.011328824944351975,89
-2.7373547462283145,-0.04266009896273803,89
-2.8466345180930728,-0.04327786106257725,89
-2.7561886191606773,0.004601743726623001,89
-2.8331200243175307,-0.02754420432008093,89
-2.891207334698983,-0.5049977504391864,87
-2.899418275383999,-0.5544782814429005,87
-2.8962386085800427,-0.54436322894362,87
-2.894832757992393,-0.5699392255421364,87
-2.891207334700077,-0.504997750427758,87
-2.899418275383979,-0.554478281443018,87
-2.896238608580034,-0.5443632289436763,87
-2.8948327579926953,-0.5699392255401637,87
0.5955540805775902,2.4228910251832856,22
0.47038524550367494,2.407483167718363,22
0.5393044963935169,2.4386317650177065,22
0.5296972762961188,2.408783181871532,22
0.4788469643686932,2.294783443463661,22
0.6382926907993917,2.5107816365491966,22
0.6248485039041466,2.5570667314973083,22
0.6367611576186716,2.5492439035523464,22
0.5839096502668374,2.5296082178096597,22
0.5388706176407078,2.5031886164038033,22
-2.8487078133755483,-0.6427757822875529,87
-2.890184181840341,-0.6348665030109645,87
-2.8373353996463497,-0.5404363765284201,87
-2.854915792924254,-0.4946270932231433,87
-2.816281558491646,-0.5689086099377421,87
-2.8487078133777,-0.6427757822741581,87
-2.8901841818403815,-0.6348665030107757,87
-2.8373353996459683,-0.5404363765308673,87
-2.85491579290412,-0.49462709337670296,87
-2.816281558491284,-0.5689086099404691,87
3.002303199960994,-1.391324334726379,40
-2.3389175690899666,2.5088045353703246,40
-2.274012217370568,2.340855113907814,40
3.278424351307054,-1.4745855604501026,40
3.0023031999609997,-1.3913243347263655,40
3.332632274727154,-1.515331532987419,40
3.2268263296903754,-1.457765428383834,40
-2.3034399012995284,2.4243089209953665,40
1.2067207765659882,-2.519222568638308,49
1.2961948712813756,-2.360268588089912,49
1.2816628087945898,-2.447469522918167,49
1.4423261498651667,-2.3374603814516792,49
1.1896745407836322,-2.675812614371456,49
1.2003128742442872,-2.4851170507801346,49
1.2278531924996978,-2.472635457355506,49
1.2616727417959408,-2.4800395453939243,49
1.3228719828224575,-2.4397018823052288,49
1.1924669311012586,-2.680406262632524,49
3.184112083896566,-1.3847144258156516,40
3.0548295563956,-1.3599440137153964,40
3.2670495586227566,-1.4105725782522358,40
3.156008261183227,-1.3619362957333692,40
3.233170988949845,-1.4408488846265823,40
3.1841120838980568,-1.3847144258113113,40
3.0548295563955965,-1.359944013715403,40
3.267049558627901,-1.4105725782369996,40
-2.1771032726137753,2.2221488633654096,40
3.233170988950316,-1.4408488846252143,40
-2.209833687531906,2.3980092587628397,40
3.1547570268334684,-1.3833052935438797,40
-2.275934713748758,2.445031988811195,40
3.353199957048087,-1.3892316604935075,40
3.302367500626734,-1.3799588838575996,40
3.2676699609474045,-1.3838508924366721,40
3.1547570268333422,-1.3833052935442502,40
3.290812997460606,-1.429731876104092,40
3.3531999574210407,-1.3892316593581673,40
3.3023675006211684,-1.3799588838747046,40
1.144593209577868,-2.6235682344947304,49
1.2389486766872937,-2.676031043480083,49
1.18436983596666,-2.4355094582563432,49
1.3217655645184079,-2.535499601393329,49
1.2025141379225737,-2.55149503597952,49
1.2932049889089723,-2.616470422649137,49
1.1119925227194931,-2.5502253425129386,49
1.3998235644061925,-2.4461606827098015,49
1.2386730793785754,-2.477872972017296,49
1.307609629306861,-2.652383344307316,49
1.1445932095778686,-2.6235682344947318,49
1.238948676689934,-2.6760310434786425,49
1.1843698359666546,-2.4355094582563495,49
1.3217655645024087,-2.5354996014033637,49
1.20251413792264,-2.5514950359794772,49
1.2932049890228585,-2.6164704225825535,49
1.1119925227196874,-2.5502253425128187,49
1.3998235643976782,-2.44616068271518,49
1.2386730793787188,-2.4778729720172006,49
1.307609629294906,-2.652383344314185,49
-2.6788816403714737,-0.9276016179633498,81
-2.694084736572303,-0.900073863974434,81
-2.6478261333324493,-0.875328826679446,81
-2.646933635226299,-0.8507798624167626,81
-2.678881640371474,-0.9276016179633453,81
-2.6940847365722935,-0.9000738639744491,81
-2.647826133332447,-0.8753288266794481,81
-2.6469336352262993,-0.8507798624167774,81
0.3876090900717361,0.8207093377521401,37
0.2977001399058015,0.8759626406567445,37
0.366331908389274,0.8304957371073542,37
0.34984464469815885,0.8594504777084867,37
0.36326548096132855,0.7799093573450498,37
0.4709552735450144,0.8237505326655883,37
0.40773116530722503,0.9021209140017056,37
0.3985742947879161,0.8368589670592841,37
0.3687693381015489,0.9297279509818422,37
0.33980741781209156,0.8196485944804246,37
-2.309614149255048,-0.8657937994542144,81
-2.5946350872977346,-0.9394121405831519,81
-2.5614271221213354,-0.8423702903956337,81
-2.6372457277026604,-0.8385071252614347,81
-2.511280806981629,-0.8048975641005973,81
-2.309614149254975,-0.865793799454338,81
-2.594635087297736,-0.9394121405831526,81
-2.5614271221213367,-0.8423702903956246,81
-2.6372457277026617,-0.8385071252614268,81
-2.5112808069816794,-0.8048975641004213,81
-2.7324040597986072,-1.2756596919995467,82
-2.552976792006586,-1.2804281984607149,82
-2.575670230115943,-1.2641598271009296,82
-2.5379650246363283,-1.2939281976633636,82
-2.7324040595185446,-1.2756596923664398,82
-2.5529767922979842,-1.2804281981413537,82
-2.5756702301077508,-1.2641598271099712,82
-2.5379650246849708,-1.2939281976086126,82
1.3294602382554077,0.7681136829525543,19
1.1510052171228782,0.7722832908003285,19
1.2397904103003181,0.7010384466011575,19
1.2101603989934389,0.823251635158301,19
1.1928821379332408,0.7227006476950573,19
1.3398342510085401,0.8214926914096651,19
1.2232650107431058,0.8194489025715492,19
1.258576692870944,0.725473711954561,19
1.204165050129288,0.8417494844511104,19
1.1230284123659942,0.7466399905934762,19
-2.1310851098925,-1.32362629698718,82
-2.5328786938718193,-1.3319153293846133,82
-2.342522440143268,-1.314307711273216,82
-2.4930380554754943,-1.2367820512416432,82
-2.224113339560951,-1.3231991119844126,82
-2.1310851098923695,-1.3236262969873507,82
-2.5328786938449253,-1.3319153294155892,82
-2.342522440109022,-1.3143077113115489,82
-2.493038055421465,-1.2367820513013292,82
-2.22411333955572,-1.3231991119908737,82
-2.8348950501558696,0.13493238598892898,85
-2.9124533007452755,0.05731651688432628,85
-2.837367007428542,0.11416638884077923,85
-2.907097145982856,0.12291592063659254,85
-2.83489505015587,0.1349323859889286,85
-2.9124533007452684,0.05731651688444672,85
-2.8373670074285453,0.11416638884077739,85
-2.9070971459828567,0.12291592063659312,85
-0.6616455697674342,1.8551933531838052,29
-0.7268771069405008,1.836045360640376,29
-0.7004398670214884,1.8313038628189633,29
-0.7127432033900745,1.8945159957803144,29
-0.6953834553573442,1.776687302160705,29
-0.6557033800545728,2.0045090723366124,29
-0.6705048745179243,2.0032886586590606,29
-0.6839339941486487,1.9255092804953058,29
-0.7155887506176221,2.0246654712121055,29
-0.6973890938606421,1.8766386231223045,29
-2.646947009502667,0.15992287520671863,85
-2.7762518862636743,0.09879289070267773,85
-2.79911329794358,0.10493168085201357,85
-2.802201813561757,0.14336410549820564,85
-2.7559179038522164,0.1438057154633712,85
-2.6469470095026653,0.1599228752067186,85
-2.7762518862636743,0.09879289070267785,85
-2.799113297943582,0.10493168085201383,85
-2.802201813561757,0.1433641054982047,85
-2.755917903852219,0.14380571546337126,85
-2.9073502021560187,-0.5140019971623699,83
-2.8939380588834402,-0.5001289480556523,83
-2.887847397314284,-0.4810115997041846,83
-2.8853215159235392,-0.5116756638953228,83
-2.9073502021560453,-0.514001997162067,83
-2.8939380588834402,-0.5001289480556693,83
-2.8878473973142813,-0.48101159970418916,83
-2.885321515923541,-0.5116756638952882,83
0.30477193245367223,2.26312880382637,21
0.17130259926618502,2.2873980908247677,21
0.25146697024752873,2.2530884881027715,21
0.2166665793618756,2.296072582647913,21
0.20303229443310386,2.173109017854838,21
0.34604823898305753,2.457033787570417,21
0.3376227318228742,2.482817926978026,21
0.3604276767555055,2.4644926661772173,21
0.283852441312521,2.4844617583183117,21
0.23456431199541414,2.3934825710035086,21
-2.6313273691489667,-0.4407823810799785,83
-2.865862444561561,-0.5578939616403261,83
-2.7963683246578013,-0.4740700860720479,83
-2.863478790761202,-0.4210782446809835,83
-2.7826886144135172,-0.4551623543927514,83
-2.6313273691489663,-0.44078238107997875,83
-2.8658624445615914,-0.5578939616400121,83
-2.7963683246578004,-0.47407008607204804,83
-2.863478790761204,-0.4210782446809824,83
-2.7826886144135186,-0.4551623543927515,83
-2.3281327222734403,-0.7265047693662365,79
-2.314501550830911,-0.7194560152960889,79
-2.276372742414316,-0.7062488131065353,79
-2.2772303061117958,-0.6977395921144454,79
-2.328132722273441,-0.726504769366236,79
-2.3145015508309106,-0.7194560152960887,79
-2.276372742414316,-0.7062488131065358,79
-2.277230306111796,-0.6977395921144451,79
0.5483718474167543,1.26613056627825,35
0.49508279739906863,1.1420719916875819,35
0.5688197499868052,1.1958255903828374,35
0.5997180244193718,1.2165106176187324,35
0.5397715518598357,1.0864051260811012,35
0.6514746184762019,1.3268263720886968,35
0.6619442847770554,1.236356495337106,35
0.6195190928485197,1.197441801565271,35
0.6608310869550094,1.2797164415323627,35
0.5504749688936788,1.0835307012167863,35
-2.157156482843655,-0.6984564335575243,79
-2.3094753644774664,-0.786005249731747,79
-2.215181623791406,-0.7027030472497389,79
-2.2669245362769246,-0.7014704843860999,79
-2.1944193797133766,-0.6974845575579671,79
-2.157156482843652,-0.6984564335575252,79
-2.3094753644774664,-0.7860052497317465,79
-2.2151816237914073,-0.7027030472497386,79
-2.266924536276926,-0.7014704843861002,79
-2.194419379713378,-0.6974845575579669,79
-2.4178681612218984,-1.1765172692243473,77
-2.27208935669644,-1.167230554103732,77
-2.2814496642084885,-1.1919327948102725,77
-2.293798478362887,-1.1806420554566794,77
-2.417868161221887,-1.176517269224358,77
-2.2720893566964433,-1.1672305541037271,77
-2.281449664208488,-1.1919327948102743,77
-2.293798478362891,-1.1806420554566763,77
1.3892966040080967,1.427266570681126,20
1.264194249802795,1.3727555493414727,20
1.3035303853067555,1.353628981318861,20
1.3155012431237685,1.4595345481580728,20
1.2567215421759248,1.2343840952468563,20
1.3742257105530613,1.3941236126912053,20
1.3736705800389677,1.4962649160083066,20
1.3747690661893452,1.3766530021764836,20
1.3514147393082037,1.5654644521691874,20
1.2592707910425045,1.2929280703870336,20
-2.1420104271124507,-1.2244398721334964,77
-2.3847374370873595,-1.240333702274654,77
-2.211362211846221,-1.166907222328806,77
-2.2931049380781867,-1.1662691449837623,77
-2.1742236002752553,-1.1896591907994747,77
-2.142010427112594,-1.2244398721333014,77
-2.3847374370865224,-1.2403337022755985,77
-2.211362211846223,-1.1669072223287986,77
-2.293104938078186,-1.1662691449837632,77
-2.174223600275267,-1.1896591907994611,77
-2.7424758881712354,0.014994946097964711,89
-2.829719316368768,-0.04789627635065745,89
-2.7225960448966746,-0.03368769358224992,89
-2.8264364376912594,0.0064567402004542035,89
-2.7424758881712354,0.014994946097964704,89
-2.8297193163687675,-0.04789627635065735,89
-2.722596044896674,-0.03368769358224989,89
-2.8264364376912585,0.006456740200449597,89
-0.28891772258627685,1.8739592216723748,27
-0.34491598427541714,1.7671595666415156,27
-0.31733028661764157,1.8161414993031213,27
-0.263129520102049,1.847282560756887,27
-0.3095140429960407,1.7114699380991445,27
-0.22885890317695315,1.9967781663606001,27
-0.23085929837627517,1.8943532529226637,27
-0.2642121068435099,1.8760353972221473,27
-0.25546349793669537,1.9395703069028478,27
-0.27747484533907923,1.7606316391635606,27
-2.7505661964113712,-0.03179154694582883,89
-2.7117457816681534,-0.06989590550875133,89
-2.7818254405470544,-0.06193850376908472,89
-2.703367860642622,-0.005466386220114955,89
-2.7191481455979223,-0.029348654818859263,89
-2.7505661964113717,-0.0317915469458333,89
-2.7117457816681543,-0.0698959055087512,89
-2.7818254405470544,-0.061938503769084545,89
-2.703367860642623,-0.005466386220115075,89
-2.719148145597922,-0.029348654818859257,89
-2.907448829762571,-0.5447811173874644,87
-2.9028939731564836,-0.5409129982064282,87
-2.878541901873781,-0.5881127016134743,87
-2.8872113847911836,-0.5517452579013226,87
-2.907448829762506,-0.5447811173879143,87
-2.9028939731555052,-0.5409129982135803,87
-2.878541901873531,-0.5881127016151441,87
-2.8872113847904037,-0.5517452579076942,87
0.6562961788503523,2.356662599062388,22
0.5301746688252486,2.3490858867095925,22
0.5659422706141921,2.3177338200895683,22
0.5709969742022228,2.297384631158218,22
0.5425856975800983,2.231443630685079,22
0.6741689697815768,2.423415373462923,22
0.6519678119508098,2.466070181048463,22
0.6636643838576053,2.4602567926950916,22
0.5990919694797885,2.418871614324324,22
0.5898998537871817,2.4420915122504216,22
-2.7975142705027314,-0.6411427394522072,87
-2.8911276315399683,-0.6735538409556926,87
-2.80663031934539,-0.5152173644075997,87
-2.8242185628802416,-0.5424916688796646,87
-2.765888539067042,-0.5347466315793757,87
-2.797514270478201,-0.6411427396227458,87
-2.8911276315401073,-0.6735538409549767,87
-2.8066303193349795,-0.5152173644890442,87
-2.824218562880221,-0.5424916688798351,87
-2.7658885390694175,-0.5347466315487626,87
2.8702040503440482,-1.3936836103092216,40
3.237198193495286,-1.5435531849635948,40
-2.2326369096418737,2.1789216644043212,40
3.168101004833832,-1.4770536857162873,40
2.8702040503440482,-1.3936836103092216,40
-2.337205362099654,2.3528880371913994,40
3.1187635521727066,-1.4636672348207884,40
3.168101004833822,-1.4770536857163121,40
1.206309359343587,-2.5073894032562296,49
1.305847688616535,-2.325065315041501,49
1.301721430317103,-2.425286551976608,49
1.441757382020161,-2.27921720244627,49
1.1850697133947388,-2.6123158700964453,49
1.2492991011607666,-2.477689760735865,49
1.286241271715571,-2.382282346352749,49
1.3126639523936314,-2.4376176242129226,49
1.3671189080278678,-2.33587438483141,49
1.2389521219178503,-2.580805691358438,49
-2.0985899924583387,2.120010357552048,40
2.942533640918187,-1.3584349472584207,40
3.1664211815025367,-1.4207929383950075,40
3.056910970146795,-1.3743981524237532,40
3.110782939966641,-1.4239569766753044,40
3.063659948231012,-1.4069503571455184,40
2.942533640918187,-1.3584349472584214,40
3.1664211815024625,-1.420792938395218,40
3.056910970146788,-1.3743981524237752,40
3.110782939966828,-1.4239569766747207,40
3.181182853457188,-1.4048551723464182,40
3.066124850411709,-1.403289047776025,40
3.198927267168198,-1.4314151804759327,40
3.28419191025231,-1.419531871338221,40
3.2205050440454372,-1.4072954103108215,40
3.1811828534570235,-1.4048551723469092,40
3.0661248504117107,-1.4032890477760278,40
3.1989272671680755,-1.4314151804762631,40
3.284191910260369,-1.4195318713157248,40
3.2205050440420058,-1.407295410320568,40
1.1698539078515544,-2.56258339539064,49
1.2643410871503948,-2.603078727501634,49
1.192978917599118,-2.3618889969334207,49
1.355900490794369,-2.4405960496334536,49
1.248702091791742,-2.513936717755874,49
1.3284643222442003,-2.5120889684055028,49
1.158264266465634,-2.4954071283704593,49
1.388160271841151,-2.369542217622186,49
1.233176591914995,-2.4343243880381165,49
1.3128803297507632,-2.54618867705006,49
1.1698539078515506,-2.5625833953906434,49
1.2643410871503853,-2.6030787275016394,49
1.1929789175991181,-2.36188899693342,49
1.3559004907939085,-2.440596049633761,49
1.2487020917917036,-2.513936717755899,49
1.3284643222415917,-2.512088968407158,49
1.1582642664656306,-2.4954071283704633,49
1.388160271842287,-2.3695422176213747,49
1.2331765919149986,-2.4343243880381142,49
1.3128803297497003,-2.546188677050714,49
-1.9187806740687534,-1.720392622427386,81
-1.9351079109392972,-1.7137171187361566,81
-1.9492842599037787,-1.6871611523524694,81
-1.8946540308504334,-1.6525508710451688,81
-1.9187806740687539,-1.7203926224273847,81
-1.9351079109392961,-1.7137171187361564,81
-1.949284259903779,-1.6871611523524686,81
-1.8946540308504336,-1.6525508710451688,81
0.8998986633947271,0.7006548780429789,37
0.7921850538727251,0.7368080206259285,37
0.8587377423002716,0.7303526080946268,37
0.8439742794892328,0.7561582245520028,37
0.8502873503453632,0.6604911287477934,37
1.0546776865926686,0.6818462763482113,37
0.9881511063810815,0.7961469481131614,37
0.9346323713931183,0.6960101237317949,37
0.956897331223935,0.8112234668478305,37
0.827177443267826,0.6605821662796291,37
-1.675890088725948,-1.7917015814679362,81
-1.914005257160925,-1.7357457230351925,81
-1.8682053324811674,-1.7230901678027717,81
-1.9554685752935697,-1.661037511401456,81
-1.8113481118312058,-1.6721383144682582,81
-1.6758900887259482,-1.7917015814679358,81
-1.914005257160924,-1.7357457230351918,81
-1.8682053324811658,-1.7230901678027715,81
-1.9554685752935699,-1.661037511401456,81
-1.8113481118312058,-1.6721383144682576,81
-1.798331664019895,-2.354749231761874,82
-1.7577653180560566,-2.3582701372935544,82
-1.791889028729769,-2.3104569456315707,82
-1.7398879699975167,-2.3461492689639063,82
-1.7983316640354543,-2.3547492317478547,82
-1.7577653180863488,-2.3582701372667776,82
-1.7918890287994202,-2.310456945561592,82
-1.7398879699912744,-2.3461492689695373,82
1.8196781748419426,0.6355152742616943,19
1.6115415748180273,0.6345156038066215,19
1.6825264295970177,0.5788239464172499,19
1.697623825743418,0.6815885890212661,19
1.6551397566409178,0.5542667038507966,19
1.782239548047381,0.6111004929995322,19
1.6843839460467995,0.6791787330652125,19
1.6733986206007576,0.5712180710050142,19
1.67062307133654,0.6600533226268788,19
1.572071884809821,0.5459291974121663,19
-1.5382782140752471,-2.2621704752483405,82
-1.7760342019912896,-2.3672192456372807,82
-1.6845580515279903,-2.2895597580738727,82
-1.7944352705844904,-2.248609356663157,82
-1.6597217040916605,-2.233676214158202,82
-1.5382782140751023,-2.2621704752484915,82
-1.7760342019899154,-2.3672192456384393,82
-1.6845580515486116,-2.2895597580525098,82
-1.7944352695360084,-2.2486093575575676,82
-1.6597217040948502,-2.2336762141550692,82
-2.492523795726091,-0.7037685485384582,85
-2.5607587359356994,-0.7555673209818718,85
-2.451379140692243,-0.7076534165692808,85
-2.5426217159303897,-0.671854490869401,85
-2.4925237957261057,-0.703768548538344,85
-2.5607587359356936,-0.7555673209819248,85
-2.451379140692233,-0.7076534165693749,85
-2.5426217159302893,-0.6718544908705378,85
-0.5032573541556524,1.9830930577759018,29
-0.6047855443394612,1.9254932418489017,29
-0.5400453269448062,1.9576948635061289,29
-0.5740179622218178,2.049724788100007,29
-0.542098177465816,1.8877063439304047,29
-0.4234564051645889,2.0965298826820185,29
-0.46584924457462157,2.2172082471791708,29
-0.48513250105582545,2.017475853977947,29
-0.5054108044498629,2.2631755942536893,29
-0.5298100053503922,1.9605515633215054,29
-2.2791342017442133,-0.7484351162734676,85
-2.4190397980232468,-0.8579693063442702,85
-2.5171674444884724,-0.7691581529153908,85
-2.4629513347837557,-0.6561949299609809,85
-2.4648655431052973,-0.7348028623444612,85
-2.2791342017443195,-0.7484351162731029,85
-2.419039798023572,-0.8579693063432806,85
-2.5171674444884857,-0.769158152915323,85
-2.462951334783757,-0.6561949299609879,85
-2.4648655431053013,-0.7348028623444389,85
-2.4228381906712038,-1.5057468334551982,75
-2.467920986247424,-1.5212412073005517,75
-2.4400448767144667,-1.5075534854833048,75
-2.4285153415003857,-1.5410716552403612,75
-2.422838190669239,-1.505746833457431,75
-2.4679209863634517,-1.5212412071662875,75
-2.4400448766676686,-1.5075534855365276,75
-2.428515341469225,-1.541071655275653,75
0.8355493386595153,2.3914270019861443,21
0.6857813218844196,2.408154980731386,21
0.7523052767355844,2.386205982072535,21
0.7286976909125616,2.4356694167010837,21
0.7238800748413071,2.3620764925942668,21
0.8643257881227205,2.480275464041913,21
0.8243621322974135,2.5832019632979493,21
0.8425657620588253,2.5106663998106473,21
0.777929622880167,2.6007613397865104,21
0.759121075406874,2.4906532888830655,21
-2.188326896963258,-1.539492244201142,75
-2.4196071337517466,-1.5358342399736977,75
-2.391117099030748,-1.507445847133188,75
-2.4526642916356534,-1.4738417407542463,75
-2.3555820262425855,-1.4972382688741002,75
-2.18832689696305,-1.5394922442013925,75
-2.4196071338269602,-1.535834239888755,75
-2.3911170990369737,-1.5074458471262466,75
-2.45266429163953,-1.4738417407497326,75
-2.355582026238831,-1.497238268878382,75
-1.8247770438274462,-1.4929204347362799,79
-1.851079719339653,-1.5184795175526467,79
-1.8214026625424866,-1.4899398364765835,79
-1.8146265275266251,-1.48939623694369,79
-1.8247770438274462,-1.49292043473628,79
-1.8510797193396533,-1.5184795175526473,79
-1.8214026625424868,-1.489939836476583,79
-1.8146265275266238,-1.489396236943691,79
1.1720470906730893,1.442028669192526,35
1.1017143145151074,1.2510228123539473,35
1.154046968203095,1.3290401330891193,35
1.204073221167311,1.4352489273836464,35
1.091152935247197,1.1335276257003561,35
1.2927461126255915,1.4750166476300617,35
1.3088859296712656,1.4434205081197018,35
1.2448270634763914,1.3320136668769282,35
1.2986034429064346,1.5436155185639815,35
1.095588897016954,1.0770386035154582,35
-1.6730144427599694,-1.6188180830862184,79
-1.8641916282216695,-1.6152887133519416,79
-1.795881713421681,-1.5532143385882977,79
-1.839392490491295,-1.51014779775711,79
-1.7706974842193441,-1.5579716963225099,79
-1.6730144427599696,-1.6188180830862196,79
-1.8641916282216693,-1.6152887133519414,79
-1.7958817134216802,-1.553214338588297,79
-1.8393924904912957,-1.5101477977571092,79
-1.7706974842193435,-1.5579716963225105,79
-1.8376937751035323,-2.1188845370590585,71
-1.8361624054737449,-2.122806584288728,71
-1.8133237563397089,-2.1165859213646763,71
-1.8319762397723554,-2.1362174640343525,71
-1.837693775103535,-2.118884537059055,71
-1.836162405473729,-2.12280658428874,71
-1.8133237563397244,-2.1165859213646683,71
-1.8319762397723225,-2.1362174640343805,71
1.881813781268108,1.6261048949134942,20
1.7430243154706602,1.5091792334180336,20
1.786398841422255,1.4844882939855417,20
1.8088380825569674,1.7041395208182222,20
1.7268140423395093,1.3110568511592724,20
1.8443363991877062,1.481747515771044,20
1.802866748090836,1.589107867802659,20
1.8142706411210683,1.4330624622034212,20
1.812913828304659,1.6720071115536643,20
1.6600265811320194,1.2306946993311374,20
-1.5621669289755042,-2.2951435295626794,71
-1.8368819448146207,-2.1722943685126936,71
-1.7541600257773786,-2.1125791191953374,71
-1.7982167113807015,-2.108122059476282,71
-1.7485151766906533,-2.1252796157610163,71
-1.562166928974727,-2.2951435295634304,71
-1.836881944814358,-2.172294368512891,71
-1.754160025777379,-2.1125791191953334,71
-1.7982167113806924,-2.1081220594762873,71
-1.7485151766906948,-2.125279615760982,71
-2.4027541275628823,-0.9409904967076526,89
-2.439608270287011,-0.9800887163612471,89
-2.3458645350184293,-0.9580437383847229,89
-2.4287659971861677,-0.935177303045375,89
-2.402754127562883,-0.9409904967076534,89
-2.4396082702870108,-0.9800887163612474,89
-2.34586453501843,-0.9580437383847235,89
-2.42876599718617,-0.9351773030453713,89
0.08199770905672696,2.127209322164248,27
-0.02675954624827907,1.9623799746300585,27
0.03221786527548633,2.015277209944233,27
0.07575917936035852,2.0734691448792395,27
0.038359139309725836,1.930039675716877,27
0.1607659563054914,2.221002213811079,27
0.12803489616752597,2.1663926152667394,27
0.09867331063013376,2.0896702185797618,27
0.10148809880743596,2.17680746773383,27
0.03867873205201411,1.8878752274580974,27
-2.3698344439916945,-1.087423821090316,89
-2.4252518102607192,-1.0691235250439806,89
-2.3962386941774776,-1.0473251251816649,89
-2.334178991773073,-0.9583408427385494,89
-2.3589289832989433,-1.0258701367377479,89
-2.3698344439916936,-1.087423821090316,89
-2.4252518102607183,-1.0691235250439803,89
-2.396238694177476,-1.0473251251816655,89
-2.3341789917730718,-0.9583408427385481,89
-2.3589289832989446,-1.0258701367377479,89
-2.4345209698387142,-1.6338041775430516,73
-2.4869092681054443,-1.655492062836132,73
-2.438341203072375,-1.6608078311604288,73
-2.4769684710871624,-1.683034286676922,73
-2.434520970328148,-1.6338041769603493,73
-2.4869092658895995,-1.6554920655294647,73
-2.438341195907271,-1.6608078397238115,73
-2.4769683928857082,-1.6830343812300108,73
1.0973661282724507,2.523155453486852,22
0.9824773671969815,2.540027600000711,22
1.004176088246222,2.508427057576599,22
1.0161690621377935,2.5422847026476054,22
1.017274622887198,2.4909980070290834,22
1.1183041887476826,2.541256847870601,22
1.0802301818451103,2.6408517808445096,22
1.0894095794084375,2.57416422813052,22
1.0327686016521689,2.598152614710939,22
1.0275776165565642,2.580748177295556,22
-2.27056175648022,-1.857014230107093,73
-2.4592623936954157,-1.709501766611688,73
-2.3861885001019005,-1.652863565314237,73
-2.4263217961314694,-1.6320520330786188,73
-2.3818390566968746,-1.6736210859101253,73
-2.270561756313007,-1.8570142303094437,73
-2.4592624099268354,-1.7095017465163325,73
-2.386188499696731,-1.6528635657951731,73
-2.426321795270906,-1.6320520340948248,73
-2.38183905934213,-1.673621082786163,73
3.0929811862388745,-1.3529399662402812,40
3.4269842028806656,-1.43057493144726,40
3.3404991364805707,-1.4595935486000318,40
3.3249161304942194,-1.3091281591892607,40
3.0929811862389087,-1.3529399662401784,40
3.426984202894179,-1.4305749314100487,40
3.3404991364795107,-1.459593548602934,40
3.3249161304901906,-1.3091281592022923,40
1.3378913753668589,-2.2891954062358595,48
1.4466546116300318,-2.035037125294728,48
1.450757203485099,-2.1188680012403767,48
1.5955723332225364,-2.0227159475967764,48
1.332123253062975,-2.474758605911715,48
1.3751189444843706,-2.2325766265445064,48
1.4061548113459688,-2.1150504744048697,48
1.4086499352658692,-2.1269629024313206,48
1.5163415234807653,-2.1443146568722247,48
1.356254427418088,-2.3618347867060963,48
3.2755545858299664,-1.2327536249786202,40
3.1326609950387816,-1.3409744044665648,40
3.3640405442804955,-1.382017771995479,40
3.291648000337402,-1.378828796073943,40
3.2380838549788082,-1.2945594724471832,40
3.2755545858298127,-1.2327536249791415,40
3.132660995038744,-1.3409744044666676,40
3.3640405442732697,-1.382017772018005,40
3.2916479995433834,-1.3788287984383725,40
3.2380838549703683,-1.2945594724738196,40
3.353513532637106,-1.2779559902928106,40
3.3059398989686697,-1.4050144272067548,40
3.4471086987941693,-1.4005310116845173,40
3.5032089540517872,-1.3775326413509958,40
3.362724327253604,-1.2890098683235836,40
3.3535135326369176,-1.277955990293437,40
3.305939898307571,-1.40501442909241,40
3.4471086987790924,-1.4005310117276806,40
3.503208954053457,-1.377532641346264,40
3.362724327253593,-1.2890098683236288,40
1.2942958067498336,-2.2857469692984305,48
1.4176016964426124,-2.513433060131338,48
1.3197848934769596,-2.095221587268051,48
1.5839412095187322,-2.24191656997001,48
1.3983583576574958,-2.1128307751163833,48
1.5050257668458342,-2.2744115606301194,48
1.2832204564038852,-2.136971386937427,48
1.5259213908258973,-2.0921010653831265,48
1.3839247830443526,-2.1111355379496954,48
1.5385998876268683,-2.3080972994767373,48
1.2942958067510157,-2.2857469692975108,48
1.4176016960254145,-2.513433060393161,48
1.3197848934781575,-2.0952215872670457,48
1.583941209470105,-2.2419165700104107,48
1.3983583576567968,-2.1128307751169566,48
1.505025767654817,-2.274411559976733,48
1.2832204564041794,-2.136971386937181,48
1.5259213908258698,-2.092101065383152,48
1.3839247830444115,-2.111135537949645,48
1.5385998878279292,-2.308097299324405,48
-2.7681854563951136,-0.9489661192249694,81
-2.768775023794293,-0.9074725893919566,81
-2.752760559175316,-0.9240747115041803,81
-2.7638561039187146,-0.8847976597848791,81
-2.768185456395117,-0.9489661192249628,81
-2.7687750237942668,-0.9074725893920259,81
-2.752760559175327,-0.9240747115041578,81
-2.763856103918737,-0.884797659784834,81
0.26537993662283327,0.9115862722871246,37
0.19832922981816328,0.9225959762427425,37
0.2332155547886621,0.9385686635186696,37
0.2194831019109329,1.0095280072368396,37
0.23145568276174922,0.8874396874973118,37
0.3194027973242152,0.9676447899084409,37
0.2729340880028251,0.9872044144692737,37
0.2625748128834757,0.9235065553968904,37
0.23590111544320638,1.0536424683882135,37
0.20998373053306338,0.8801539284578473,37
-2.385382262305168,-0.8884062066200238,81
-2.693338863291136,-0.958732427728046,81
-2.665760160343924,-0.8813434803178214,81
-2.7378457115927093,-0.8843997480244493,81
-2.6274298060295136,-0.8704143333374764,81
-2.3853822623052596,-0.8884062066198702,81
-2.693338863291136,-0.9587324277280436,81
-2.665760160343917,-0.8813434803178409,81
-2.737845711592692,-0.8843997480244812,81
-2.627429806029486,-0.8704143333375679,81
-2.7475720337778666,-1.344211675478075,82
-2.5818281774857184,-1.3588688634158852,82
-2.5642304926149526,-1.348336052966442,82
-2.5617102450163234,-1.381467309594819,82
-2.747572034592129,-1.3442116745017254,82
-2.581828176775594,-1.3588688641649715,82
-2.564230493147639,-1.348336052351679,82
-2.5617102447236313,-1.381467309895977,82
1.2403586631514896,0.849673807719798,19
1.0895106422927439,0.8384830368717404,19
1.1490639605627835,0.8192439578613291,19
1.1125615830843152,0.9257194217118537,19
1.0734675317860694,0.7880870397935571,19
1.2912905338818268,0.9283311291195387,19
1.181485671947279,0.9418440364343523,19
1.1777537855592952,0.8334300537591629,19
1.1666724344918942,0.9555881932451865,19
1.0129125457109454,0.7989448276604504,19
-2.1220382263154947,-1.385772750475326,82
-2.5500364345442113,-1.4055753559514481,82
-2.3555550541640837,-1.3948862997035063,82
-2.487126874364471,-1.3210573881396332,82
-2.191222936252868,-1.4392020657514508,82
-2.1220382263151034,-1.3857727504757926,82
-2.5500364344650976,-1.4055753560327875,82
-2.3555550540670294,-1.3948862998012312,82
-2.4871268744732387,-1.3210573880202876,82
-2.191222936257195,-1.439202065746571,82
-2.904340089665932,0.12459157957877989,85
-2.9131412575637934,0.039342873700613935,85
-2.874587061726606,0.10654443060263687,85
-2.938250406642305,0.1008492512400271,85
-2.904340089665932,0.12459157957877931,85
-2.9131412575637747,0.03934287370080635,85
-2.8745870617266087,0.10654443060263687,85
-2.938250406642306,0.10084925124002847,85
-0.8183562003048451,1.8155890162269892,29
-0.8809637722797914,1.7996573905080688,29
-0.8613677343482381,1.8122654200452337,29
-0.8607539799946116,1.862603802466527,29
-0.8469993131907118,1.7619300030328675,29
-0.8214077857718963,1.9178548981503813,29
-0.8263947712949532,1.9333087240448723,29
-0.8504068631839292,1.8721817325156997,29
-0.8812402529009038,1.9581758538517129,29
-0.8379409975983899,1.8127538687927542,29
-2.6907098045566022,0.13867639353652347,85
-2.830946196203753,0.01713990402641428,85
-2.844613155271628,0.11317804654479773,85
-2.8591562110049193,0.1426328248847763,85
-2.813846493011881,0.12021617731581663,85
-2.690709804556602,0.1386763935365233,85
-2.830946196203765,0.0171399040263014,85
-2.8446131552716287,0.11317804654479822,85
-2.859156211004919,0.14263282488477635,85
-2.8138464930118783,0.1202161773158149,85
-2.9744919327210484,-0.646938354343432,83
-2.972944999559355,-0.6478079207941886,83
-2.9707983412008887,-0.6123499896189603,83
-2.962609722382457,-0.6605643845604892,83
-2.974491932717551,-0.6469383543651022,83
-2.9729449995593686,-0.6478079207940595,83
-2.9707983412009313,-0.6123499896186926,83
-2.96260972238296,-0.6605643845576632,83
0.0898630255312953,2.293132508069866,21
-0.029241814465413723,2.3338874788185424,21
0.044520142061305355,2.328059564339451,21
0.027279513662169286,2.3804119179009904,21
0.014893599904524848,2.2683858675812925,21
0.15757926610906653,2.455335407185587,21
0.19206248200129192,2.545166995462787,21
0.1691210901942594,2.4506932971564876,21
0.12743180665547968,2.570091675522722,21
0.06861587173797695,2.3799936842114313,21
-2.6893245593329103,-0.48209021461341484,83
-2.9057252187956433,-0.6500764283660926,83
-2.895215760199747,-0.5928284263428739,83
-2.928457832610344,-0.5620753944717969,83
-2.87027830103903,-0.595808484779913,83
-2.6893245593329085,-0.4820902146134269,83
-2.905725218795644,-0.6500764283660875,83
-2.895215760199738,-0.5928284263429475,83
-2.9284578326103774,-0.5620753944715631,83
-2.87027830103919,-0.5958084847786915,83
-2.372949395043204,-0.7986471852712063,79
-2.3604161388978726,-0.781573395969296,79
-2.302651383752953,-0.7693114567533221,79
-2.3706825106878786,-0.7692852819345278,79
-2.372949395043204,-0.7986471852712046,79
-2.3604161388978726,-0.7815733959692965,79
-2.3026513837529548,-0.7693114567533227,79
-2.370682510687879,-0.7692852819345273,79
0.46472744791113124,1.3310007793727796,35
0.41406435486454507,1.216017254626059,35
0.4819289031331522,1.3107029671986,35
0.5187926308994569,1.300919904498785,35
0.43216494597872446,1.1727570679332233,35
0.5381095373068385,1.3747080822693178,35
0.5199393524764745,1.301954459002858,35
0.4826127453112485,1.2725562790349851,35
0.534176287956214,1.3285913635516817,35
0.4164566314255007,1.1244846119338014,35
-2.1499687417258997,-0.7622807566467248,79
-2.354769384616648,-0.8399706336741561,79
-2.2621893101388966,-0.7605731709283142,79
-2.283640977365453,-0.7557731181342436,79
-2.260226075363721,-0.757958147853953,79
-2.149968741725901,-0.7622807566467267,79
-2.354769384616648,-0.8399706336741553,79
-2.2621893101388957,-0.7605731709283139,79
-2.283640977365454,-0.7557731181342435,79
-2.260226075363728,-0.7579581478539423,79
-2.474078487233376,-1.2795254737827328,77
-2.332174640453403,-1.309296645220006,77
-2.334183878508762,-1.298750362354631,77
-2.3594898924309837,-1.327332028417574,77
-2.474078487252342,-1.279525473760421,77
-2.332174640453136,-1.3092966452203314,77
-2.3341838785063813,-1.2987503623574235,77
-2.359489892422818,-1.3273320284272787,77
1.2940010876223982,1.5822186026993958,20
1.1713865380128667,1.5102257459451522,20
1.2279283728887749,1.5087442788856844,20
1.2329227428207092,1.545207852244954,20
1.157725885980636,1.3312563374331068,20
1.2552505514373264,1.5009356941194647,20
1.2556562581539832,1.5746040773412993,20
1.2518315362616477,1.4729315847384508,20
1.2446998955286304,1.6005437877593298,20
1.1323385281689744,1.342167674236886,20
-2.169932846334402,-1.2980660052550261,77
-2.4205252034135203,-1.3436692860449309,77
-2.248638390596931,-1.2971214601830574,77
-2.3341862330288747,-1.2685521377421105,77
-2.2031853448313545,-1.3224074888182131,77
-2.1699328463315286,-1.2980660052589015,77
-2.4205252032373035,-1.3436692862421697,77
-2.2486383905963874,-1.2971214601837595,77
-2.3341862330288605,-1.2685521377421267,77
-2.2031853448338428,-1.3224074888149238,77
-2.723953360954393,-0.02084622038413251,89
-2.789755541642349,-0.0846807011969711,89
-2.7014697291259657,-0.07054713907444476,89
-2.815051369377013,-0.049995046149914256,89
-2.7239533609543924,-0.02084622038413237,89
-2.789755541642349,-0.084680701196971,89
-2.7014697291259644,-0.07054713907444475,89
-2.8150513693770116,-0.049995046149914076,89
-0.434992287789637,1.8465685186131637,27
-0.5076496454394497,1.7188213049479333,27
-0.45622907041750005,1.7610343244104616,27
-0.4159190922821527,1.7777449906721172,27
-0.4524808605890833,1.6755332607989653,27
-0.374486871342716,1.9257236587496853,27
-0.3787020243804391,1.8476110938573587,27
-0.4162824492087536,1.789485317388058,27
-0.39874593503523026,1.8770823410576982,27
-0.41468287082452404,1.7026916971400867,27
-2.679147645039281,-0.09356169553368311,89
-2.7186877589129956,-0.1478446271155815,89
-2.7774302698864295,-0.11399817377954273,89
-2.695803940869751,-0.07002987585901609,89
-2.7317000970062737,-0.09260486542276643,89
-2.6791476450392793,-0.09356169553368299,89
-2.7186877589129947,-0.14784462711558127,89
-2.7774302698864295,-0.11399817377954286,89
-2.6958039408697503,-0.07002987585901627,89
-2.7317000970062755,-0.09260486542276648,89
-2.8552142025561285,-0.7010566487840942,87
-2.840845881402738,-0.7093953760307491,87
-2.8367009392902376,-0.7114584618636135,87
-2.8261807615493737,-0.7274980851380557,87
-2.855214202556131,-0.7010566487840764,87
-2.840845881402739,-0.709395376030755,87
-2.8367009392902403,-0.7114584618636144,87
-2.826180761549373,-0.7274980851380634,87
0.5037137401362898,2.414710161507125,22
0.40427989535495945,2.4525044792878554,22
0.42141463435837023,2.378108694463624,22
0.43837069857231215,2.369173688669041,22
0.43193960062798353,2.36066925692298,22
0.5640737395147937,2.512919733680277,22
0.5444239464458128,2.55014969258093,22
0.5438839751182677,2.487075195446051,22
0.48139128694935013,2.481874711534763,22
0.5000615985211235,2.4985830180835586,22
-2.759020182572451,-0.7150079954560897,87
-2.868095210248693,-0.7979675187036336,87
-2.8050225884230966,-0.6860921273599314,87
-2.814960750595146,-0.690835903825584,87
-2.725740766869553,-0.6971114968330983,87
-2.7590201825723994,-0.7150079954562941,87
-2.868095210248692,-0.7979675187036287,87
-2.8050225884230953,-0.6860921273599379,87
-2.814960750595146,-0.6908359038255841,87
-2.7257407668695537,-0.6971114968330966,87
3.0018270498433055,-1.4194580117469315,40
3.284027772977264,-1.4952032645695317,40
3.231736580716152,-1.4768648942615852,40
3.142837138854089,-1.378116660744146,40
3.001827049843307,-1.4194580117469333,40
3.2840277729802563,-1.4952032645624407,40
-2.307274833576043,2.333108410950489,40
3.1428371388550724,-1.3781166607411919,40
1.299436544897938,-2.1922334374290133,49
1.411478932013369,-2.089330210208095,49
1.4483207217946317,-2.155199416276622,49
1.5295632058034285,-2.0842524829849256,49
1.2701929025310972,-2.3709443619320685,49
1.2840776999933543,-2.2074599879898757,49
1.3844243918329275,-2.2291189419676996,49
1.3738722547809044,-2.21681369122011,49
1.4729754947140723,-2.193928055903797,49
1.2898921314733205,-2.4068020635037226,49
3.188475422750942,-1.3105938923549718,40
3.0682809966502207,-1.3909952545385533,40
3.215450829177516,-1.3786299812057463,40
-2.234907039415657,2.235201060429083,40
3.1105265043096213,-1.3254070489161864,40
3.188475422752443,-1.3105938923505878,40
3.068280996650217,-1.3909952545385595,40
3.2154508291773163,-1.378629981206343,40
3.170671307645299,-1.3759685174908487,40
3.110526504308984,-1.325407048918075,40
3.233121947607701,-1.3119508097885069,40
3.149440017876467,-1.4004724228880314,40
3.2772840565797874,-1.39982045532628,40
3.337323534363025,-1.3568571029857766,40
3.259526404053883,-1.3422050975342552,40
3.233121947607948,-1.311950809787757,40
3.1494400178783875,-1.4004724228823282,40
3.2772840565797603,-1.3998204553263744,40
3.337323534340156,-1.3568571030540364,40
3.2595264040546925,-1.3422050975318918,40
1.2237016252661028,-2.302707147460375,49
1.38537033174957,-2.373657625457718,49
1.2708066447860127,-2.086159068676121,49
1.4349240327461112,-2.1120183330852282,49
1.318134823053836,-2.2329882437400377,49
1.4041042041091192,-2.2390072012597444,49
1.1992373145814417,-2.2622517000034867,49
1.510427059998767,-2.1056362693943114,49
1.3427425589992144,-2.1426479525463042,49
1.4538613910273794,-2.2649640244275226,49
1.2237016252661064,-2.302707147460375,49
1.3853703317504076,-2.373657625457133,49
1.2708066447857165,-2.086159068676383,49
1.4349240327352715,-2.1120183330943454,49
1.318134823051053,-2.2329882437425366,49
1.404104203633063,-2.2390072016376608,49
1.1992373145814381,-2.262251700003489,49
1.510427059998641,-2.1056362693944255,49
1.342742558999928,-2.142647952545724,49
1.4538613910463662,-2.2649640244129614,49
-2.6460884595198837,-0.9715963667951291,81
-2.703953257202853,-0.9314808547086737,81
-2.66171246326659,-0.917284080366893,81
-2.6441206381728146,-0.880211933375585,81
-2.6460884595198846,-0.9715963667951287,81
-2.7039532572028557,-0.9314808547086683,81
-2.6617124632665865,-0.9172840803669113,81
-2.6441206381728137,-0.8802119333755875,81
0.3637597303847672,0.912612207421159,37
0.27961046335220985,0.9391800478357852,37
0.3501217580273937,0.9088016311078062,37
0.30898348094350236,0.9957044639426293,37
0.33922689597679667,0.8779721950159044,37
0.42166773101705846,0.940529200001158,37
0.3523094892226967,1.0059424477043346,37
0.3538360792540523,0.9465892023058996,37
0.33621285061846407,1.0377537783214115,37
0.2816831563051595,0.9248620917043159,37
-2.2380887920068795,-0.9118537045493917,81
-2.558425553149748,-0.998661202415546,81
-2.580901960566582,-0.8881760328554771,81
-2.6210006791551166,-0.8824096776619311,81
-2.4875745497619617,-0.8468910560843106,81
-2.2380887920068293,-0.9118537045494902,81
-2.5584255531497506,-0.9986612024155433,81
-2.5809019605666195,-0.8881760328554013,81
-2.62100067915511,-0.8824096776619437,81
-2.487574549762042,-0.8468910560840763,81
-2.6028295231259455,-1.3708993571327184,82
-2.4749076993697,-1.3715595033896215,82
-2.4410012995076067,-1.375884689811375,82
-2.426018678747799,-1.405413473238142,82
-2.6028295232672245,-1.3708993569870869,82
-2.4749076993799264,-1.3715595033785786,82
-2.441001299468819,-1.375884689852006,82
-2.4260186782564195,-1.4054134737325892,82
1.2927054231310053,0.9162941015265191,19
1.100122059146206,0.8955412813884044,19
1.1929926248458245,0.8415244419044664,19
1.1365261608255357,0.9142365300782371,19
1.1038430222340063,0.8315949132660723,19
1.3105962988604205,0.9826407157483816,19
1.180133739324097,0.9601196846198061,19
1.1820779747476662,0.8696182105994312,19
1.1568066150578518,0.9751202320861778,19
1.0091180676514362,0.8711802337121949,19
-1.9883427587663653,-1.3903653548426287,82
-2.388585755755268,-1.4474832734045537,82
-2.229237761645588,-1.4138744698478043,82
-2.3457901944980564,-1.3526007762995462,82
-2.085742102939186,-1.4322199636123396,82
-1.9883427587687021,-1.3903653548396604,82
-2.388585755771018,-1.4474832733886582,82
-2.229237761644705,-1.4138744698487906,82
-2.345790194496535,-1.352600776301174,82
-2.085742102939618,-1.4322199636118358,82
-2.891055360594659,0.08675721729571097,85
-2.8661406840258836,0.08034904006349597,85
-2.8413756518849658,0.08772973129032548,85
-2.8947676548192973,0.11999429669041173,85
-2.891055360594658,0.08675721729571788,85
-2.8661406840258836,0.0803490400634944,85
-2.841375651884967,0.08772973129032227,85
-2.894767654819294,0.11999429669042608,85
-0.7840381968964262,1.9075803587920666,29
-0.8897650008279836,1.9098338559289705,29
-0.8731259512114093,1.9267571887604602,29
-0.8660024743162886,1.978436591892436,29
-0.8622890153078379,1.8640522278145364,29
-0.7808837368428811,2.065669920078104,29
-0.8479819488171944,2.102717752940337,29
-0.8339218676713521,1.992740906796536,29
-0.8844377306765124,2.100399051112332,29
-0.8887332561471367,1.981302215897751,29
-2.597142722550836,0.1398495841340956,85
-2.8400028187860227,0.0073012336871470015,85
-2.7783551428685676,0.13143384008179126,85
-2.8221944073825367,0.1351540811653268,85
-2.773680878874844,0.15200439634289956,85
-2.597142722550836,0.13984958413409565,85
-2.8400028187859756,0.007301233687710065,85
-2.7783551428685684,0.1314338400817913,85
-2.822194407382538,0.1351540811653266,85
-2.773680878874845,0.15200439634289942,85
-2.832861568323719,-0.622125439763256,83
-2.7952447134026643,-0.6081256305867084,83
-2.8100855909138227,-0.5635687443598814,83
-2.833848970505979,-0.6380116236256985,83
-2.832861568323849,-0.6221254397623229,83
-2.79524471340265,-0.6081256305869109,83
-2.8100855909129914,-0.5635687443667405,83
-2.833848970506196,-0.6380116236242199,83
0.16743526307021878,2.40610979201154,21
0.015424478629387376,2.428370022762676,21
0.09749804715442426,2.403616897915791,21
0.08356804217057559,2.413753479033473,21
0.05085022251442524,2.328738182453968,21
0.23683158382110203,2.569946687000842,21
0.22592221616839556,2.6467431637357386,21
0.19289364417404803,2.525346579980508,21
0.17108617919022717,2.614751040367702,21
0.08095397257426536,2.4841135602104822,21
-2.546800092425619,-0.46517295144583937,83
-2.7645475414487564,-0.6177004101603524,83
-2.725874067505876,-0.5518338264664158,83
-2.780449223475072,-0.4978889440110219,83
-2.7243618695262355,-0.539579666792745,83
-2.546800092425619,-0.4651729514458393,83
-2.7645475414487564,-0.617700410160352,83
-2.7258740675058615,-0.5518338264665492,83
-2.780449223475072,-0.49788894401104294,83
-2.7243618695262586,-0.5395796667925175,83
-2.292974238472131,-0.785079017806269,79
-2.274271387671997,-0.7466920887802169,79
-2.2591678057898155,-0.7590229328854251,79
-2.2434567659086397,-0.7145851268341264,79
-2.2929742384721323,-0.7850790178062694,79
-2.274271387671997,-0.7466920887802162,79
-2.2591678057898177,-0.7590229328854206,79
-2.243456765908639,-0.7145851268341251,79
0.6166301856052679,1.3956459009243212,35
0.5157686369778742,1.2734790288483573,35
0.581165725124501,1.3520361784644435,35
0.622307523226542,1.3852372448599535,35
0.5274025424379313,1.245042637286674,35
0.6958976534261474,1.4659673570991094,35
0.6478681387970797,1.3854757103061373,35
0.6178158831804107,1.347889181443691,35
0.676161624396496,1.423968467995685,35
0.5093118717100612,1.2326502734254137,35
-2.0054176181548877,-0.7246200065207221,79
-2.287779120378262,-0.8535446559602841,79
-2.1750592138969114,-0.7261034935840476,79
-2.2118722950706857,-0.7504791119509163,79
-2.1314090476531753,-0.7117792302054203,79
-2.005417618154888,-0.7246200065207217,79
-2.2877791203782616,-0.8535446559602841,79
-2.1750592138969114,-0.7261034935840476,79
-2.2118722950706866,-0.7504791119509167,79
-2.131409047653175,-0.7117792302054204,79
-2.3226871970045493,-1.2843202807108463,77
-2.1935664640560573,-1.2870648092518697,77
-2.2205214569514675,-1.2940550566837346,77
-2.210768494181833,-1.302456326286776,77
-2.3226871970045617,-1.2843202807108303,77
-2.1935664640560146,-1.2870648092519268,77
-2.2205214569514387,-1.2940550566837763,77
-2.210768494181757,-1.3024563262868707,77
1.3440799941818584,1.6204759570142915,20
1.236200858454486,1.5563061122384034,20
1.2532619745372986,1.5235364094002968,20
1.2429566239243117,1.584045082462657,20
1.1804563899669043,1.4099086223389252,20
1.3182798726731826,1.6226573913181335,20
1.2961630493257499,1.6099491320348667,20
1.2943777879564626,1.5254828398771603,20
1.2679202785543204,1.6495779063840108,20
1.1729125162347924,1.451468097864705,20
-2.0516968012214893,-1.251011874032368,77
-2.326321935144149,-1.3444993372606495,77
-2.0939052104451013,-1.269677295630603,77
-2.227139682013645,-1.253543282395217,77
-2.085907079784837,-1.268152123824625,77
-2.0516968012212766,-1.2510118740326563,77
-2.3263219351264373,-1.3444993372813376,77
-2.0939052104450977,-1.269677295630609,77
-2.2271396820136755,-1.2535432823951747,77
-2.085907079784873,-1.2681521238245756,77
-2.7087495340825627,-0.04649846104119434,89
-2.7056495377727314,-0.05028239740063927,89
-2.676895874132098,-0.06362147569885646,89
-2.7427651372268422,-0.028982707188850966,89
-2.7087495340825627,-0.0464984610411943,89
-2.7056495377727314,-0.05028239740063927,89
-2.676895874132097,-0.06362147569885611,89
-2.7427651372268422,-0.028982707188850956,89
-0.39321653877420726,1.9272817607581418,27
-0.4468445998125813,1.827042283767995,27
-0.40993154442485386,1.8702577581179938,27
-0.3747370890405215,1.8915869129678544,27
-0.41370456885463935,1.7687530562677918,27
-0.32010001838532065,2.034968596109005,27
-0.33369445329605874,1.9953845639977703,27
-0.37405069036635785,1.923332503067375,27
-0.33784700599129464,1.99416711971871,27
-0.38914682578788284,1.824439243472274,27
-2.592089064970063,-0.043249902415861664,89
-2.706365577490319,-0.14447478476739048,89
-2.6846378178740924,-0.06285646974801365,89
-2.6600823081230844,-0.057932979156534184,89
-2.6306604561150944,-0.027567585470008912,89
-2.592089064970063,-0.04324990241586187,89
-2.706365577490319,-0.14447478476739048,89
-2.6846378178740933,-0.06285646974801389,89
-2.6600823081230844,-0.05793297915653426,89
-2.630660456115094,-0.027567585470008732,89
-2.7395262355786834,-0.6553490405064988,87
-2.7119362902848096,-0.6713440020502763,87
-2.718034210138507,-0.6685693285081609,87
-2.7056385196211443,-0.675323049530393,87
-2.739526235578683,-0.6553490405065077,87
-2.7119362902848083,-0.6713440020502814,87
-2.7180342101385038,-0.6685693285081652,87
-2.7056385196211448,-0.6753230495303837,87
0.5488623310088151,2.439091866018633,22
0.4599587768255847,2.4587851425437917,22
0.47350812354604194,2.4135948125819793,22
0.49364613179892486,2.3663732227439045,22
0.46565793196752764,2.380319665381071,22
0.6029162210859436,2.544800144410827,22
0.5815827861092963,2.5366172169950127,22
0.5869899141602651,2.519817970599422,22
0.5398146522130818,2.480600606798792,22
0.5238921277975455,2.52726582825597,22
-2.6614279501739615,-0.6494032748724913,87
-2.769176597641625,-0.7637982074953228,87
-2.651116277868814,-0.637243936766121,87
-2.6959158527124485,-0.6451122599397923,87
-2.5785633288651404,-0.6140895643262019,87
-2.6614279501736844,-0.6494032748740981,87
-2.769176597641626,-0.7637982074953217,87
-2.6511162778688084,-0.6372439367661435,87
-2.695915852712446,-0.6451122599397928,87
-2.5785633288651395,-0.6140895643262073,87
2.9924484784449428,-1.5462580321298154,40
3.3134401134663123,-1.6515188427131826,40
3.2190212000854466,-1.5969073831285956,40
3.1772616484096736,-1.5433401486448752,40
2.992448478444943,-1.5462580321298156,40
3.3134401134659095,-1.6515188427140928,40
3.219021200085022,-1.596907383129602,40
3.1772616484096856,-1.5433401486448721,40
1.2364337111459316,-2.2984347685088284,49
1.3817059168373698,-2.176446591056654,49
1.3888800060767263,-2.2512719190988113,49
1.4850893106348304,-2.102076809532515,49
1.2111060693124431,-2.372980955920863,49
1.2121122818592773,-2.2790984778711247,49
1.3531039109201672,-2.2515482387072234,49
1.3392685355674752,-2.275290506938698,49
1.409021461022059,-2.1575951229379458,49
1.2633293797018226,-2.4438390260597522,49
-2.1951415044562106,2.2944856875077217,40
3.0782515256443554,-1.5021078539063695,40
3.2487768672450454,-1.5305701487608783,40
3.185320401807361,-1.5161025656732574,40
3.1474756447633285,-1.4690830565450805,40
3.1824278617804818,-1.4559091959150565,40
3.0782515256443546,-1.50210785390637,40
3.248776867244961,-1.5305701487610928,40
3.1853204018074095,-1.5161025656731377,40
-2.2576603864051332,2.1936226761193405,40
3.234349854159931,-1.487000824136609,40
3.149758771684184,-1.5304106816892766,40
3.303942885746544,-1.5605148330883636,40
3.3820419585868375,-1.5252985431997073,40
3.2553362896099904,-1.4946590145712768,40
3.234349854160043,-1.4870008241363177,40
-2.292298214058367,2.2273247389515998,40
3.303942885746782,-1.560514833087797,40
3.3820419585943835,-1.5252985431814086,40
3.2553362896092963,-1.4946590145731062,40
1.170548950517821,-2.372522493802624,49
1.3092895186926994,-2.43268687569468,49
1.2069772459588448,-2.1375671951970365,49
1.392062995655325,-2.191038564799131,49
1.2659025678944467,-2.3191724250133703,49
1.3619103537376005,-2.2650521632600418,49
1.1449454398681391,-2.3499613969793502,49
1.4220056238704573,-2.140860167368796,49
1.2634096890239261,-2.1964206264007027,49
1.3505160912402308,-2.3113345914449,49
1.1705489505178213,-2.3725224938026237,49
1.309289518692721,-2.432686875694666,49
1.2069772459588493,-2.1375671951970334,49
1.3920629956695647,-2.1910385647872714,49
1.2659025678944384,-2.3191724250133765,49
1.3619103537350357,-2.2650521632621,49
1.14494543986814,-2.349961396979348,49
1.422005623870357,-2.1408601673688827,49
1.2634096890239066,-2.196420626400721,49
1.3505160912370957,-2.3113345914472663,49
-2.1028484704906627,-1.6556679728242683,81
-2.078672103897012,-1.612421715303573,81
-2.113939313544714,-1.6251084715799082,81
-2.033368172214479,-1.5672370831855498,81
-2.102848470490661,-1.6556679728242705,81
-2.078672103897011,-1.612421715303573,81
-2.1139393135446944,-1.6251084715799329,81
-2.033368172214473,-1.567237083185557,81
0.6578906807677553,0.8377186717398115,37
0.5642017666196049,0.8360684047724805,37
0.6290277308106391,0.84956524962134,37
0.6112237267625721,0.9229073032493286,37
0.5960440502106489,0.7721438267157378,37
0.8006747755529492,0.8507097085706193,37
0.7218307947072359,0.9039502550369322,37
0.665541036058368,0.8226324989899527,37
0.7108228504361778,0.9650833470979281,37
0.5716126210261934,0.7645048829923015,37
-1.7533024968304889,-1.6582728744240212,81
-2.051382871017732,-1.6700430988368047,81
-2.020561728295849,-1.6080456087959798,81
-2.1030141057247382,-1.6007290894383943,81
-1.9394124295278659,-1.55202614709207,81
-1.7533024968304878,-1.6582728744240223,81
-2.0513828710177315,-1.6700430988368042,81
-2.0205617282958497,-1.6080456087959774,81
-2.1030141057247227,-1.6007290894384134,81
-1.9394124295278656,-1.5520261470920698,81
-2.0477602428088186,-2.304879788103556,82
-1.9915850331917284,-2.2428391587228544,82
-2.008242300894549,-2.2480119806730516,82
-1.9569032628151477,-2.246176469789257,82
-2.0477602419927874,-2.304879788939049,82
-1.991585033283325,-2.242839158637815,82
-2.008242300741906,-2.2480119808204244,82
-1.956903261977703,-2.246176470565364,82
1.558636555378971,0.7489273159989477,19
1.3713621760150407,0.7323834611065532,19
1.41684196027918,0.7200843626803867,19
1.3467593276415326,0.8052441172502407,19
1.3370708721281093,0.6658766528303063,19
1.5867045012330634,0.755886588810508,19
1.4426230672684013,0.7731798239879542,19
1.4407213155382572,0.6826343289949086,19
1.44327577617047,0.7855918904066888,19
1.28308425380409,0.6618334340099197,19
-1.645094359039459,-2.2328288430306835,82
-2.006534512268621,-2.3089898758534964,82
-1.8619451757292373,-2.210550490716625,82
-1.9865948224619956,-2.2144762622037244,82
-1.8193621943146567,-2.1993111112803168,82
-1.645094359069357,-2.232828843001324,82
-2.0065345142824107,-2.308989873658726,82
-1.8619451761459804,-2.2105504904058506,82
-1.9865948223547159,-2.2144762623048413,82
-1.819362194291012,-2.1993111112976345,82
-2.6440105442363313,-0.6290048349538664,85
-2.6841400977164636,-0.6391341216094044,85
-2.6025762516173567,-0.6007889572887399,85
-2.699699239786725,-0.5943109267272152,85
-2.6440105442366413,-0.6290048349512454,85
-2.6841400977201437,-0.6391341215711196,85
-2.60257625161738,-0.6007889572885178,85
-2.699699239785726,-0.5943109267449938,85
-0.7351376106328672,1.971563034253032,29
-0.8425539653891038,1.921169764303999,29
-0.7893788066060738,1.9678544451770892,29
-0.8214683468856894,1.985865449478666,29
-0.7699239760925777,1.8581286203216862,29
-0.7047655651192529,2.068554206068319,29
-0.7784976715419376,2.076158169046168,29
-0.7579272646301065,1.9733057407791905,29
-0.8590772625020175,2.164569902041371,29
-0.7545881738931606,1.8742280110018004,29
-2.498725200016685,-0.6005402942984541,85
-2.586264192212208,-0.7304409917713727,85
-2.632231158625979,-0.631763449446671,85
-2.6137175189195148,-0.591867894220305,85
-2.5955376654842763,-0.6238081145718832,85
-2.4987252000166875,-0.6005402942984349,85
-2.5862641922122034,-0.7304409917714031,85
-2.632231158625663,-0.6317634494497745,85
-2.6137175189195236,-0.5918678942202192,85
-2.595537665484345,-0.6238081145712238,85
-2.676467936651194,-1.3437876431000415,75
-2.661466716753238,-1.310699587279195,75
-2.6817015757333977,-1.32553829013225,75
-2.646414145654813,-1.3259664263420088,75
-2.676467936651142,-1.3437876431001166,75
-2.66146671675323,-1.3106995872792004,75
-2.681701575733387,-1.3255382901322668,75
-2.646414145654826,-1.3259664263419881,75
0.4741109302307294,2.333813782713447,21
0.34005636634879777,2.302137852639447,21
0.40143668994981796,2.2928939819475374,21
0.3655399130218123,2.349069676553336,21
0.31984651741642495,2.2225575398846713,21
0.5403213591696817,2.443240969513397,21
0.515635674642665,2.5032824645753187,21
0.49838087743162024,2.3815919627246425,21
0.4797517728464268,2.5136120251386167,21
0.38129263170100175,2.329491692332968,21
-2.4044498039308144,-1.4614486608291932,75
-2.7127864087140994,-1.3856164744807142,75
-2.6336872886511156,-1.3027827757598196,75
-2.715338509986513,-1.297000550478721,75
-2.6251862118964184,-1.3189130659326798,75
-2.404449803932535,-1.4614486608272437,75
-2.71278640871418,-1.3856164744805937,75
-2.6336872886511076,-1.302782775759829,75
-2.7153385099865135,-1.2970005504787196,75
-2.6251862118964167,-1.318913065932682,75
-1.9551808201055128,-1.4884551363659255,79
-1.9453383558708177,-1.473109772760925,79
-1.961147029491096,-1.448737666653632,79
-1.8941666153408894,-1.4597013525203757,79
-1.9551808201055114,-1.4884551363659269,79
-1.9453383558708173,-1.4731097727609235,79
-1.961147029491096,-1.4487376666536322,79
-1.8941666153408874,-1.459701352520375,79
0.9166575357722124,1.5679820284808526,35
0.8864937719588438,1.4591173623113927,35
0.9290695932492031,1.5401547954592187,35
1.0029345949719237,1.6218069269418132,35
0.842999127766683,1.3443910103591583,35
1.0384144756800449,1.6822189766351174,35
1.0820008828706928,1.6416013915971897,35
0.9787537996314231,1.5333828665275275,35
1.0899864757046607,1.7166874453655414,35
0.8627593282773461,1.247665343660975,35
-1.7538574114104954,-1.5128899263131947,79
-1.979749254813762,-1.594912276652622,79
-1.8884364372444717,-1.4814304285627709,79
-1.9524180852417916,-1.4621538031521646,79
-1.8282614561451125,-1.473902375217738,79
-1.7538574114104954,-1.5128899263131943,79
-1.9797492548137556,-1.5949122766526276,79
-1.8884364372444726,-1.4814304285627709,79
-1.952418085241793,-1.4621538031521646,79
-1.8282614561451125,-1.4739023752177376,79
-1.9715033715073018,-2.1264684295425327,71
-1.9714697381216122,-2.1322912597332615,71
-1.9424112934814113,-2.1402427684900065,71
-1.9153906829152312,-2.106702081713829,71
-1.9715033715073027,-2.1264684295425327,71
-1.9714697381216102,-2.13229125973326,71
-1.9424112934814108,-2.140242768490008,71
-1.915390682915227,-2.106702081713827,71
1.6222291827186626,1.6033612378924456,20
1.527370469896127,1.5352653807596313,20
1.5353144010014455,1.503136787471857,20
1.5240197994887321,1.526377832894399,20
1.430703224292118,1.2833603402004994,20
1.5377428591643951,1.4195766123095686,20
1.5886930062955962,1.534406906008168,20
1.5370398531413318,1.3690318612222996,20
1.5648921645122682,1.5324837507673306,20
1.4036786398181298,1.2066481269667306,20
-1.7120195149452184,-2.219125432233513,71
-1.9826712006754377,-2.217835928213169,71
-1.8693628845653703,-2.1471499136321723,71
-1.933275895756781,-2.132197085811514,71
-1.8297984341623326,-2.1347422031046053,71
-1.712019510469826,-2.2191254360586856,71
-1.9826712006755183,-2.2178359282131006,71
-1.8693628845654982,-2.1471499136320737,71
-1.9332758957567808,-2.132197085811515,71
-1.8297984341623006,-2.1347422031046337,71
-2.538939451017168,-0.8658396400016903,89
-2.5779449051606687,-0.9344360076510172,89
-2.476451287052253,-0.8539570504002987,89
-2.559017203443052,-0.8654608624116152,89
-2.5389394510171677,-0.8658396400016765,89
-2.577944905160665,-0.9344360076510287,89
-2.476451287052259,-0.8539570504002775,89
-2.559017203443054,-0.8654608624116108,89
-0.18829554349119115,2.0731108494072616,27
-0.23403019533592423,1.942505727950981,27
-0.21548887594672123,1.9696875879161522,27
-0.18907225982591475,2.0094294293005506,27
-0.2194673529419565,1.8557294922739591,27
-0.1298640040057283,2.1916153347490916,27
-0.11370772214298915,2.126196895008418,27
-0.18552949464062835,2.0217158850971955,27
-0.163806349340939,2.1355695389828044,27
-0.16802307274508074,1.8468249818774127,27
-2.49580103845046,-1.0190068720127703,89
-2.5380494949880177,-1.0102250857329007,89
-2.549309103070147,-0.9634752970624516,89
-2.482169734931949,-0.8550887655329504,89
-2.4612598055326966,-0.9276805723339558,89
-2.4958010384504616,-1.0190068720127652,89
-2.538049494988019,-1.0102250857329007,89
-2.549309103070144,-0.9634752970624587,89
-2.48216973493195,-0.8550887655329426,89
-2.4612598055327024,-0.9276805723339409,89
-2.697354657055482,-1.5079665653313645,73
-2.717874692455014,-1.5039908025190516,73
-2.723063835229258,-1.5280463104179276,73
-2.6530593541203515,-1.5315193098833322,73
-2.6973546535065083,-1.5079665698611702,73
-2.717874686785342,-1.503990809770635,73
-2.723063849129709,-1.5280462922649498,73
-2.6530593320524383,-1.5315193377368845,73
0.8133017278797476,2.470167193942082,22
0.7482603352207755,2.4948139898974597,22
0.7162376638022384,2.392075773542864,22
0.7269008519669576,2.4246745999734873,22
0.7027457957295523,2.3936334887183772,22
0.8434477922441558,2.5251258413594235,22
0.846403097403697,2.5863475484629292,22
0.8375272965797558,2.4950212990212353,22
0.7909425086616283,2.528223320035917,22
0.7979845841911213,2.4970158005046676,22
-2.4443284242869905,-1.762429381007517,73
-2.7310849048059067,-1.6402563820220535,73
-2.562879122583486,-1.5633939372665713,73
-2.6856477473844724,-1.540086341499585,73
-2.507570932105628,-1.596485274693511,73
-2.4443278549174092,-1.7624301053197398,73
-2.731084702828476,-1.6402566995588372,73
-2.562879128051601,-1.5633939305331777,73
-2.6856477763218747,-1.5400863038784747,73
-2.50757089335381,-1.596485321257924,73
3.215554793997286,-1.3757762517483054,40
3.508606289401836,-1.4812927816633294,40
3.5016911003047495,-1.4701254836479103,40
3.37690408414267,-1.3638499050589694,40
3.215554793998143,-1.3757762517459131,40
3.508606289399287,-1.481292781669547,40
3.5016911003036713,-1.4701254836505515,40
3.3769040841434723,-1.3638499050564779,40
1.3838239850702942,-2.2454976475697412,48
1.5013357897009632,-2.1123803714313074,48
1.488384124595472,-2.130131488923957,48
1.594677781290129,-2.1044858741805874,48
1.2907124684634994,-2.418206977733024,48
1.3538073545634994,-2.258545001382868,48
1.4615659698963195,-2.1884378753243365,48
1.4726719411963283,-2.175315712343421,48
1.5404940270625807,-2.1968150069901946,48
1.3539140180275968,-2.3725402884149878,48
3.4740577945465683,-1.2808281400265726,40
3.2665402038533276,-1.35504576153688,40
3.454018625760126,-1.3683173099996124,40
3.4463270621085114,-1.384070693496778,40
3.3409932504441535,-1.2982495218792838,40
3.4740577945461135,-1.2808281400280157,40
3.2665402038567084,-1.355045761527283,40
3.454011402385912,-1.3683390030105171,40
3.4463270620919593,-1.3840706935448692,40
3.340993250443983,-1.2982495218798422,40
3.520595218257306,-1.3505055265688162,40
3.412829683254343,-1.453647565441035,40
3.610054009477111,-1.4502014431558463,40
3.6646186502149867,-1.41434537226499,40
3.5170940149485848,-1.3608520355311353,40
3.5205952182575726,-1.350505526568055,40
-2.192056229083796,2.7475773132287244,40
3.610054009463589,-1.4502014431904198,40
3.6646186501343423,-1.4143453724840322,40
3.517094014952268,-1.360852035520833,40
1.2859133936317362,-2.271752398092509,48
1.403607403812379,-2.439273508829359,48
1.3180623445617503,-2.0505600313531875,48
1.4735412582977752,-2.1738900111108816,48
1.4218383102344143,-2.0962030754121583,48
1.4586437928767744,-2.2389444389078275,48
1.2872239169408264,-2.107722851031237,48
1.5272745583705658,-2.0633806463142745,48
1.3830200373545507,-2.087605501328529,48
1.485957176509574,-2.2007909948285853,48
1.2859133936322071,-2.2717523980921213,48
1.4036074037902815,-2.4392735088435153,48
1.3180623445618027,-2.050560031353141,48
1.4735412583333607,-2.1738900110828894,48
1.4218383102344547,-2.0962030754121255,48
1.4586437928869,-2.2389444388998516,48
1.287223916941406,-2.1077228510307404,48
1.5272745583705658,-2.0633806463142745,48
1.3830200373546255,-2.0876055013284662,48
1.4859571765097515,-2.200790994828436,48
-1.495836312090758,2.5608036836164882,33
-1.5557297014305287,2.6025484131813728,33
-1.5188850394260596,2.5448870845521774,33
-1.4698761275239216,2.613592500905071,33
-1.6034528389485152,2.487450258456533,33
-1.347054916618143,2.6977208645912802,33
-1.3222650325435799,2.8182574860287435,33
-1.47178919865015,2.6236778364280755,33
-1.3673703820139855,2.820116045198942,33
-1.5002386573386202,2.6939625036598156,33
-3.377989621009255,1.4823121082457604,86
-3.3779664343507525,1.4823605468875924,86
-0.10629521028105195,3.559661465410783,15
-0.09823207378364915,3.5311211232759274,15
-0.05369690542344302,3.4986815991652334,15
0.04108923753664978,3.530233215153671,15
-0.15482436703189714,3.5067995157677627,15
0.02901841190175199,3.5866658415563113,15
0.13897574497923865,3.6328000954920237,15
0.0590990072067723,3.565203010675572,15
0.10775023653921431,3.6074134801248503,15
-0.008454690944975609,3.5994529306232197,15
-3.5359587823818965,0.8049676145008543,86
-3.535963931741808,0.8049491678675831,86
-1.7942022925071774,3.127355402305353,18
-1.830039939136901,3.116379215659806,18
-1.7771030719078769,3.063740349494724,18
-1.8045688049344775,3.17940026450391,18
-1.8157220045910771,3.102626459493091,18
-1.6688946320363656,3.217675779527627,18
-1.6734423958408167,3.248365513021461,18
-1.6881927495824036,3.137010337384754,18
-1.689509596449317,3.294111291649677,18
-1.7031391554183954,3.163845181380788,18
-3.315206250989451,1.8306264279299673,86
-3.3152062505117463,1.8306264287268605,86
-1.0256044012990282,3.679039923878882,18
-1.0898736300208622,3.643796618564528,18
-0.9643881372853254,-3.2080233801632496,18
-0.9962882179095108,3.656855457417118,18
-1.0201511110712063,3.621027820617922,18
-0.9604928389360274,3.728131708266197,18
-0.9124158432748288,3.811249968459182,18
-0.9755368806795776,3.752223772094216,18
-0.9145324256260272,3.792615917331175,18
-0.9795771513017627,3.7922869952647287,18
-3.387827037763969,1.4931089096871153,86
-3.387827052914997,1.4931088776270702,86
-0.4579768058470317,3.0603587893157593,31
-0.5671612580349206,2.9938260647808916,31
-0.5034122960106774,2.948060921213887,31
-0.48103776196469433,2.9991758809546116,31
-0.6645897118016638,2.944815279332639,31
-0.3760791347204777,3.1189141763885333,31
-0.4433784005709751,3.150120118202901,31
-0.4447118936551063,3.037212332117092,31
-0.46488984954246787,3.1237964351554863,31
-0.5603077528592553,3.039206528060805,31
-3.276782578055982,1.548955911648504,86
-3.276782577480097,1.5489559127951087,86
0.5306506932893752,3.5500716526157525,16
0.4532036759169354,3.541373018490443,16
0.48463381843052356,3.47904941670101,16
0.4968882935373712,3.5200015724583817,16
0.4031576807216228,3.5229117049077416,16
0.5525350973470013,3.5531271679810144,16
0.6107853087008955,3.6979050928596027,16
0.5685808942062363,3.5675339823745014,16
0.5545886699742922,3.633165130077634,16
0.4808115123720945,3.5815198013098977,16
-3.5580895581983802,0.9924056312161199,86
-3.5580471842545824,0.992542093661309,86
-1.1682984125605922,3.280328023924199,18
-1.1247003757645877,3.242193710830883,18
-1.1076807231013595,3.192974854335377,18
-1.0910214462361338,3.2537353783944374,18
-1.194963972926421,3.227803499743005,18
-1.0716282437766715,3.3510829569937948,18
-1.1000787786821542,3.4021529407473916,18
-1.1001259015820657,3.2915973506645186,18
-1.1057913416686747,3.3850245863894783,18
-1.1297332321662301,3.3276538243882072,18
-3.4065752600404813,1.700778171313238,86
-3.4065752584666558,1.7007781741731478,86
-0.2890507987504186,3.7408664332885597,16
-0.3226380165904427,3.7059294225510784,16
-0.2843164886678171,3.6935898834683747,16
-0.27893476256585054,3.6662807222674725,16
-0.3170553015676475,3.673543502148474,16
-0.24584541722098696,3.791207062325166,16
-0.24067118749978156,3.8732135897748554,16
-0.29674276774919933,3.841078160517194,16
-0.2480550814185833,3.789276786040571,16
-0.33458977076100516,3.8864092396908267,16
-3.449917271615674,1.4692678749036645,86
-3.44986249697083,1.4693828526124477,86
1.529178988477533,-3.228246664451953,47
1.5851962739569512,-3.183481482600719,47
-3.05848131440564,1.5317676577417783,47
1.9418271490343706,-3.0590926026771768,47
-3.4304434704884454,1.0033058157939876,47
1.2939297675101544,-3.315571609743926,47
-3.522288302499097,0.8604174702892733,47
1.4485624167389037,-3.3358160986667933,47
-3.6123211801136756,0.5826318900279152,47
1.4887335031961857,-3.4165490522799398,47
3.5263771508908217,-1.6059073747576469,38
-2.7428142050632793,2.616204564593141,38
3.482808270181545,-1.5225969818205543,38
3.482808290160872,-1.5225969348290083,38
-3.0660555231977016,1.3771910375805023,47
1.8792244283397932,-3.1894134421767095,47
1.4982511795951996,-3.140080199921717,47
1.8792328438430141,-3.1894084852085447,47
-1.5025433325176474,2.6824528551010887,33
-1.569868845139727,2.734484119122156,33
-1.5292298077372977,2.6898233292145086,33
-1.4677860334409152,2.7424457112208143,33
-1.6172380670475628,2.638716526124259,33
-1.3389545085594792,2.8254141643772126,33
-1.3268333140403594,2.9330244520160083,33
-1.463723915356086,2.789277061079248,33
-1.362341843335685,2.9504684432809993,33
-1.5057730277558892,2.838113308435325,33
-3.3995532219984104,1.439722382246877,86
-3.3995526497111577,1.4397235198685767,86
-0.13194486927232568,3.6291141527166215,15
-0.1168748344184734,3.5977416101740936,15
-0.07390963015829176,3.5803573804488122,15
0.010763757252490416,3.6019006970651724,15
-0.19169212877502317,3.585193400098142,15
0.0023965660280980488,3.6759663419083712,15
0.08908121331841616,3.7157512552867615,15
0.012580798329011383,3.6429246110510745,15
0.06365715347526436,3.6973124891272104,15
-0.04656655557021741,3.6757901082555176,15
-3.559327882314478,0.7298714621471397,86
-3.559327126851919,0.7298743934873041,86
-1.821935486866365,3.208637975674115,18
-1.8517273265740013,3.202061582113218,18
-1.8028896909198675,3.151966053926978,18
-1.8192769938861353,3.2513670728331148,18
-1.8453067725924908,3.1871827489878988,18
-1.7036916714704449,3.3070318730122783,18
-1.7080045130968577,3.3208208248722806,18
-1.7267401859712528,3.217240940628889,18
-1.7192034993609293,3.3719269252254946,18
-1.7420500482108356,3.2495250375582407,18
-3.3490053859864393,1.8064569032009554,86
-3.3490053859867053,1.8064569032004951,86
-1.0787402061567575,3.7135919263301345,18
-1.177583524515116,-3.312759640909858,18
-1.0910344287000175,3.681563476013431,18
-1.044962598521541,3.694851055469602,18
-1.058583407160118,3.6627797375132314,18
-0.9951597629105693,3.7697517863522028,18
-0.9481006962829017,3.8591888720335694,18
-1.0320208080514102,3.827058735003141,18
-0.9422143073245561,3.8432345545107967,18
-1.0142893914791458,3.8422680897620043,18
-3.4441585066928884,1.4356281371401383,86
-3.4441585042463227,1.4356281422659556,86
-0.5001834263930737,3.118680928042851,31
-0.5845738994869337,3.054386890969739,31
-0.5389771862588801,3.01338386789286,31
-0.4959551440050445,3.0611764779814927,31
-0.6769843723656992,3.0122191579291426,31
-0.43153152914861914,3.174234276263661,31
-0.4999294441588291,3.1981873541974353,31
-0.4963433102276364,3.1020174933608873,31
-0.5157634330561224,3.179721085480662,31
-0.6205829783878714,3.095074344693395,31
-3.3143335698960326,1.5314637500315933,86
-3.314333570498811,1.5314637488447869,86
0.4758190215714588,3.609312418498819,16
0.40250419762074696,3.5766726796396404,16
0.43074590586307376,3.5313244116879856,16
0.44511051715866246,3.578887611563552,16
0.35731012890225994,3.5897999696717364,16
0.4905260556285845,3.6085693282242075,16
0.5349062549951297,3.730773786506184,16
0.49435952366516406,3.6141762149491274,16
0.49705084731181437,3.6855674030514205,16
0.4031734766279897,3.634208316911365,16
3.1894298343025858,-0.4440325254941722,86
-3.6227479771712336,0.8761259002915741,86
-1.1930010310659334,3.3461378972290694,18
-1.1507112095405163,3.307396567194714,18
-1.130675777204605,3.26761901060605,18
-1.1103017307539125,3.3033842129100073,18
-1.2229634530626132,3.2720748166530704,18
-1.1100341449884734,3.4113572261188088,18
-1.1295171824475179,3.447198004730692,18
-1.1271038392243262,3.3606833248128534,18
-1.1346015605291733,3.4387241420240477,18
-1.1598169703615782,3.3692137429475184,18
-3.4606133650291,1.672008506572841,86
-3.4606324738544503,1.671972800612871,86
-0.6594371829530016,-3.2034948736606697,16
-0.36771556998057525,3.750324759816107,16
-0.33898744010451015,3.733059207310993,16
-0.3378201214623762,3.7073327939154703,16
-0.36330003344122175,3.716664455516718,16
-0.29076588703286926,3.828490695462279,16
-0.2930870465729314,3.9125310360714467,16
-0.35126067459466076,3.889736693141954,16
-0.3025039956181601,3.8257473461441407,16
-0.39490257757407676,3.91794320281311,16
-3.480776502637009,1.4246487130307255,86
-3.4807764890323716,1.4246487433359247,86
1.7903405808138748,-2.984731730174982,47
1.831565588807762,-2.956423491522179,47
1.8503035233693346,-2.9232371518363376,47
1.9800401334426874,-2.908549700803974,47
1.7933361698221373,-3.0741890222116703,47
1.322338518815954,-3.1920886357183242,47
-3.2324501258590352,1.2601007769997914,47
1.48092055805898,-3.2100853414815793,47
1.5073340511010556,-3.228721452226993,47
0.9437119307870271,-3.484409414346997,47
3.4639905339084343,-1.6841506883285187,38
3.4639905429019575,-1.684150669788721,38
3.4285547796692204,-1.6020380202996316,38
3.428554774946746,-1.6020380306144786,38
1.667308727581678,-2.9964146388344024,47
1.9724356415162474,-3.0556548543802666,47
-2.9505974279750617,1.4125915064241996,47
-3.2463929084131666,1.2804716275492654,47
-3.100199295930754,-0.21953056035948482,80
-3.131431847212294,-0.2413801582058939,80
-3.0827811704736656,-0.20239938833763033,80
-3.1434118468543533,-0.21992375400434758,80
-3.1001992959307456,-0.2195305603597265,80
-3.1314318472123186,-0.24138015820532532,80
-3.082781170473647,-0.2023993883377898,80
-3.1434118468542795,-0.21992375400721695,80
-0.3736781318762985,1.3955787997088354,32
-0.4244488137276376,1.435675236878992,32
-0.37312011578460824,1.3883489379645841,32
-0.416936022861307,1.4969878739096718,32
-0.4078308013072238,1.3636818286193713,32
-0.36659409444031743,1.4688069568760487,32
-0.37673472544558423,1.5347634542898876,32
-0.36201537980490833,1.403192835453517,32
-0.47156535364311164,1.6406178802095064,32
-0.39574907353459143,1.4017875386909946,32
-3.1461569379225005,-0.12464099155876322,80
-3.133688956903012,-0.31637280631767345,80
-3.09303069551279,-0.26524073153063527,80
-3.107047715345638,-0.20822985909524144,80
-3.063407280939808,-0.28020148297127395,80
-3.146156937925655,-0.12464099169331222,80
-3.1336889569131245,-0.3163728060229557,80
-3.093030695512912,-0.26524073152895977,80
-3.1070477153454767,-0.20822985909856634,80
-3.0634072809392414,-0.28020148298171565,80
-3.1974594742790368,-0.8658987264635174,80
-3.0786927699009574,-0.884938242278508,80
-3.076415958542339,-0.8975398941637596,80
-3.089936457792345,-0.8568927965714803,80
-3.1974594742247926,-0.8658987266507034,80
-3.0786927699342845,-0.8849382421824667,80
-3.0764159586166455,-0.8975398939494307,80
-3.0899364577994217,-0.8568927965487693,80
0.7352331622254793,2.083858203268474,15
0.7234800346686729,2.0337653423293607,15
0.7383281426227144,1.9754830565989776,15
0.7953542235669987,2.1697699331366818,15
0.760708862046601,2.0234868359156963,15
0.7737581462414461,2.1376473551545057,15
0.8609279830640545,2.118293266064603,15
0.8315797825023472,2.0172808211500795,15
0.8622601359873145,2.2261396864496916,15
0.8165889545415173,2.0117558044357167,15
-3.1287386279042377,-0.8310409315762746,80
-3.1985431240499373,-0.9772002883435773,80
-3.0705124549929095,-0.9062209455232495,80
-3.1022150863896845,-0.910167715001961,80
-2.9876731584297525,-0.9473820686101331,80
-3.128738627868956,-0.8310409316952276,80
-3.1985431239642574,-0.9772002885981734,80
-3.0705124549800287,-0.9062209455608525,80
-3.102215086509037,-0.9101677146463839,80
-2.987673158493339,-0.947382068454037,80
-3.2113701429066968,0.716999745635008,84
-3.218520382885659,0.7017991979999058,84
-3.152119825557094,0.7162753691912215,84
-3.258180969726648,0.7061492863299651,84
-3.211370142906694,0.7169997456350392,84
-3.2185203828856572,0.7017991979999059,84
-3.1521198255570932,0.7162753691912199,84
-3.2581809697266495,0.7061492863299696,84
-1.1843346010551314,2.324822493835278,25
-1.1438082461009749,2.339676002558472,25
-1.1359161207301884,2.329533571706567,25
-1.1633785879024436,2.4728324794964127,25
-1.1028133266681621,2.264090313437732,25
-1.1019130048371681,2.46170165981865,25
-1.0344819865670627,2.4400681402463604,25
-1.0647690881507763,2.3433194058706794,25
-1.1216247055792015,2.5418738767129825,25
-0.9822636942350936,2.261511534659386,25
-3.2553190767009403,0.7277928462664283,84
-3.1584734914122,0.5993164836660554,84
-3.1160406709832786,0.6530029050714529,84
-3.1206042565831478,0.7143091077572951,84
-3.1286392804470187,0.6166039002846734,84
-3.2553190767009164,0.7277928462664969,84
-3.1584734914122,0.5993164836660538,84
-3.1160406709832773,0.6530029050714521,84
-3.12060425658315,0.7143091077572941,84
-3.1286392804470182,0.616603900284672,84
-3.2777292638799187,0.09079598385432867,83
-3.258578959967698,0.09824473878956082,83
-3.2401088591187106,0.07484533653571127,83
-3.254495882466423,0.0850839450812101,83
-3.277729263880562,0.09079598384706179,83
-3.25857895996718,0.09824473879471429,83
-3.2401088591187013,0.0748453365357626,83
-3.2544958824665313,0.08508394508012572,83
-0.25519735233712065,2.7511433975398125,21
-0.28961505395565595,2.7781997438070287,21
-0.24616380676213298,2.809547297127664,21
-0.21593447046930805,2.8331798404038357,21
-0.19324494318489563,2.718502677194812,21
-0.23663274233812517,2.8725292816544257,21
-0.18974551140056714,2.882348009141645,21
-0.21308804063618836,2.8977784106275393,21
-0.19414740064961492,2.889042672624242,21
-0.2058282516247523,2.813871106059371,21
-3.289328381895499,0.06176755319967303,83
-3.2642165666917524,-0.016064987251178994,83
-3.1890350565818215,0.07472107678824737,83
-3.2457833393006488,0.06012366425250546,83
-3.1792451174180996,-0.011056150512550957,83
-3.2893283818964534,0.06176755318630535,83
-3.2642165666916627,-0.016064987248936114,83
-3.189035056582078,0.07472107678538972,83
-3.245783339300655,0.06012366425247663,83
-3.1792451174180703,-0.01105615051126864,83
-2.8521271360191918,-0.192521606369532,78
-2.9160442335136945,-0.1897498868010199,78
-2.857408234715161,-0.20858196958610312,78
-2.8971317412533213,-0.17215008263152237,78
-2.8521271360191913,-0.19252160636953278,78
-2.9160442335136967,-0.18974988680103985,78
-2.857408234715163,-0.20858196958610092,78
-2.8971317412533226,-0.17215008263152265,78
-0.07102258563007359,1.9638037444880692,30
-0.06299887043682827,1.9206476832779615,30
-0.0414574833947361,1.8865522079358303,30
0.008878785485275079,1.8318346682032094,30
-0.11915761263132454,1.7370193096721043,30
0.004227740523081449,2.0683315247429648,30
0.07188746865919023,2.1025890182343745,30
0.03057216503983362,1.9370839266222535,30
0.03046666363645356,2.086503225420896,30
-0.05409965649038817,1.8987780099673435,30
-3.013007961721828,-0.12078975957041416,78
-2.8950404718688265,-0.28748362369889624,78
-2.9223640028279623,-0.24754097104572598,78
-2.882509331589522,-0.20927547753730344,78
-2.921723634614406,-0.2436217929971203,78
-3.0130079617218177,-0.12078975957052059,78
-2.8950404718688287,-0.28748362369889513,78
-2.922364002827959,-0.2475409710457538,78
-2.882509331589522,-0.2092754775373036,78
-2.9217236346143993,-0.24362179299720096,78
-3.121350016317566,-0.8523879472965062,77
-2.9581959944438165,-0.8847833406669279,77
-3.0154662924147244,-0.9075617877233075,77
-3.0340523044708476,-0.8402128530751632,77
-3.1213500163034356,-0.8523879473444316,77
-2.9581959943150866,-0.8847833409847714,77
-3.015466292049908,-0.9075617887600118,77
-3.034052304531372,-0.840212852892218,77
0.9584722007861175,2.4978772939686764,20
0.9111341596317871,2.4283975881800606,20
0.8918871878035947,2.3373861664840034,20
0.9054681865367785,2.3602542371908393,20
0.9290541768618774,2.3057380099650233,20
0.9491908544387481,2.469800159315519,20
1.06304780231777,2.5467890033057285,20
1.0152107936712274,2.4401438611526736,20
1.0083946365868761,2.5105938620572177,20
1.0175956107393163,2.422458672612678,20
-3.1775751324965182,-0.8934948311298166,77
-3.2122229540378093,-0.945730532126648,77
-3.058777155470538,-0.9228626565642616,77
-3.08599297480552,-0.9007585183081775,77
-3.033974159955668,-0.9578495070701172,77
-3.177575132497024,-0.8934948311280562,77
-3.2122229540384097,-0.9457305321247319,77
-3.0587771554222503,-0.9228626567042945,77
-3.085992975594599,-0.9007585160479957,77
-3.033974160015527,-0.9578495069120885,77
-3.06932553043872,0.5551216834037584,88
-3.0992291599216784,0.6068389889728746,88
-3.0155511207135786,0.5553603283852516,88
-3.1507573442117978,0.5829304312308371,88
-3.06932553043872,0.5551216834037689,88
-3.0992291599216792,0.6068389889728744,88
-3.0155511207135746,0.5553603283852636,88
-3.1507573442122396,0.5829304312292071,88
-0.6196539536615577,2.401585882917496,24
-0.571885807224196,2.3363474471798718,24
-0.5696193555552095,2.3425057346350804,24
-0.5392746788377205,2.323965249591828,24
-0.5855954796478385,2.2552254436661388,24
-0.55932529790769,2.527122186518061,24
-0.5306855888363973,2.516887089426164,24
-0.5280982671085136,2.4337759854580847,24
-0.5599910499781231,2.476020312056958,24
-0.5522297992547396,2.324282384242402,24
-3.2852914514367515,0.5629392976473657,88
-3.020350242256091,0.3742632434221395,88
-3.09082448582608,0.5126166366325224,88
-2.9951245503257367,0.5286718042890188,88
-3.0814615959491194,0.49698426335880824,88
-3.2852914514360045,0.5629392976506333,88
-3.020350242256091,0.3742632434221395,88
-3.0908244858260487,0.5126166366326707,88
-2.9951245503257335,0.5286718042890444,88
-3.0814615959502816,0.4969842633530165,88
-3.2296033469108703,-0.041425185160856325,87
-3.1747732113740548,-0.05565143694163127,87
-3.171133593427386,-0.09395309520111032,87
-3.21239427230756,-0.05934259791981877,87
-3.229603346910885,-0.04142518516166666,87
-3.1747732113740756,-0.05565143694248589,87
-3.1711335934273865,-0.09395309520114281,87
-3.212394272307556,-0.0593425979193606,87
0.2458184780971777,2.956584101859316,22
0.15797082215469926,2.909224948446411,22
0.20913320872805158,2.932956477776383,22
0.19385228597789655,2.860319303645491,22
0.233091290951427,2.8141093605563587,22
0.2637168794339509,2.9387402536629996,22
0.2802242201702582,2.9353188528772165,22
0.25786590968976747,3.0000739163791836,22
0.24057076333841723,2.8925969146326445,22
0.2434028673445872,2.9161156202619654,22
-3.39435180508672,-0.15596265345147378,87
-3.219428576489513,-0.1958821030328282,87
-3.168339009214955,-0.1255342784907962,87
-3.1639411182018065,-0.1388251627136885,87
-3.127490518838538,-0.16341809215574404,87
-3.3943518051502424,-0.1559626481864535,87
-3.219428576489513,-0.1958821030328302,87
-3.1683390092149564,-0.12553427849084314,87
-3.1639411182018033,-0.13882516271381512,87
-3.127490518838537,-0.16341809215575312,87
2.9490714092578116,-1.301601874873635,38
-2.2633812229321895,2.113166057788419,38
3.0970441225756904,-1.3074057664842618,38
3.0492847559702967,-1.1724500222658316,38
2.949071409257809,-1.3016018748736413,38
3.0816345625641275,-1.2639302995720134,38
3.097044122756619,-1.3074057659483622,38
3.049284755969475,-1.1724500222677117,38
1.354595025690117,-2.2858854817958534,50
1.3465133776975482,-2.349151064233209,50
1.4112845089031238,-2.21042398540083,50
1.4726992058286559,-2.2745456891804867,50
1.346960354321097,-2.5389686503398385,50
1.2233719364233817,-2.507687604201662,50
1.17885235585664,-2.5491956399234477,50
1.218137300805731,-2.4807257096650006,50
1.1814385612665381,-2.6025230588214545,50
1.2177889712523395,-2.7312005011739102,50
-2.3541613377350292,2.34648313382685,38
3.194711751107607,-1.243037900191353,38
3.177696529015594,-1.2808955895326426,38
3.1216236154684993,-1.1917526565997913,38
3.0874458530345517,-1.2193852011964124,38
3.2636481889000115,-1.1981847853580796,38
3.1947117498910713,-1.243037904073303,38
3.1776965313347185,-1.2808955822681316,38
3.121623615469337,-1.1917526565976622,38
-2.3277763805565916,2.1345775974478927,38
3.2290354552184515,-1.1599733377229011,38
3.050775140776095,-1.1172575258836714,38
3.164535862252179,-1.1717752224381601,38
3.2681908503461843,-1.115475807961699,38
3.1730404132451597,-1.1493050565051874,38
-2.3032771073871228,2.292015933083879,38
3.0507751407760955,-1.117257525883673,38
-2.2542776470084056,2.238924097647101,38
3.2681908503461794,-1.1154758079617104,38
3.1730404132460905,-1.1493050565028262,38
1.2820374730250612,-2.2929097141810217,50
1.4950759285831108,-2.5544007361873606,50
1.2659302270829613,-2.3052810933154575,50
1.5062814417017933,-2.43325438066404,50
1.2759792051498593,-2.329906835625798,50
1.522177465808306,-2.4540942009099136,50
1.2302416610675746,-2.2585517560996173,50
1.5016879558102443,-2.4671390121254384,50
1.2966946063793692,-2.273043157793548,50
1.488452711843541,-2.5857886253231936,50
1.2820374730249615,-2.292909714181097,50
1.4950759285820636,-2.554400736188035,50
1.26593022708317,-2.3052810933152994,50
1.5062814415972174,-2.4332543807374916,50
1.27597920515004,-2.3299068356256587,50
1.5221774658426468,-2.4540942008857822,50
1.2302416610700782,-2.258551756097516,50
1.501687955782018,-2.4671390121446093,50
1.2966946063795213,-2.27304315779343,50
1.4884527118723256,-2.585788625305247,50
-1.6879318905232736,2.4488447853392725,33
-1.7591921544139995,2.467626081538458,33
-1.7057737171114717,2.4656011557931974,33
-1.6454950400723878,2.4687072640578314,33
-1.781637601585195,2.406897724518565,33
-1.5938960607762602,2.3624968967175355,33
-1.6469126827451197,2.5590525135557716,33
-1.6638387993524664,2.423456679641839,33
-1.606544418494634,2.5356892566847815,33
-1.729489829209656,2.5127526465731567,33
-3.4824595189009933,1.4859567374245264,86
-3.4825342741002663,1.4858002634905327,86
-0.3807408772179575,3.5473204660342152,15
-0.47610418917793507,3.518900827272036,15
-0.3555043485448571,3.5136758141434825,15
-0.2944950379654995,3.540230511840632,15
-0.46564896197553446,3.510927516181217,15
-0.38769861631052066,3.463331610602935,15
-0.2922247851680699,3.5667074243640875,15
-0.3379721898849277,3.4854219579490855,15
-0.31672059014465287,3.5322673792525086,15
-0.43498572361108234,3.53350088326703,15
-3.6093207515408587,0.7505910672841163,86
-3.6093135043755904,0.7506190752417131,86
-1.9242714354007149,3.004143680453631,18
-1.9838617493229915,2.9352324677017263,18
-1.9287706599566983,2.9719089263809826,18
-1.9061750529737478,3.0148139893552,18
-1.9436816439329379,2.956024569512384,18
-1.8376470352446355,2.9898891535254206,18
-1.8969726388084034,3.0681012554436142,18
-1.8666855122430657,2.9577000991767326,18
-1.864093247149864,3.067166666530168,18
-1.9384859713218334,3.042909121541116,18
-3.3970985764396637,1.9381343885737616,86
-3.397098576437477,1.938134388577325,86
-1.1549212952770342,-3.2335144901661317,18
-1.5305114788707166,3.4934611676856067,18
-1.4834956563925148,3.5272944642732873,18
-1.4084350392089142,3.5281161557922394,18
-1.4550153807898596,3.4839170293005894,18
-1.3992915438147646,3.545313203232087,18
-1.4155960698138723,3.6050782579699847,18
-1.4397805373679884,3.6186424023372092,18
-1.407824921746199,3.5507931991373933,18
-1.4901958681372123,3.6086936929688425,18
-3.3574777157547024,1.5261812246536253,86
-3.357477716087584,1.526181223980673,86
-0.8354183635084066,2.88247784235378,31
-0.9361281803040403,2.669021081591764,31
-0.8269825790332226,2.7393388946026294,31
-0.8085497971424676,2.74787358099559,31
-1.0216991517798872,2.6414625828430185,31
-0.8217391417153546,2.7481884743375646,31
-0.8602055087806724,2.8669730221484104,31
-0.8392194471734284,2.696287431136446,31
-0.8431744379720381,2.7757975077665176,31
-0.9678252870311146,2.705125044658589,31
-3.3362473474745338,1.494728687860814,86
-3.3363769085133486,1.4944703337865544,86
0.17972358817818104,3.413476887488308,16
0.08161910513582905,3.360968558999459,16
0.1112137463826209,3.3775614376182386,16
0.1434916340357742,3.3458602867438416,16
0.039242827170833876,3.3413655517926557,16
0.12098883128408744,3.303821122423371,16
0.15618281335790968,3.4329021324061246,16
0.13124468022183094,3.3336201380722708,16
0.1300953193868018,3.3447699704783904,16
0.026361323309524207,3.3495141987103403,16
-3.695651613737483,0.8044025189710499,86
-3.6927960469574375,0.8150935748349806,86
-1.369349693477807,3.156400758499358,18
-1.4340226805571603,3.0242414122443466,18
-1.3575661691761112,3.0764354919644408,18
-1.36951183737421,3.0804720730300508,18
-1.4703390903894995,3.0643342777352767,18
-1.3447887160127643,3.1226595120032856,18
-1.4286057750114454,3.172955097275904,18
-1.357379508696404,3.0817740200082038,18
-1.4019346371873,3.164690376466959,18
-1.4498607895168056,3.0862777548078384,18
-3.5033080610305607,1.825699966827696,86
-3.5033080610535574,1.8256999667868559,86
-0.6581576559722763,3.6115676349240387,16
-0.7650605723275472,3.527876882438308,16
-0.7250588647221796,3.593153003354311,16
-0.7054993214158034,3.522552509391104,16
-0.7441537962554688,3.499781379370748,16
-0.6819304389820566,3.5806535146258907,16
-0.7272766791307369,3.6439183317648745,16
-0.7177135129259775,3.6634705406592465,16
-0.7357337770823889,3.565724976660833,16
-0.9171180661435625,-3.067632675551519,16
-3.445706282020581,1.4240882107179704,86
-3.4457037687897802,1.4240934544184387,86
1.5851545020871014,-3.1878069251580556,47
-3.023746024668638,1.5305780140442673,47
1.845253476046258,-3.0092991328857774,47
-3.0176714001561837,1.6697108578445565,47
1.5452451455710743,-3.1688919388092978,47
1.3536398233633677,-3.2670591585412825,47
1.35426490650798,-3.21636541496499,47
-3.2840787583884143,1.2122857872765336,47
1.4100216806194625,-3.219460162571247,47
-3.4773911961343864,-1.2048573916314709,47
-2.965432788517308,2.567390391199269,38
3.5904645331219407,-1.7571576920185956,38
3.587140910925291,-1.7570311472627775,38
3.587140859926901,-1.7570312529360834,38
1.3588345031396771,-3.1911015672992114,47
1.7725161503124494,-3.135310080579613,47
1.3588344971230255,-3.1911015692839824,47
1.7720361511231197,-3.135560677229113,47
-1.705051562595837,2.489659900373038,33
-1.7870168643320163,2.5352587534737596,33
-1.7395217774541478,2.530822673665402,33
-1.682014476817219,2.5338772889316252,33
-1.79981013483607,2.455927932765338,33
-1.6227528423616109,2.4486990281232646,33
-1.6783081851265802,2.6496567269895226,33
-1.6956018105407684,2.525844353004586,33
-1.6595368279947411,2.642692497902147,33
-1.762496664733649,2.579856214793076,33
-3.4936489829904094,1.5058012754020456,86
-3.4936489592782607,1.505801323615657,86
-0.4278470584130692,3.606420226869913,15
-0.5304088133974509,3.5305143441769347,15
-0.4030233960798249,3.5633088010714156,15
-0.3243076472971135,3.5578902484656165,15
-0.5213863922155343,3.5525731044781605,15
-0.4430268780164006,3.5199461565928805,15
-0.3908911379578966,3.5812369754853597,15
-0.4452740132131403,3.5183927281750975,15
-0.41137306404270974,3.56831391849789,15
-0.5390975712903844,3.5383006219324176,15
-3.6311206540331074,0.6863480809216811,86
-3.631120383267477,0.6863491977244081,86
-1.958595127689247,3.0884534687086407,18
-2.0042281158572255,3.0143940101395024,18
-1.9547368698533936,3.050584954915516,18
-1.9184911488402638,3.0441597635242017,18
-1.9746873611632307,3.0092579807562596,18
-1.873686671131146,3.082230745661164,18
-1.9124484399096247,3.139439945522122,18
-1.9010633683785352,3.0663153997862724,18
-1.8867086743374877,3.1446186988036486,18
-1.9569158240093338,3.120780258799365,18
-3.454631321977561,1.9163649616201486,86
-3.4546313219861586,1.9163649616058367,86
-1.4487564015708219,3.546325674363343,18
-1.5505330159124229,3.5023683101240444,18
-1.4957509683362462,3.554976795870489,18
-1.43417028084738,3.5248877380159027,18
-1.3163119988605465,-3.210214209611895,18
-1.428875697910461,3.5546781815722746,18
-1.4540265306118998,3.619266661916539,18
-1.472834359289954,3.6477506674105533,18
-1.436278859472535,3.5764504323785395,18
-1.5206749832275703,3.63860858584942,18
-3.4390601397212284,1.4549774243002196,86
3.1461017748164157,-0.42836750326174156,86
-0.8827679741637552,2.9086255681868862,31
-0.9778305749648698,2.730323819867445,31
-0.8795896128075662,2.804569687347986,31
-0.8567950499037951,2.7662114145273193,31
-1.0652595645374592,2.6896335458082437,31
-0.8693268084287072,2.844202501452219,31
-0.9169439398871277,2.9306878574172743,31
-0.896670900411339,2.7952490467470783,31
-0.9033010370692254,2.8558017768343174,31
-1.0189736102320603,2.8189135207916887,31
-3.391797468396262,1.5060369770934996,86
-3.3920363125605046,1.5055627667325913,86
0.10342339681039518,3.4321483851519456,16
0.013464450393188117,3.378488916405247,16
0.04296996201813274,3.382537890670822,16
0.08973019174318567,3.3563751191478084,16
-0.046282882601304615,3.3623317574467513,16
0.034152403952405666,3.343256028904974,16
0.046633841733799475,3.4699710836140665,16
0.024403866207897695,3.384653418280589,16
0.02477655084597724,3.3940078905913356,16
-0.07369053432105252,3.392498295175629,16
-3.735482663612903,0.732760271951204,86
-3.7354659963283288,0.7328287327656847,86
-1.3902279381661242,3.2076154295438006,18
-1.4523057622533213,3.0952936261790103,18
-1.37984132542511,3.145533489205512,18
-1.376461524307177,3.1060520690829225,18
-1.5053244489767992,3.0896919624439634,18
-1.3822823211085595,3.179011488337582,18
-1.4613629557662657,3.2265229739769947,18
-1.3867089928548055,3.132122221412004,18
-1.4340772228402319,3.1869944770280343,18
-1.491167791701414,3.1454491992272557,18
-3.572321668575857,1.8020292954627442,86
-3.5723216772522592,1.8020292795148565,86
-0.6995600302316887,3.6292376776892836,16
-0.7966984753788956,3.542589199249876,16
-0.7610480182247257,3.600039755697623,16
-0.733103218619842,3.5182107586172413,16
-0.7915629517916059,3.5060498372931694,16
-0.7350651441888871,3.592678493778353,16
-0.7932142802834843,3.6501290908671757,16
-0.7848913755556046,3.6775510446677435,16
-0.7968432746049656,3.578056517212303,16
-0.8933648367360429,3.6325863127082787,16
-3.501493602802864,1.4004326411176375,86
-3.5014890423787706,1.4004429704112407,86
1.7985210233696778,-2.982978790173071,47
-2.8850207244989963,1.5133704775659942,47
1.8613437185452386,-2.8956857112637153,47
1.9930837279499893,-2.8272457295449236,47
-2.970130704127496,1.3369154297309038,47
1.3922202077199834,-3.1483721349237133,47
-3.0704981038936445,1.2072744431942095,47
1.714465662402536,-3.021237822486314,47
1.5091013175106363,-3.086519545446054,47
1.4606116109472942,-3.1259730640034116,47
-3.074258272694706,2.4440588544016495,38
3.541853993906327,-1.8398887518353881,38
3.551327806351975,-1.8409908572035163,38
3.5513282414214284,-1.8409899937250642,38
1.3936854989166552,-3.0628769488874443,47
1.8951778070394045,-2.9759623613379858,47
1.3936844675743634,-3.062877360525677,47
1.8951775539606073,-2.975962507947067,47
-3.1081943163964776,0.06650971148123946,80
-3.1743090121443385,0.028446776631320957,80
-3.097522648081291,0.08813732211818252,80
-3.1789288878162636,0.044410704982130164,80
-3.1081943160670162,0.06650971537359207,80
-3.1743090122599034,0.028446775416679088,80
-3.0975226481474754,0.08813732134263995,80
-3.178928887785528,0.04441070536663253,80
-0.644148104399573,1.3916645260600788,32
-0.7174061906328429,1.4383607696268128,32
-0.6994427279043948,1.435563726432656,32
-0.6900244070717558,1.476825701655584,32
-0.6708622975425055,1.35608720269031,32
-0.6051039869301205,1.4418992764031826,32
-0.6720241243298042,1.5026540330927576,32
-0.6402523580772145,1.4238239684538798,32
-0.727863064856159,1.5861160079634269,32
-0.6641666778693852,1.414691280275883,32
-3.204923867995109,0.19840192907326729,80
-3.0866960953544855,-0.04287360169815607,80
-3.1135406586475263,0.032267599438367184,80
-3.120900516014599,0.0943990805291496,80
-3.075094146428914,0.02198425110508184,80
-3.204923872190715,0.1984019025142911,80
-3.086696095354346,-0.04287360169418871,80
-3.1135406585553747,0.032267600708642596,80
-3.120900515397181,0.0943990880579801,80
-3.0750941466455237,0.021984246519997384,80
-3.291426875180203,-0.6598580036300224,80
-3.2309028632147885,-0.6841325810321474,80
-3.160528092229415,-0.637883034387445,80
-3.207971847032478,-0.65599461081397,80
-3.2914268782470453,-0.6598579880345982,80
-3.2309028632571617,-0.6841325808366125,80
-3.1605280922039665,-0.6378830345083765,80
-3.2079718459806914,-0.6559946158156537,80
0.42675037127209997,2.0678823284520447,15
0.3177065603354032,2.0272917712902196,15
0.3740041612106083,2.0494555129813405,15
0.39739463857463514,2.187038750414177,15
0.38255030498610393,2.0584309465229005,15
0.40403964502124173,2.108544371369253,15
0.40730105527560434,2.107113029177011,15
0.4135294538161385,2.001420504706674,15
0.414072706071932,2.220103373449009,15
0.32283067644289976,2.006729555445011,15
-3.2971015045726593,-0.640761522511573,80
-3.28695744270012,-0.736478456571069,80
-3.1742179287584174,-0.6900313781005882,80
-3.1809423152811123,-0.5989255845984922,80
-3.0947245675068356,-0.7081856010933476,80
-3.297101512543895,-0.6407614789841002,80
-3.2869574431158473,-0.7364784546657892,80
-3.1742179287457257,-0.6900313781579049,80
-3.180942315822099,-0.5989255819016732,80
-3.094724567531151,-0.7081856009977439,80
-3.1964214866557956,0.9360725641347838,84
-3.228786961749257,0.9060069035960077,84
-3.1747379413059225,0.941915359529115,84
-3.278652031828399,0.9130270775227092,84
-3.1964214866557947,0.9360725641347827,84
-3.228786961749256,0.9060069035960074,84
-3.174737941305921,0.9419153595291145,84
-3.2786520318284014,0.9130270775227068,84
-1.3977986535775624,2.2325205714849092,25
-1.3884035590569936,2.261903827707164,25
-1.3934357209279489,2.255945304384995,25
-1.400662676309455,2.3836293842780325,25
-1.3652794595398914,2.2145115777651996,25
-1.365311677945067,2.332858636506846,25
-1.3165705993616141,2.317161594332691,25
-1.3389388367693955,2.244464215081819,25
-1.3532850701476815,2.4046424207750405,25
-1.2965929935718143,2.228316566915977,25
-3.2787119383167433,0.9391011399268319,84
-3.1064707524893946,0.8428317640419913,84
-3.1258968937364298,0.8833272288175562,84
-3.1262589216061576,0.9382499612794349,84
-3.099711461565399,0.8559481943496242,84
-3.2787119383167433,0.939101139926832,84
-3.1064707524893946,0.8428317640419906,84
-3.1258968937364306,0.8833272288175551,84
-3.126258921606159,0.9382499612794344,84
-3.099711461565397,0.8559481943496233,84
-3.267644026293053,0.33010456004064676,83
-3.248556352962948,0.35659274875374364,83
-3.2170570680562083,0.36013365423908245,83
-3.247654777360929,0.3466881884207752,83
-3.2676440262938575,0.33010456003553734,83
-3.2485563529628037,0.35659274875466485,83
-3.2170570680562043,0.3601336542391108,83
-3.2476547773608693,0.3466881884211487,83
-0.6600690664446371,2.7154562008919063,21
-0.7102943359718547,2.7866974986223263,21
-0.6850501404399572,2.811365109753782,21
-0.6522387863615255,2.8249115877217625,21
-0.6155750722423609,2.6801394525094357,21
-0.6738601262642917,2.7650366930925774,21
-0.6558756471364426,2.8643138125343355,21
-0.6750330276213004,2.856577675048439,21
-0.6589930145042483,2.869006553865538,21
-0.6394224651256987,2.804574123066153,21
-3.3354253616477716,0.3127734626606704,83
-3.224735429100862,0.26763856835745775,83
-3.220367663636887,0.36710923253023087,83
-3.244429110761098,0.37349274165145435,83
-3.1580137741830345,0.3195862618414356,83
-3.3354253616470637,0.3127734626658058,83
-3.224735429100866,0.2676385683574611,83
-3.2203676636372762,0.36710923252765476,83
-3.244429110761146,0.3734927416511144,83
-3.158013774183036,0.31958626184143707,83
-2.996743629595776,0.15086868003927964,78
-3.001981471955565,0.053344728181766395,78
-2.9766194867157214,0.07844905053471388,78
-3.012267554343318,0.10533971244883401,78
-2.996743629384968,0.15086868183862553,78
-3.001981471954958,0.053344728210591254,78
-2.976619486715795,0.07844905053233026,78
-3.0122675543634636,0.10533971213240767,78
-0.3244411251170174,1.7843991651942928,30
-0.37929909415564966,1.71930438839414,30
-0.3239745155066287,1.7465708307251917,30
-0.29824403699891877,1.6870680062057584,30
-0.4144292720593857,1.6353911167820037,30
-0.28926581606626645,1.8367091557844335,30
-0.3734947973993226,1.9590723828465346,30
-0.3647539638857573,1.8057042781648145,30
-0.39256630065633535,1.920960535348389,30
-0.44621717766025404,1.7943171482244247,30
-3.1396461974066825,0.2610621437263983,78
-2.9972654054777443,0.008791004902345025,78
-3.0179911577280145,0.008701765532611996,78
-3.01223453434189,0.08120442291255116,78
-3.0077748045026613,0.03872751265390934,78
-3.1396461974554906,0.2610621434688575,78
-2.9972654054779264,0.008791004963924782,78
-3.017991157727804,0.008701765588348119,78
-3.0122345343551897,0.08120442259468344,78
-3.007774804501583,0.038727512726532236,78
-3.1939020585051145,-0.6106328606282352,77
-3.089363748813584,-0.6352540645974505,77
-3.1619637116719854,-0.659798964085442,77
-3.07504233549839,-0.5991636404733559,77
-3.1939020597246657,-0.6106328545481872,77
-3.0893637487874197,-0.6352540647234841,77
-3.161963711524911,-0.6597989647548974,77
-3.07504233554753,-0.5991636401998116,77
0.5901811549131816,2.1670953099813772,20
0.5138929312648569,2.1396785706549037,20
0.529111780514803,2.07798815935891,20
0.5558197204647324,2.1204293738412057,20
0.5124883687836351,2.0293487664960295,20
0.5393356738771445,2.0855121228751785,20
0.6632177833692827,2.2992462857610243,20
0.612811260715411,2.107427110054298,20
0.5935836743122271,2.2099927851050563,20
0.5411356508819115,2.118381360794217,20
-3.2964512665437113,-0.5836982863604011,77
-3.250123480656328,-0.7168920542664315,77
-3.1947543212834058,-0.7369202845866889,77
-3.2224552100852386,-0.6667418065282716,77
-3.144821433459868,-0.7400332265535849,77
-3.296451258186529,-0.5836983369075841,77
-3.2501234790758273,-0.7168920610494895,77
-3.194754321300141,-0.7369202845142664,77
-3.2224552097943375,-0.6667418078931874,77
-3.144821433260415,-0.7400332274202276,77
-3.172414046511372,0.7978563693452427,88
-3.1747129177604325,0.7707956404541013,88
-3.1171694024927756,0.784798429380925,88
-3.229016809706129,0.795722732630982,88
-3.1724140465113715,0.797856369345243,88
-3.1747129177604343,0.7707956404540971,88
-3.1171694024927765,0.7847984293809241,88
-3.229016809706129,0.7957227326309826,88
-0.9196262364466729,2.289931588850674,24
-0.905111719582957,2.227266022021852,24
-0.8869640106064823,2.251943946192087,24
-0.8374112435334565,2.2272952690596366,24
-0.8868099729072791,2.1499657930791236,24
-0.8840653460554805,2.3882890739325005,24
-0.8520406480172948,2.3628337622417934,24
-0.8472551601207696,2.307469117437098,24
-0.8691268020819495,2.352617257324504,24
-0.8778270734344317,2.192906154414246,24
-3.391478727641991,0.8577244787499398,88
-3.092872930776433,0.7154902335883294,88
-3.1813723830397205,0.7318463446454974,88
-3.102131162185294,0.7848925396438378,88
-3.170293472393638,0.7531786237102818,88
-3.3914787276419514,0.857724478750066,88
-3.0928729307764327,0.715490233588332,88
-3.1813723830397187,0.7318463446455014,88
-3.102131162185293,0.7848925396438385,88
-3.1702934723936633,0.7531786237102297,88
-3.231618491159508,0.19881610657909005,87
-3.2259206373413734,0.17523955248377926,87
-3.1714625031521138,0.13982297262726498,87
-3.236713376079894,0.16598512365464954,87
-3.231618491159458,0.19881610657943638,87
-3.2259206373413787,0.175239552483739,87
-3.171462503152125,0.13982297262720028,87
-3.236713376079849,0.16598512365494322,87
-0.06373321550046732,2.831634323781621,22
-0.1741091479267191,2.775078981183052,22
-0.130046258822832,2.8039832090425896,22
-0.13370189617255854,2.7502091152129,22
-0.11875410381891892,2.6374208798701018,22
-0.10687305467120999,2.7997093511716895,22
-0.10513678059580711,2.794775284717044,22
-0.09625048147676067,2.8701371754617973,22
-0.14339803038283624,2.7429050121205822,22
-0.15959976002605636,2.783914266163648,22
-3.4552561962307515,0.19802713280018813,87
-3.2093879190990995,0.06293448213028895,87
-3.222564130401544,0.12571056022802826,87
-3.1939284291547008,0.10891956106751739,87
-3.1589126739459665,0.13438610731596726,87
-3.4552561971855567,0.19802711909730875,87
-3.209387919039003,0.06293448287574396,87
-3.2225641304015564,0.12571056022793653,87
-3.193928429152693,0.10891956108346608,87
-3.158912673946073,0.1343861073151909,87
-2.6943851732994646,1.7459505033133846,38
2.9815601773701683,-1.5326896375700558,38
2.9976300729123597,-1.5371306965727904,38
3.016109587814491,-1.5482803630847668,38
2.898858504790164,-1.5702671031570838,38
2.98156017737016,-1.5326896375700745,38
2.99763007291237,-1.537130696572732,38
3.0161095878083892,-1.548280363109891,38
1.2694958454520993,-2.379969907933165,50
1.3042033834463034,-2.309770927005503,50
1.3545673192242942,-2.229674772681847,50
1.3959481354822758,-2.2865854506004846,50
1.2878280156421178,-2.5134910429771615,50
1.1710566876789896,-2.392119965355281,50
1.145039835283357,-2.4506456546807236,50
1.2088980615426987,-2.3900666670001254,50
1.1750916139122136,-2.446040928606654,50
1.1994937192764266,-2.597735182505295,50
3.1447754917463038,-1.224405921876309,38
-2.736933847929209,1.919698964461925,38
3.041343429080938,-1.5345562195363622,38
3.0573283681381787,-1.555511210199567,38
3.068468575405553,-1.6137996947634612,38
3.1447755003803617,-1.2244058980023906,38
3.0411957610709215,-1.5839584236367479,38
3.041343429081268,-1.534556219535157,38
3.0573283681255075,-1.5555112102467479,38
3.0684685754059413,-1.6137996947621833,38
3.1157705590026774,-1.2340299307862865,38
2.909719137179043,-1.2632641036017629,38
3.033261994487377,-1.2691287512491554,38
3.163888214536019,-1.1612765157505303,38
3.050549670147792,-1.2912632821151946,38
3.1157710754512755,-1.2340286015885318,38
2.909719137524894,-1.2632641026303963,38
3.03326198827619,-1.2691287692416633,38
-2.5354140144511885,2.18025445275931,38
3.0505498851008612,-1.2912626970170955,38
1.3072595841927146,-2.3777733867964788,50
1.468155074488385,-2.517017495862433,50
1.266348302279994,-2.328604602417398,50
1.4580303048618666,-2.253605748120954,50
1.2690456335792193,-2.295443036537983,50
1.4447525787732494,-2.3478886383598874,50
1.239975388862556,-2.240943383527479,50
1.4793134781453665,-2.2913535070638313,50
1.2936825052232812,-2.2674644829742543,50
1.4281126490772407,-2.3773517991143485,50
1.3072595842007313,-2.377773386790922,50
1.4681550740011986,-2.517017496174308,50
1.2663483023014643,-2.328604602401188,50
1.4580303046876308,-2.253605748252713,50
1.2690456335784068,-2.2954430365386096,50
1.4447525784931512,-2.347888638556746,50
1.2399756857233863,-2.240943152129146,50
1.4793130560906866,-2.291354320017524,50
1.2936826185187538,-2.2674642945299444,50
1.4281126079898274,-2.377351824528559,50
